3    0  205    0  158   18   15    0    0    0  140    0  140    0  208   33  152  254  136    3   19    0    7    0   60    0   66    0
3    0  206    0  158   18   17    0    0    0  140    0  140    0  204   31  151  254  136    3   13    0    5    0   55    0   65    0
3    0  211    0  158   18   25    0  255  255  140    0  140    0  248   32  151  254  136    3   10    0    4    0   51    0   64    0
3    0  205    0  158   18    9    0    0    0  140    0  140    0  142   31  152  254  136    3   11    0    4    0   47    0   63    0
3    0  208    0  158   18   13    0    0    0  140    0  140    0  189   35  149  254  135    3    0    0    0    0   44    0   62    0   98   34  214  255   64    3    3    0    0    0  140    0  140    0
3    0  215    0  158   18   25    0  255  255  140    0  140    0  206   32  145  254  134    3  247  255  252  255   42    0   61    0  189   35  214  255   64    3    3    0    0    0  140    0  140    0
3    0  209    0  158   18   10    0    0    0  140    0  140    0  153   34  141  254  132    3  238  255  249  255   40    0   60    0   50   32  214  255   64    3    3    0    0    0  140    0  140    0
3    0  200    0  158   18  248  255    0    0  140    0  140    0   38   36  143  254  133    3  245  255  252  255   37    0   59    0  118   31  215  255   64    3    3    0    0    0  140    0  140    0
3    0  190    0  159   18  230  255    1    0  140    0  140    0   83   31  145  254  133    3  252  255  255  255   34    0   58    0  128   35  215  255   64    3    3    0    0    0  140    0  140    0
3    0  182    0  159   18  218  255    1    0  140    0  140    0  168   36  146  254  134    3    2    0    0    0   33    0   58    0   58   34  215  255   64    3    3    0    0    0  140    0  140    0
3    0  164    0  160   18  187  255    2    0  140    0  140    0  180   34  148  254  135    3    6    0    2    0   32    0   58    0   20   35  215  255   64    3    2    0    0    0  140    0  140    0
3    0  158    0  160   18  183  255    2    0  140    0  140    0  237   37  149  254  135    3    7    0    3    0   31    0   58    0  190   36  215  255   64    3    2    0    0    0  140    0  140    0
3    0  166    0  160   18  208  255    1    0  140    0  140    0   51   36  147  254  135    3    2    0    0    0   30    0   58    0  159   33  215  255   64    3    1    0    0    0  140    0  140    0
3    0  150    0  160   18  183  255    2    0  140    0  140    0  144   33  149  254  135    3    6    0    2    0   29    0   58    0  179   34  214  255   64    3    0    0    0    0  140    0  140    0
3    0  138    0  161   18  168  255    2    0  140    0  140    0   85   33  150  254  136    3    7    0    3    0   49    0   63    0   33   35  214  255   64    3    0    0    0    0  140    0  140    0
3    0  133    0  161   18  167  255    2    0  140    0  140    0    3   33  151  254  136    3    8    0    3    0   66    0   67    0   43   36  214  255   64    3    0    0    0    0  140    0  140    0
3    0  120    0  161   18  153  255    2    0  140    0  140    0   18   33  152  254  136    3    9    0    3    0   80    0   71    0  125   33  214  255   64    3    0    0    0    0  140    0  140    0
3    0  133    0  161   18  191  255    1    0  140    0  140    0  139   36  152  254  136    3    9    0    3    0   93    0   74    0   84   32  214  255   64    3    0    0    0    0  140    0  140    0
3    0  126    0  161   18  185  255    1    0  140    0  140    0  213   30  154  254  137    3   11    0    4    0  100    0   69    0  175   36  214  255   64    3    0    0    0    0  140    0  140    0
3    0  126    0  161   18  193  255    1    0  140    0  140    0  240   32  154  254  137    3   11    0    4    0  106    0   65    0   99   33  214  255   64    3    0    0    0    0  140    0  140    0
3    0  134    0  161   18  215  255    1    0  140    0  140    0  167   32  155  254  137    3   10    0    4    0  112    0   61    0  194   33  214  255   64    3    0    0    0    0  140    0  140    0
3    0  143    0  161   18  238  255    0    0  140    0  140    0   35   35  156  254  138    3   11    0    4    0  116    0   58    0   99   35  214  255   64    3    0    0    0    0  140    0  140    0
3    0  146    0  161   18  244  255    0    0  140    0  140    0  161   34  158  254  139    3   13    0    5    0  120    0   55    0  110   31  214  255   64    3    0    0    0    0  140    0  140    0
3    0  146    0  160   18  248  255    0    0  140    0  140    0   61   36  158  254  139    3   13    0    5    0  128    0   60    0   87   31  214  255   64    3    0    0    0    0  140    0  140    0
3    0  152    0  160   18    2    0    0    0  140    0  140    0   73   34  159  254  139    3   14    0    5    0  135    0   64    0
3    0  132    0  161   18  221  255    1    0  140    0  140    0   54   35  156  254  138    3    6    0    2    0  120    0   63    0
3    0  136    0  161   18  232  255    0    0  140    0  140    0  219   33  154  254  137    3    1    0    0    0  107    0   62    0
3    0  135    0  161   18  233  255    0    0  140    0  140    0  168   30  154  254  137    3    1    0    0    0  112    0   58    0
3    0  122    0  161   18  210  255    1    0  140    0  140    0  131   31  155  254  137    3    2    0    1    0  116    0   55    0
3    0  142    0  161   18  255  255    0    0  140    0  140    0  229   34  156  254  138    3    5    0    2    0  119    0   52    0
3    0  158    0  160   18   29    0    0    0  140    0  140    0  167   35  156  254  138    3    5    0    2    0  122    0   50    0
3    0  174    0  160   18   55    0  255  255  140    0  140    0   53   36  156  254  138    3    3    0    1    0  124    0   61    0
3    0  162    0  160   18   26    0    0    0  140    0  140    0   10   34  150  254  136    3  247  255  253  255  111    0   60    0
3    0  172    0  160   18   43    0  255  255  140    0  140    0  164   33  150  254  135    3  248  255  253  255  100    0   59    0
3    0  167    0  160   18   28    0    0    0  140    0  140    0  145   36  149  254  135    3  248  255  253  255   90    0   58    0
3    0  157    0  160   18    6    0    0    0  140    0  140    0  207   33  149  254  135    3  248  255  253  255   81    0   58    0
3    0  149    0  160   18  246  255    0    0  140    0  140    0   80   35  148  254  135    3  248  255  253  255   94    0   63    0
3    0  152    0  160   18  254  255    0    0  140    0  140    0  204   35  148  254  135    3  249  255  254  255  106    0   67    0
3    0  157    0  160   18    6    0    0    0  140    0  140    0  189   35  149  254  135    3  251  255  254  255  116    0   71    0
3    0  156    0  160   18    3    0    0    0  140    0  140    0   61   34  149  254  135    3  253  255  255  255  125    0   74    0
3    0  161    0  160   18   13    0    0    0  140    0  140    0  224   34  150  254  136    3    0    0    0    0  132    0   77    0
3    0  150    0  160   18  247  255    0    0  140    0  140    0   26   32  151  254  136    3    1    0    0    0  118    0   74    0
3    0  154    0  160   18    0    0    0    0  140    0  140    0    0   34  148  254  135    3  252  255  255  255  106    0   72    0
3    0  154    0  160   18    0    0    0    0  140    0  140    0  161   32  147  254  135    3  251  255  254  255   96    0   70    0
3    0  165    0  160   18   21    0    0    0  140    0  140    0  214   33  148  254  135    3  254  255  255  255   87    0   68    0
3    0  160    0  160   18    9    0    0    0  140    0  140    0  241   31  148  254  135    3  254  255  255  255   99    0   72    0
3    0  164    0  160   18   14    0    0    0  140    0  140    0  173   33  147  254  134    3  251  255  254  255   89    0   70    0
3    0  156    0  160   18  254  255    0    0  140    0  140    0   92   35  147  254  134    3  251  255  254  255   81    0   68    0
3    0  142    0  161   18  228  255    0    0  140    0  140    0  251   32  146  254  134    3  249  255  253  255   74    0   67    0
3    0  165    0  160   18   19    0    0    0  140    0  140    0  151   34  145  254  133    3  248  255  253  255   68    0   66    0
3    0  170    0  160   18   27    0    0    0  140    0  140    0   74   28  146  254  134    3  252  255  255  255   62    0   65    0  197   32  208  255   64    3  255  255    0    0  140    0  140    0
3    0  175    0  159   18   32    0  255  255  140    0  140    0  218   34  146  254  134    3  253  255  255  255   78    0   69    0  227   34  208  255   64    3  255  255    0    0  140    0  140    0
3    0  168    0  160   18   16    0    0    0  140    0  140    0  253   29  146  254  134    3  254  255  255  255   92    0   73    0
3    0  182    0  159   18   39    0  255  255  140    0  140    0   96   33  146  254  134    3  255  255    0    0  104    0   76    0
3    0  182    0  159   18   36    0  255  255  140    0  140    0   98   34  150  254  136    3    8    0    3    0   93    0   73    0
3    0  205    0  158   18   76    0  253  255  140    0  140    0  218   32  150  254  136    3    8    0    3    0  105    0   76    0
3    0  199    0  159   18   56    0  254  255  140    0  140    0  202   34  150  254  136    3    6    0    2    0   94    0   73    0  131   31  207  255   64    3  255  255    0    0  140    0  140    0
3    0  214    0  158   18   78    0  253  255  140    0  140    0  190   34  150  254  135    3    4    0    1    0   84    0   71    0   96   32  207  255   64    3  254  255    0    0  140    0  140    0
3    0  216    0  158   18   72    0  253  255  140    0  140    0  117   32  144  254  133    3  245  255  252  255   76    0   69    0    9   33  207  255   64    3  254  255    0    0  140    0  140    0
3    0  207    0  158   18   47    0  255  255  140    0  140    0  174   34  135  254  130    3  224  255  243  255   69    0   68    0  128   36  207  255   64    3  254  255    0    0  140    0  140    0
3    0  207    0  158   18   42    0  255  255  140    0  140    0    3   33  130  254  127    3  214  255  238  255   63    0   67    0   32   36  207  255   64    3  254  255    0    0  140    0  140    0
3    0  191    0  159   18    5    0    0    0  140    0  140    0  127   32  126  254  126    3  211  255  237  255   58    0   66    0  145   35  207  255   64    3    0    0    0    0  140    0  140    0
3    0  200    0  159   18   22    0    0    0  140    0  140    0  173   33  122  254  124    3  207  255  235  255   54    0   65    0  219   34  207  255   64    3    0    0    0    0  140    0  140    0
3    0  207    0  158   18   33    0  255  255  140    0  140    0  130   33  117  254  122    3  200  255  231  255   51    0   64    0   68   31  207  255   64    3    0    0    0    0  140    0  140    0
3    0  205    0  158   18   26    0  255  255  140    0  140    0  135   32  116  254  121    3  207  255  234  255   48    0   63    0   81   33  207  255   64    3  255  255    0    0  140    0  140    0
3    0  211    0  158   18   35    0  255  255  140    0  140    0  147   29  115  254  121    3  215  255  238  255   45    0   62    0  131   34  207  255   64    3  255  255    0    0  140    0  140    0
3    0  208    0  158   18   24    0  255  255  140    0  140    0   35   35  114  254  120    3  218  255  239  255   56    0   71    0   81   31  207  255   64    3    0    0    0    0  140    0  140    0
3    0  210    0  158   18   24    0  255  255  140    0  140    0   11   35  113  254  120    3  220  255  240  255   66    0   79    0  116   31  207  255   64    3    0    0    0    0  140    0  140    0
3    0  202    0  158   18    8    0    0    0  140    0  140    0  200   33  120  254  123    3  246  255  252  255   60    0   76    0   98   34  207  255   64    3    0    0    0    0  140    0  140    0
3    0  205    0  158   18   11    0    0    0  140    0  140    0  216   33  120  254  123    3  246  255  252  255   70    0   84    0  167   35  208  255   64    3    1    0    0    0  140    0  140    0
3    0  192    0  159   18  243  255    0    0  140    0  140    0   91   34  119  254  123    3  247  255  252  255   78    0   91    0  244   35  209  255   64    3    3    0    0    0  140    0  140    0
3    0  189    0  159   18  240  255    0    0  140    0  140    0  140   35  121  254  123    3  252  255  254  255   85    0   97    0  190   31  210  255   64    3    4    0    0    0  140    0  140    0
3    0  170    0  160   18  206  255    1    0  140    0  140    0  134   30  128  254  127    3   14    0    6    0   77    0   92    0   18   33  211  255   64    3    5    0    0    0  140    0  140    0
3    0  171    0  160   18  213  255    1    0  140    0  140    0   43   35  123  254  125    3    0    0    0    0   72    0   88    0  175   34  212  255   64    3    7    0    0    0  140    0  140    0
3    0  176    0  160   18  227  255    1    0  140    0  140    0  226   36  121  254  124    3  251  255  254  255   63    0   83    0  175   28  211  255   64    3    5    0    0    0  140    0  140    0
3    0  169    0  160   18  219  255    1    0  140    0  140    0    8   34  119  254  123    3  245  255  252  255   59    0   80    0   21   33  211  255   64    3    4    0    0    0  140    0  140    0
3    0  157    0  160   18  199  255    1    0  140    0  140    0   64   35  125  254  125    3    8    0    3    0   53    0   77    0  211   33  212  255   64    3    5    0    0    0  140    0  140    0
3    0  149    0  160   18  191  255    2    0  140    0  140    0  245   28  123  254  125    3    1    0    0    0   47    0   74    0   78   36  213  255   64    3    7    0    0    0  140    0  140    0
3    0  146    0  161   18  192  255    1    0  140    0  140    0   13   33  121  254  124    3  251  255  254  255   44    0   72    0   73   31  214  255   64    3    8    0    0    0  140    0  140    0
3    0  140    0  161   18  188  255    2    0  140    0  140    0  152   34  124  254  125    3    5    0    2    0   39    0   69    0   54   32  215  255   64    3    8    0    0    0  140    0  140    0
3    0  144    0  161   18  204  255    1    0  140    0  140    0   35   35  118  254  122    3  243  255  250  255   38    0   68    0   35   35  215  255   64    3    8    0    0    0  140    0  140    0
3    0  167    0  160   18  254  255    0    0  140    0  140    0  185   36  121  254  124    3  253  255  255  255   35    0   66    0  247   33  215  255   64    3    7    0    0    0  140    0  140    0
3    0  167    0  160   18  254  255    0    0  140    0  140    0  195   32  123  254  124    3    2    0    1    0   48    0   75    0  137   36  216  255   65    3    8    0    0    0  140    0  140    0
3    0  147    0  160   18  217  255    1    0  140    0  140    0   13   32  115  254  121    3  235  255  247  255   44    0   73    0  233   35  217  255   65    3    8    0    0    0  140    0  140    0
3    0  143    0  161   18  213  255    1    0  140    0  140    0  142   32  113  254  120    3  235  255  247  255   44    0   73    0   48   33  217  255   65    3    7    0    0    0  140    0  140    0
3    0  140    0  161   18  213  255    1    0  140    0  140    0  246   34  111  254  119    3  233  255  246  255   56    0   81    0  174   34  216  255   65    3    5    0    0    0  140    0  140    0
3    0  153    0  160   18  242  255    0    0  140    0  140    0   58   33  111  254  119    3  237  255  248  255   66    0   88    0   43   33  217  255   65    3    5    0    0    0  140    0  140    0
3    0  154    0  160   18  245  255    0    0  140    0  140    0   35   34  114  254  120    3  246  255  252  255   63    0   85    0   34   28  218  255   65    3    6    0    0    0  140    0  140    0
3    0  182    0  159   18   39    0  255  255  140    0  140    0  122   32  114  254  121    3  248  255  253  255   72    0   91    0  218   34  218  255   65    3    6    0    0    0  140    0  140    0
3    0  178    0  160   18   29    0  255  255  140    0  140    0  125   35  114  254  120    3  248  255  253  255   88    0   93    0    3   30  218  255   65    3    6    0    0    0  140    0  140    0
3    0  184    0  159   18   35    0  255  255  140    0  140    0  217   32  117  254  122    3    0    0    0    0   94    0   98    0  176   31  218  255   65    3    6    0    0    0  140    0  140    0
3    0  181    0  159   18   26    0  255  255  140    0  140    0  237   32  116  254  121    3  254  255  255  255   87    0   94    0   57   32  219  255   65    3    6    0    0    0  140    0  140    0
3    0  181    0  159   18   22    0    0    0  140    0  140    0  155   33  117  254  122    3    0    0    0    0   76    0   88    0  124   33  218  255   65    3    4    0    0    0  140    0  140    0
3    0  203    0  159   18   62    0  254  255  140    0  140    0  172   31  117  254  122    3    1    0    0    0   91    0   90    0  201   34  219  255   65    3    4    0    0    0  140    0  140    0
3    0  215    0  158   18   77    0  253  255  140    0  140    0  131   30  124  254  125    3   17    0    7    0   82    0   86    0   97   35  217  255   65    3    1    0    0    0  140    0  140    0
3    0  208    0  158   18   56    0  254  255  140    0  140    0  107   34  127  254  126    3   22    0    9    0   89    0   92    0  121   32  218  255   65    3    2    0    0    0  140    0  140    0
3    0  228    0  157   18   88    0  252  255  140    0  140    0   89   33  128  254  127    3   21    0    9    0   79    0   87    0  180   35  217  255   65    3    0    0    0    0  140    0  140    0
3    0  231    0  157   18   83    0  252  255  140    0  140    0  156   30  130  254  127    3   21    0    9    0   79    0   87    0  102   31  216  255   65    3    0    0    0    0  140    0  140    0  150   35  250  253   50   27  210  255  253  255  140    0  140    0
3    0  242    0  157   18   94    0  252  255  140    0  140    0   99   35  130  254  127    3   18    0    8    0   69    0   82    0    5   32  216  255   65    3  255  255    0    0  140    0  140    0  251   36  247  253   50   27  210  255  253  255  140    0  140    0
3    0  227    0  157   18   54    0  254  255  140    0  140    0  128   33  132  254  128    3   21    0    9    0   77    0   89    0  151   34  216  255   65    3    0    0    0    0  140    0  140    0
3    0  225    0  158   18   45    0  254  255  140    0  140    0  245   27  132  254  128    3   18    0    7    0   84    0   95    0  252   34  215  255   64    3  254  255    0    0  140    0  140    0   67   36    8  254   55   27  248  255    0    0  140    0  140    0
3    0  219    0  158   18   27    0  255  255  140    0  140    0  242   33  131  254  128    3   13    0    5    0   91    0  100    0  172   34  214  255   64    3  252  255    0    0  140    0  140    0   95   36    8  254   55   27  248  255    0    0  140    0  140    0
3    0  227    0  157   18   40    0  255  255  140    0  140    0  155   32  130  254  127    3    7    0    3    0   82    0   92    0  234   33  214  255   64    3  253  255    0    0  140    0  140    0   34   34   20  254   55   27   12    0    0    0  140    0  140    0
3    0  211    0  158   18    4    0    0    0  140    0  140    0   96   34  124  254  125    3  247  255  253  255   74    0   88    0  141   34  214  255   64    3  252  255    0    0  140    0  140    0   42   34   21  254   55   27   12    0    0    0  140    0  140    0
3    0  194    0  159   18  229  255    1    0  140    0  140    0  129   31  122  254  124    3  245  255  252  255   82    0   94    0   69   36  212  255   64    3  250  255    0    0  140    0  140    0  104   32   22  254   55   27   12    0    0    0  140    0  140    0
3    0  195    0  159   18  234  255    0    0  140    0  140    0  196   32  133  254  129    3   20    0    9    0   73    0   87    0  152   32  212  255   64    3  250  255    0    0  140    0  140    0  210   35   41  254   55   27   41    0    2    0  140    0  140    0
3    0  182    0  160   18  210  255    1    0  140    0  140    0  169   33  143  254  133    3   44    0   18    0   66    0   81    0   80   32  212  255   64    3  251  255    0    0  140    0  140    0   23   35    7  254   52   27  241  255    0    0  140    0  140    0
3    0  173    0  160   18  198  255    2    0  140    0  140    0   80   36  138  254  131    3   20    0    8    0   58    0   76    0  112   35  211  255   64    3  250  255    0    0  140    0  140    0   91   30    6  254   52   27  241  255    0    0  140    0  140    0
3    0  169    0  160   18  198  255    2    0  140    0  140    0  158   32  139  254  131    3   21    0    8    0   80    0   75    0   77   34  211  255   64    3  250  255    0    0  140    0  140    0  107   34    5  254   52   27  241  255    0    0  140    0  140    0
3    0  165    0  160   18  197  255    2    0  140    0  140    0  229   33  140  254  132    3   21    0    8    0   80    0   75    0   24   31  209  255   64    3  248  255    0    0  151    0  130    0  164   34  249  253   50   27  223  255  254  255  140    0  140    0
3    0  141    0  161   18  160  255    3    0  140    0  140    0   42   32  140  254  131    3   15    0    6    0   76    0   69    0   49   32  206  255   64    3  242  255    0    0  149    0  131    0  140   31  247  253   50   27  223  255  254  255  140    0  140    0
3    0  142    0  161   18  171  255    2    0  140    0  140    0  127   31  127  254  126    3  234  255  247  255   68    0   66    0   16   33  206  255   64    3  244  255    0    0  147    0  132    0   96   35  245  253   50   27  223  255  254  255  140    0  140    0
3    0  129    0  161   18  157  255    2    0  140    0  140    0  244   33  111  254  119    3  191  255  228  255   60    0   63    0   56   33  205  255   64    3  245  255    0    0  146    0  133    0  211   31  226  253   52   27  198  255  252  255  140    0  140    0
3    0  118    0  162   18  147  255    2    0  140    0  140    0   79   34  108  254  118    3  195  255  228  255   53    0   62    0  216   31  201  255   64    3  239  255  255  255  145    0  133    0  208   36  200  253   49   27  163  255  249  255  140    0  140    0
3    0  131    0  161   18  184  255    2    0  140    0  140    0   23   35  115  254  121    3  227  255  244  255   49    0   59    0  137   29  202  255   64    3  242  255    0    0  144    0  133    0  253   35  195  253   49   27  163  255  249  255  140    0  140    0
3    0  135    0  161   18  200  255    1    0  140    0  140    0  176   33  113  254  120    3  227  255  243  255   46    0   56    0  116   33  200  255   64    3  240  255  255  255  143    0  133    0  153   32  189  253   48   27  163  255  249  255  140    0  140    0
3    0  129    0  161   18  195  255    1    0  140    0  140    0  130   30  115  254  121    3  239  255  249  255   42    0   54    0  252   31  200  255   64    3  241  255  255  255  142    0  133    0  142   36  183  253   48   27  163  255  249  255  140    0  140    0
3    0  127    0  161   18  198  255    1    0  140    0  140    0   29   33  114  254  120    3  238  255  248  255   54    0   64    0   60   28  200  255   64    3  243  255    0    0  141    0  133    0  129   33    1  254   53   27   26    0    3    0  140    0  140    0
3    0  110    0  162   18  172  255    2    0  140    0  140    0   88   32  113  254  120    3  238  255  248  255   54    0   64    0   70   34  199  255   64    3  244  255    0    0  140    0  133    0  127   35   25  254   54   27   60    0    4    0  140    0  140    0
3    0  113    0  162   18  187  255    1    0  140    0  140    0   43   35  110  254  119    3  234  255  246  255   64    0   73    0  201   34  198  255   63    3  243  255    0    0  140    0  133    0  202   32   29  254   54   27   60    0    4    0  140    0  140    0
3    0  115    0  162   18  199  255    1    0  140    0  140    0  125   33  109  254  118    3  234  255  246  255   64    0   73    0  126   34  198  255   64    3  245  255    0    0  140    0  133    0    5   33   32  254   54   27   60    0    4    0  140    0  140    0
3    0  121    0  161   18  218  255    1    0  140    0  140    0  134   33  108  254  118    3  234  255  246  255   64    0   73    0   77   31  198  255   63    3  246  255    0    0  148    0  126    0  171   34   36  254   54   27   60    0    4    0  140    0  140    0
3    0  119    0  161   18  218  255    1    0  140    0  140    0  254   33  115  254  125    3    0    0    1    0   73    0   81    0   13   36  198  255   63    3  247  255    0    0  147    0  127    0  200   33   39  254   55   27   60    0    4    0  140    0  140    0
3    0  147    0  161   18   18    0    0    0  140    0  140    0   51   35  115  254  125    3    0    0    1    0   73    0   81    0   22   36  197  255   63    3  247  255    0    0  146    0  128    0
3    0  166    0  160   18   51    0  255  255  140    0  140    0  235   33  115  254  125    3    0    0    1    0   73    0   81    0  135   36  200  255   64    3  253  255    0    0  140    0  118    0
3    0  157    0  161   18   30    0    0    0  140    0  140    0   40   31  115  254  125    3    0    0    1    0   73    0   81    0  186   36  195  255   63    3  243  255    0    0  133    0  110    0
3    0  166    0  160   18   42    0  255  255  140    0  140    0   70   34  115  254  125    3    0    0    1    0   73    0   81    0  225   35  194  255   63    3  243  255  255  255  133    0  113    0
3    0  148    0  161   18    5    0    0    0  140    0  140    0  227   31  115  254  125    3    0    0    1    0   73    0   81    0  237   35  191  255   63    3  238  255  255  255  133    0  116    0
3    0  129    0  161   18  226  255    1    0  140    0  140    0  145   33  115  254  125    3    0    0    1    0   73    0   81    0   26   33  187  255   63    3  232  255  254  255  133    0  119    0
3    0  133    0  161   18  236  255    0    0  140    0  140    0   44   35  115  254  125    3    0    0    1    0   73    0   81    0  210   33  188  255   63    3  237  255  255  255  133    0  121    0
3    0  112    0  162   18  198  255    1    0  140    0  140    0  151   34  115  254  125    3    0    0    1    0   73    0   81    0   97   34  185  255   62    3  234  255  255  255  133    0  123    0
3    0  117    0  162   18  216  255    1    0  140    0  140    0   94   34  115  254  125    3    0    0    1    0   73    0   81    0  221   32  186  255   63    3  238  255  255  255  133    0  125    0
3    0  135    0  161   18  254  255    0    0  140    0  140    0  101   31  116  254  125    3    0    0    1    0   73    0   81    0  171   31  183  255   62    3  236  255  255  255  133    0  126    0
3    0  132    0  161   18  249  255    0    0  140    0  140    0   24   33  185  255   62    3  241  255  255  255  133    0  127    0
3    0  140    0  161   18    8    0    0    0  140    0  140    0  195   32  182  255   62    3  237  255  255  255  133    0  128    0
3    0  140    0  161   18    6    0    0    0  140    0  140    0  207   33  181  255   62    3  237  255  255  255  133    0  128    0
3    0  157    0  160   18   39    0  255  255  140    0  140    0   42   36  180  255   62    3  237  255  255  255  133    0  128    0
3    0  163    0  160   18   46    0  255  255  140    0  140    0   41   29  178  255   62    3  237  255  255  255  133    0  128    0  201   31  242    0  123   20  249  255    0    0  131    0  130    0
3    0  170    0  160   18   53    0  255  255  140    0  140    0   19   33  177  255   62    3  237  255  255  255  133    0  128    0   10   36  242    0  123   20  249  255    0    0  131    0  130    0
3    0  170    0  160   18   47    0  255  255  140    0  140    0  218   35  176  255   62    3  237  255  255  255  133    0  128    0
3    0  159    0  160   18   22    0    0    0  140    0  140    0   55   36  175  255   62    3  237  255  255  255  133    0  128    0
3    0  161    0  160   18   22    0    0    0  140    0  140    0   14   33  174  255   61    3  237  255  255  255  133    0  128    0
3    0  162    0  160   18   22    0    0    0  140    0  140    0  208   32  173  255   61    3  237  255  255  255  133    0  128    0    1   34  210    0  115   20  202  255    2    0  133    0  132    0
3    0  164    0  160   18   22    0    0    0  140    0  140    0   64   34  171  255   61    3  237  255  255  255  133    0  128    0   73   34  195    0  105   20  183  255    2    0  126    0  123    0
3    0  165    0  160   18   22    0    0    0  140    0  140    0   21   34  170  255   61    3  237  255  255  255  133    0  128    0  115   34  171    0  102   20  149  255    3    0  122    0  115    0
3    0  166    0  160   18   22    0    0    0  140    0  140    0  210   34  163    0  100   20  147  255    3    0  124    0  118    0
3    0  168    0  160   18   22    0    0    0  140    0  140    0  208   32  140    0   99   20  114  255    3    0  126    0  120    0
3    0  169    0  160   18   22    0    0    0  140    0  140    0    7   36  126    0   98   20  103  255    3    0  127    0  122    0   75   34    1  255   86    1   24    0   17    0  140    0  140    0  207   36  140  252   91    4  194  255  207  255  140    0  140    0
3    0  170    0  160   18   22    0    0    0  140    0  140    0   58   34  122    0   96   20  114  255    3    0  128    0  124    0  228   31   11  255   77    1   25    0   18    0  140    0  140    0  182   34  136  252   88    4  194  255  207  255  140    0  140    0
3    0  172    0  160   18   22    0    0    0  140    0  140    0  191   32  139  252   87    4  204  255  214  255  140    0  140    0   68   34  113    0   96   20  114  255    3    0  128    0  124    0   15   33   12  255   78    1   25    0   18    0  140    0  140    0
3    0  173    0  160   18   22    0    0    0  140    0  140    0  191   34  145  252   89    4  221  255  229  255  140    0  140    0   26   34  105    0   97   20  114  255    3    0  128    0  124    0   96   32   14  255   79    1   25    0   18    0  140    0  140    0
26    0   22  255   70    1   26    0   17    0  140    0  140    0  105   34  146  252   88    4  225  255  232  255  140    0  140    0   72   35   96    0   97   20  114  255    3    0  128    0  124    0
26    0   33  255   64    1   31    0   21    0  140    0  140    0  129   32  145  252   87    4  225  255  232  255  140    0  140    0  254   31   88    0   97   20  114  255    3    0  128    0  124    0
26    0   40  255   58    1   32    0   22    0  140    0  140    0   75   34  149  252   88    4  235  255  239  255  140    0  140    0  167   32   79    0   97   20  114  255    3    0  128    0  124    0
26    0   48  255   53    1   35    0   24    0  140    0  140    0  198   32  153  252   90    4  244  255  247  255  140    0  140    0  202   35   71    0   97   20  114  255    3    0  128    0  124    0
26    0   46  255   67    1   38    0   25    0  140    0  140    0  243   32  147  252   83    4  232  255  237  255  140    0  140    0  238   30   62    0   98   20  114  255    3    0  128    0  124    0
26    0   49  255   68    1   38    0   25    0  140    0  140    0  164   31  143  252   78    4  227  255  233  255  140    0  140    0
26    0   51  255   61    1   33    0   20    0  140    0  140    0   82   32  141  252   77    4  227  255  233  255  140    0  140    0
26    0   55  255   55    1   30    0   19    0  140    0  140    0  251   33  139  252   76    4  227  255  233  255  140    0  140    0
26    0   57  255   56    1   30    0   19    0  140    0  140    0  174   33  137  252   74    4  227  255  233  255  140    0  140    0
26    0   60  255   50    1   28    0   17    0  140    0  140    0    5   35  135  252   73    4  227  255  233  255  140    0  140    0
26    0   62  255   51    1   28    0   17    0  140    0  140    0  197   35  134  252   71    4  227  255  233  255  140    0  140    0
26    0   67  255   47    1   29    0   18    0  140    0  140    0  114   30  132  252   70    4  227  255  233  255  140    0  140    0
26    0   69  255   42    1   26    0   16    0  140    0  140    0  166   34  130  252   68    4  227  255  233  255  140    0  140    0
26    0   72  255   38    1   25    0   15    0  140    0  140    0    1   34  128  252   67    4  227  255  233  255  140    0  140    0
26    0   74  255   34    1   22    0   14    0  140    0  140    0
26    0   75  255   35    1   22    0   14    0  140    0  140    0    7   34   47    0  118    1   94    0  111    0  140    0  140    0
26    0   77  255   31    1   20    0   12    0  140    0  140    0  137   33   53    0  124    1   94    0  111    0  140    0  140    0
26    0   78  255   27    1   17    0   10    0  140    0  140    0
26    0   79  255   24    1   14    0    9    0  140    0  140    0   33   33   71    0  135    1  102    0   49    0  140    0  140    0
26    0   80  255   24    1   14    0    9    0  140    0  140    0  111   33   77    0  138    1  102    0   49    0  140    0  140    0
26    0   81  255   21    1   11    0    7    0  140    0  140    0  221   33  132  252  152    4    1    0    1    0  140    0  140    0
26    0   82  255   21    1   11    0    7    0  140    0  140    0   74   34   94    0  147    1  112    0  103    0  140    0  140    0  186   34  132  252  152    4    1    0    1    0  140    0  140    0
26    0   83  255   18    1   10    0    6    0  140    0  140    0  236   35  100    0  153    1  112    0  103    0  140    0  140    0
26    0   87  255   17    1   12    0    7    0  140    0  140    0  231   34  104    0  156    1  104    0   43    0  140    0  140    0
26    0   90  255   15    1   14    0    8    0  140    0  140    0  241   30  108    0  157    1  100    0   40    0  140    0  140    0
26    0   89  255   12    1    9    0    6    0  140    0  140    0   62   32  111    0  159    1   96    0   40    0  140    0  140    0
26    0   90  255   12    1    9    0    6    0  140    0  140    0  212   31  117    0  161    1   96    0   40    0  140    0  140    0
26    0   92  255   11    1   10    0    6    0  140    0  140    0  114   35  123    0  164    1   96    0   40    0  140    0  140    0
26    0   93  255    9    1    8    0    5    0  140    0  140    0  212   33  128    0  168    1   95    0   38    0  140    0  140    0
26    0   92  255    6    1    5    0    3    0  140    0  140    0   42   34  139    0  169    1  103    0   33    0  140    0  140    0
26    0   92  255    3    1    2    0    1    0  140    0  140    0  177   32  145    0  172    1  103    0   32    0  140    0  140    0
26    0   95  255    3    1    5    0    3    0  140    0  140    0   85   33  151    0  174    1  103    0   32    0  140    0  140    0
26    0   95  255    3    1    5    0    3    0  140    0  140    0   65   33  158    0  176    1  103    0   32    0  140    0  140    0
26    0   72  255   21    1  237  255   60    0  140    0  140    0  217   36  164    0  178    1  103    0   32    0  140    0  140    0
26    0   71  255   24    1  237  255   60    0  140    0  140    0   88   34  170    0  180    1  103    0   32    0  140    0  140    0
26    0   54  255   46    1  227  255   59    0  140    0  140    0  217   34  176    0  182    1  103    0   32    0  140    0  140    0
26    0   52  255   49    1  227  255   59    0  140    0  140    0   55   33  172    0  185    1   87    0   34    0  140    0  140    0
26    0   50  255   53    1  227  255   59    0  140    0  140    0  207   34  177    0  187    1   87    0   34    0  140    0  140    0
26    0   48  255   56    1  227  255   59    0  140    0  140    0   65   31  183    0  189    1   87    0   34    0  140    0  140    0
26    0   47  255   60    1  227  255   59    0  140    0  140    0   63   31  188    0  191    1   87    0   34    0  140    0  140    0
26    0   45  255   64    1  227  255   59    0  140    0  140    0
26    0   43  255   67    1  227  255   59    0  140    0  140    0   91   36  177    0  199    1   60    0   45    0  140    0  140    0
26    0   41  255   71    1  227  255   59    0  140    0  140    0   67   34  181    0  201    1   60    0   45    0  140    0  140    0
26    0   39  255   74    1  227  255   59    0  140    0  140    0   13   34  186    0  200    1   68    0  106    0  140    0  140    0
26    0   41  255   59    1  226  255   54    0  140    0  140    0   18   36  190    0  206    1   68    0  106    0  140    0  140    0
26    0   39  255   62    1  226  255   54    0  140    0  140    0   41   37  191    0  212    1   59    0   48    0  140    0  140    0
26    0   37  255   65    1  226  255   54    0  140    0  140    0    2   35  195    0  215    1   59    0   48    0  140    0  140    0
26    0   35  255   68    1  226  255   54    0  140    0  140    0   71   33  195    0  218    1   54    0   47    0  140    0  140    0
26    0   34  255   72    1  226  255   54    0  140    0  140    0   66   32  198    0  221    1   54    0   47    0  140    0  140    0
26    0   32  255   75    1  226  255   54    0  140    0  140    0  188   33  195    0  225    1   45    0   50    0  140    0  140    0
26    0   30  255   78    1  226  255   54    0  140    0  140    0  164   33  198    0  228    1   45    0   50    0  140    0  140    0
26    0   28  255   81    1  226  255   54    0  140    0  140    0  193   30  199    0  234    1   42    0   52    0  140    0  140    0
26    0   26  255   85    1  226  255   54    0  140    0  140    0  157   31  199    0  236    1   38    0   53    0  140    0  140    0
26    0   24  255   88    1  226  255   54    0  140    0  140    0   21   31  201    0  239    1   38    0   53    0  140    0  140    0
26    0   23  255   91    1  226  255   54    0  140    0  140    0   87   36  203    0  242    1   38    0   53    0  140    0  140    0
26    0  215    0  238    1   54    0   46    0  140    0  140    0
31    0  218    0  240    1   54    0   46    0  140    0  140    0
31    0  221    0  243    1   54    0   46    0  140    0  140    0
31    0  224    0  246    1   54    0   46    0  140    0  140    0
31    0  228    0  249    1   54    0   46    0  140    0  140    0
31    0  231    0  251    1   54    0   46    0  140    0  140    0
31    0  234    0  254    1   54    0   46    0  140    0  140    0
31    0  237    0    1    2   54    0   46    0  140    0  140    0
31    0   96  255  137    1  224  255   55    0  135    0  133    0
31    0   95  255  139    1  224  255   55    0  135    0  133    0
31    0   93  255  142    1  224  255   55    0  135    0  133    0
31    0   95  255  145    1  230  255   58    0  135    0  133    0
42    0   94  255  149    1  230  255   58    0  135    0  133    0
42    0   57  255  178    1  196  255  239  255  135    0  133    0
42    0   54  255  177    1  196  255  239  255  135    0  133    0
42    0   50  255  176    1  196  255  239  255  135    0  133    0
42    0   47  255  175    1  196  255  239  255  135    0  133    0
42    0   43  255  174    1  196  255  239  255  135    0  133    0
42    0  229  254  221    1  123  255  194  255  135    0  133    0
42    0  221  254  217    1  123  255  194  255  135    0  133    0
56    0  165  255  230    1   28    0   70    0  133    0  133    0
56    0  163  255  234    1   21    0   69    0  133    0  133    0
56    0  164  255  238    1   21    0   69    0  133    0  133    0
56    0  173  255  243    1   36    0   71    0  133    0  133    0
56    0  175  255  248    1   36    0   71    0  133    0  133    0
56    0  177  255  251    1   35    0   70    0  133    0  133    0   17   33  129  254  136    3   42    0   18    0  133    0  133    0
56    0  179  255  255    1   35    0   70    0  133    0  133    0  180   32  132  254  137    3   42    0   18    0  133    0  133    0
56    0  182  255    3    2   36    0   69    0  133    0  133    0  118   28    6    0   26   20   82  255    0    0  140    0  140    0
56    0  184  255    7    2   36    0   69    0  133    0  133    0   90   34  253  255   26   20   82  255    0    0  140    0  140    0   42   34  137  254  135    3   40    0   16    0  133    0  133    0
56    0  199  255   11    2   57    0   71    0  133    0  133    0  176   34  140  254  136    3   40    0   16    0  133    0  133    0
56    0  200  255   13    2   52    0   70    0  133    0  133    0  132   33  177  255   26   20  235  254  253  255  140    0  140    0
56    0  207  255   16    2   58    0   69    0  133    0  133    0   87   31  161  255   26   20  235  254  253  255  140    0  140    0
56    0  210  255   20    2   58    0   69    0  133    0  133    0  209   33  159  255   26   20    7  255  252  255  140    0  140    0
56    0  214  255   24    2   58    0   69    0  133    0  133    0   56   31  154  255   26   20   24  255  252  255  140    0  140    0
56    0  213  255   29    2   51    0   68    0  133    0  133    0   53   36  140  255   25   20   24  255  252  255  140    0  140    0   96   35  203  254  176    3  118    0   41    0  122    0  125    0
56    0  217  255   33    2   51    0   68    0  133    0  133    0  164   30  126  255   25   20   24  255  252  255  140    0  140    0   24   34  210  254  179    3  118    0   41    0  122    0  125    0
56    0  220  255   37    2   51    0   68    0  133    0  133    0  237   30  184  255   26   20  144  255    0    0  140    0  140    0
56    0  223  255   41    2   51    0   68    0  133    0  133    0   26   35  178  255   26   20  144  255    0    0  140    0  140    0
56    0  226  255   45    2   51    0   68    0  133    0  133    0    8   34  171  255   26   20  144  255    0    0  140    0  140    0
56    0  229  255   49    2   51    0   68    0  133    0  133    0   83   34  164  255   26   20  144  255    0    0  140    0  140    0
56    0  232  255   53    2   51    0   68    0  133    0  133    0   44   36  142  255   25   20  121  255  254  255  140    0  140    0
56    0  235  255   58    2   51    0   68    0  133    0  133    0  167   31  134  255   25   20  121  255  254  255  140    0  140    0
56    0  238  255   62    2   51    0   68    0  133    0  133    0   85   35  126  255   25   20  121  255  254  255  140    0  140    0
56    0  244  255   47    2   55    0    1    0  133    0  133    0  227   36   93  255   24   20   86  255  251  255  140    0  140    0
56    0  251  255   46    2   59    0    0    0  133    0  133    0  147   33   83  255   24   20   86  255  251  255  140    0  140    0
56    0  255  255   46    2   59    0    0    0  133    0  133    0   71   35   73  255   23   20   86  255  251  255  140    0  140    0
56    0    1    0   46    2   59    0    0    0  133    0  133    0   46   35  117  254  117    3   46    0   21    0  140    0  140    0
56    0   12    0   36    2   69    0  255  255  133    0  133    0  119   32  120  254  118    3   46    0   21    0  140    0  140    0
56    0   16    0   36    2   69    0  255  255  133    0  133    0
56    0   20    0   36    2   69    0  255  255  133    0  133    0  142   31  126  254  122    3   47    0   20    0  140    0  140    0
56    0   41    0   28    2   91    0  250  255  133    0  133    0  250   36  129  254  123    3   47    0   20    0  140    0  140    0
56    0   43    0   22    2   87    0  249  255  133    0  133    0
56    0   42    0   18    2   78    0  250  255  133    0  133    0
56    0   46    0   15    2   77    0  250  255  133    0  133    0
56    0   50    0   12    2   76    0  249  255  133    0  133    0   26   35  119  254  109    3   14    0    6    0  140    0  140    0
56    0   52    0   10    2   71    0  249  255  133    0  133    0  190   33  120  254  109    3   14    0    6    0  140    0  140    0
56    0   56    0   10    2   71    0  249  255  133    0  133    0
56    0   59    0    8    2   68    0  249  255  133    0  133    0  186   35   77  254   79    3  200  255  231  255  128    0  131    0
56    0   62    0    6    2   69    0   49    0  133    0  133    0  119   30   74  254   77    3  200  255  231  255  128    0  131    0
56    0   68    0    7    2   72    0   54    0  133    0  133    0
56    0   74    0    9    2   76    0   53    0  133    0  133    0
56    0   80    0   10    2   78    0   52    0  133    0  133    0
56    0   84    0   11    2   78    0   52    0  133    0  133    0
56    0  104    0   17    2   64    0  248  255  133    0  133    0
56    0   97    0    6    2   52    0   51    0  119    0  122    0
56    0  102    0   10    2   54    0   54    0  121    0  124    0
56    0  105    0   12    2   54    0   54    0  123    0  126    0
56    0  109    0   13    2   57    0   53    0  125    0  127    0  243   33   82  254   88    3  230  255  245  255  130    0  119    0
56    0  112    0   16    2   52    0  252  255  135    0  123    0   48   35   80  254   87    3  230  255  245  255  130    0  119    0
56    0  111    0   18    2   46    0   49    0  135    0  125    0
56    0  114    0   21    2   46    0   49    0  135    0  125    0
56    0  120    0   21    2   51    0  249  255  135    0  126    0
56    0  128    0   20    2   60    0  243  255  135    0  127    0   54   35   86  254   72    3  239  255  247  255  116    0  113    0  242   32  104  249   47   36  205  255  248  255  133    0  133    0
56    0  131    0   19    2   60    0  243  255  135    0  127    0  164   30   85  254   72    3  239  255  247  255  116    0  113    0  191   32  101  249   47   36  205  255  248  255  133    0  133    0
56    0  141    0   17    2   71    0  238  255  135    0  128    0
56    0  151    0   15    2   81    0  233  255  135    0  129    0  249   31  162  248   20   36  162  254  192  255  133    0  133    0
56    0  157    0   13    2   83    0  232  255  135    0  130    0  162   35  132  248   17   36  149  254  182  255  133    0  133    0  208   34  247  249   43   25  160  254  173  255  133    0  136    0
56    0  162    0   12    2   83    0  232  255  135    0  130    0   45   33   97  248   17   36  129  254  176  255  133    0  133    0   19   31  226  249   38   25  160  254  173  255  133    0  136    0
56    0  176    0    8    2   99    0  223  255  135    0  131    0  206   31  176  254  251   19   81    0    6    0  140    0  140    0  224   34   49  248   12   36   91  254  165  255  133    0  133    0
56    0  182    0    6    2   99    0  223  255  135    0  131    0  238   29  181  254  251   19   81    0    6    0  140    0  140    0  137   31   24  248    7   36   91  254  165  255  133    0  133    0
56    0  194    0    2    2  108    0  216  255  135    0  132    0    4   32   74  248   22   36  219  254  195  255  133    0  133    0
56    0  198    0    0    2  104    0  216  255  135    0  133    0   11   33   56  248   18   36  219  254  195  255  133    0  133    0  236   33  150  254  241   19    3    0    0    0  140    0  140    0   50   32   46  254   65    3  205  255  228  255  123    0  121    0   11   36  164  254   74   18  112    0   11    0  133    0  133    0
56    0  205    0  254    1  106    0  214  255  135    0  133    0  169   30   38  248   15   36  219  254  195  255  133    0  133    0  242   31  150  254  241   19    3    0    0    0  140    0  140    0   56   31   40  254   67    3  203  255  227  255  125    0  123    0   45   33  198  254   76   18  163    0   11    0  133    0  133    0
56    0  212    0  251    1  106    0  214  255  135    0  133    0  243   36  109  248   31   36  110  255  228  255  133    0  133    0  120   32  130  254  238   19  223  255  254  255  140    0  140    0  131   35  208  254   76   18  163    0   11    0  133    0  133    0  231   31   44  254   67    3  213  255  232  255  126    0  125    0
56    0  217    0  249    1  105    0  211  255  135    0  133    0   43   34  100  248   30   36  110  255  228  255  133    0  133    0  194   31   95  254  231   19  166  255  249  255  132    0  129    0  215   34  199  254   74   18  130    0    8    0  133    0  133    0   42   36   41  254   65    3  213  255  232  255  126    0  125    0
56    0  223    0  246    1  104    0  210  255  135    0  133    0   63   35   92  248   28   36  110  255  228  255  133    0  133    0  237   31   90  254  231   19  166  255  249  255  132    0  129    0   71   36  222  254   75   18  157    0    9    0  133    0  133    0  216   25   53  254   73    3  238  255  247  255  127    0  126    0
56    0  231    0  243    1  106    0  207  255  135    0  133    0  202   32  125  248   36   36  177  255  240  255  133    0  133    0  208   32   85  254  230   19  166  255  249  255  132    0  129    0   21   34  232  254   75   18  157    0    9    0  133    0  133    0   18   36   52  254   73    3  238  255  247  255  127    0  126    0
56    0  237    0  240    1  105    0  206  255  135    0  133    0  207   36  120  248   35   36  177  255  240  255  133    0  133    0   72   32   66  254    9   20  146  255  250  255  116    0  118    0   95   36  241  254   76   18  157    0    9    0  133    0  133    0   78   35   51  254   72    3  238  255  247  255  127    0  126    0
56    0  244    0  237    1  105    0  204  255  135    0  133    0  153   33  115  248   34   36  177  255  240  255  133    0  133    0  166   34   59  254    9   20  146  255  250  255  116    0  118    0   36   35  205  254   72   18   78    0    5    0  133    0  133    0  144   36   50  254   71    3  238  255  247  255  127    0  126    0
56    0  252    0  233    1  109    0  200  255  135    0  133    0  182   32  238  248   67   36  106    0   24    0  133    0  133    0   28   35   15  254  245   19   68  255  238  255  104    0  109    0  185   35  210  254   72   18   78    0    5    0  133    0  133    0   69   35   49  254   71    3  238  255  247  255  127    0  126    0  136    0  254  249   11   34  150  255  238  255  140    0  140    0
56    0    3    1  230    1  109    0  200  255  135    0  133    0   13   30  245  248   69   36  106    0   24    0  133    0  133    0   84   28  236  253  254   19   16  255  232  255   98    0  100    0   88   35  214  254   73   18   78    0    5    0  133    0  133    0  120   37  228  249    6   34  109  255  230  255  140    0  140    0
56    0    4    1  229    1   99    0  204  255  135    0  133    0  145   33  251  248   70   36  106    0   24    0  133    0  133    0   40   36  214  253  253   19  254  254  229  255  103    0  105    0   99   33    4  255  100   18  145    0   10    0  133    0  133    0   12   36  219  249    4   34  109  255  230  255  140    0  140    0
56    0    9    1  226    1   98    0  203  255  135    0  133    0  111   34    1  249   72   36  106    0   24    0  133    0  133    0  151   33  184  253  248   19  219  254  223  255  107    0  109    0    1   29   12  255  100   18  145    0   10    0  133    0  133    0  209   33  193  249    0   34   73  255  223  255  140    0  140    0
56    0   15    1  223    1   98    0  203  255  135    0  133    0  147   33    8  249   73   36  106    0   24    0  133    0  133    0   42   33  166  253  246   19  219  254  223  255  107    0  109    0   71   31   17  255  133   18  141    0    9    0  127    0  130    0   77   35  181  249  254   33   73  255  223  255  140    0  140    0
56    0   17    1  222    1   91    0  204  255  135    0  133    0  167   35   14  249   74   36  106    0   24    0  133    0  133    0  131   33  154  253  247   19  233  254  223  255  111    0  112    0   64   32   26  255  133   18  141    0    9    0  127    0  130    0   56   36  170  249  252   33   73  255  223  255  140    0  140    0
56    0   23    1  219    1   91    0  204  255  135    0  133    0  186   30  159  249  250   33   73  255  223  255  140    0  140    0   94   32  138  253  245   19  233  254  223  255  111    0  112    0  130   33   34  255  134   18  141    0    9    0  127    0  130    0
56    0   29    1  215    1   92    0  201  255  135    0  133    0  112   33  121  253  243   19  233  254  223  255  111    0  112    0  168   32   43  255  135   18  141    0    9    0  127    0  130    0
56    0   31    1  214    1   85    0  205  255  135    0  133    0    4   35  144  253  248   19   58  255  234  255  114    0  115    0  120   35   51  255  135   18  141    0    9    0  127    0  130    0
56    0   36    1  211    1   85    0  205  255  135    0  133    0  226   30  132  253  247   19   58  255  234  255  114    0  115    0  165   33   60  255  136   18  141    0    9    0  127    0  130    0
56    0   28    1  220    1   62    0  221  255  135    0  133    0  115   34  120  253  245   19   58  255  234  255  114    0  115    0
56    0   32    1  217    1   62    0  221  255  135    0  133    0  144   35  153  253  234   19  134  255  240  255  108    0  117    0
56    0   41    1  214    1   70    0  213  255  135    0  133    0  107   36  145  253  233   19  134  255  240  255  108    0  117    0   25   35  242  254    8    3   52    0   18    0  134    0  110    0  241   34   62    3  126    7  243    0  231  255  133    0  135    0
56    0   49    1  212    1   75    0  207  255  135    0  133    0  192   31  138  253  232   19  134  255  240  255  108    0  117    0   98   33  246  254    9    3   52    0   18    0  134    0  110    0  225   30   77    3  125    7  243    0  231  255  133    0  135    0
56    0   54    1  209    1   75    0  207  255  135    0  133    0  117   33   45  254   15    3  237  255  246  255  127    0  116    0   10   32  130  253  231   19  134  255  240  255  108    0  117    0
56    0   54    1  208    1   68    0  211  255  135    0  133    0   92   33   44  254   14    3  237  255  246  255  127    0  116    0  136   35  123  253  230   19  134  255  240  255  108    0  117    0  149   35  245  254    3    3   39    0   13    0  129    0  100    0  161   35  153    3  125    7   57    1  182  255  133    0  135    0
56    0   59    1  205    1   68    0  211  255  135    0  133    0   16   32  116  253  229   19  134  255  240  255  108    0  117    0   42   32  241  254  254    2   26    0    9    0  127    0   90    0  228   34  172    3  120    7   57    1  182  255  133    0  135    0
56    0   63    1  203    1   68    0  211  255  135    0  133    0  106   36  243  254  255    2   26    0    9    0  127    0   90    0   72   36  108  253  228   19  134  255  240  255  108    0  117    0
56    0   67    1  200    1   68    0  211  255  135    0  133    0  200   34  229  254  247    2  255  255    0    0  124    0   85    0   76   35  101  253  227   19  134  255  240  255  108    0  117    0   62   32  248    3  119    7  108    1  140  255  133    0  135    0
56    0   80    1  194    1   80    0  197  255  135    0  133    0  118   35  233  254  247    2    5    0    1    0  126    0   91    0  113   31   94  253  226   19  134  255  240  255  108    0  117    0   30   32   14    4  112    7  108    1  140  255  133    0  135    0
56    0   84    1  190    1   80    0  197  255  135    0  133    0  247   35  234  254  247    2    5    0    1    0  126    0   91    0
56    0   89    1  187    1   80    0  197  255  135    0  133    0  160   34  226  254  243    2  246  255  253  255  127    0   97    0  219   33  200  253  217   19   17    0    3    0  112    0  119    0  222   29  131    4   84    7  209    1   53  255  133    0  135    0
56    0   80    1  198    1   58    0  215  255  135    0  133    0  119   35  220  254  240    2  236  255  249  255  131    0   90    0   56   33  201  253  217   19   17    0    3    0  112    0  119    0  248   33  158    4   71    7  209    1   53  255  133    0  135    0
56    0   84    1  195    1   58    0  215  255  135    0  133    0  180   33  219  254  239    2  236  255  249  255  131    0   90    0
56    0   87    1  193    1   58    0  215  255  135    0  133    0  235   34  209  254  234    2  220  255  242  255  132    0   96    0   52   36  108  253   85   19  158  255  242  255  115    0  121    0
56    0   91    1  190    1   58    0  215  255  135    0  133    0   11   32  199  254  228    2  205  255  235  255  128    0   89    0  193   33  102  253   85   19  158  255  242  255  115    0  121    0
56    0   83    1  200    1   41    0  227  255  135    0  133    0  192   34  192  254  221    2  197  255  231  255  129    0   95    0  102   33  119  253   99   19  186  255  248  255  118    0  123    0
56    0   86    1  199    1   41    0  227  255  135    0  133    0   54   36  189  254  220    2  197  255  231  255  129    0   95    0   85   30   41  253  109   19   92  255  234  255  103    0  116    0   92   34   16  251  116   26  119  255  233  255  123    0  131    0
56    0   97    1  193    1   52    0  216  255  135    0  133    0   84   33  182  254  215    2  190  255  226  255  124    0   86    0   91   35   31  253  108   19   92  255  234  255  103    0  116    0   98   33    8  251  115   26  119  255  233  255  123    0  131    0
56    0  104    1  194    1   55    0  212  255  126    0  127    0  110   29  172  254  210    2  179  255  220  255  121    0   80    0  183   35   28  253  103   19  104  255  234  255   91    0  113    0
56    0  108    1  191    1   55    0  212  255  126    0  127    0  113   28  171  254  206    2  183  255  222  255  123    0   87    0  202   33   19  253  102   19  104  255  234  255   91    0  113    0  170   33  166  250   97   26  228  254  200  255  125    0  132    0
56    0  111    1  188    1   55    0  212  255  126    0  127    0   18   35  167  254  203    2  183  255  222  255  123    0   87    0  251   34   48  253  122   19  184  255  248  255   97    0  116    0   54   34  153  250   93   26  234  254  200  255  126    0  133    0
56    0  114    1  186    1   55    0  212  255  126    0  127    0  251   32  162  254  201    2  183  255  222  255  123    0   87    0   88   34   44  253  121   19  184  255  248  255   97    0  116    0  127   34  132  250   88   26  227  254  197  255  127    0  133    0
56    0  118    1  183    1   55    0  212  255  126    0  127    0   28   36  158  254  199    2  183  255  222  255  123    0   87    0  199   36   40  253  121   19  184  255  248  255   97    0  116    0  145   32  115  250   85   26  227  254  197  255  127    0  133    0
56    0  121    1  180    1   55    0  212  255  126    0  127    0   46   33  153  254  197    2  183  255  222  255  123    0   87    0  183   35   31  253  125   19  178  255  245  255  102    0  119    0  146   34   42  250   66   26  128  254  172  255  112    0  122    0
56    0  124    1  178    1   55    0  212  255  126    0  127    0   64   33  149  254  195    2  183  255  222  255  123    0   87    0  150   31   27  253  125   19  178  255  245  255  102    0  119    0  200   33   53  250   84   26  203  254  189  255  101    0  115    0
56    0  139    1  158    1   74    0  186  255  127    0  128    0  129   37  145  254  193    2  183  255  222  255  123    0   87    0  207   32   22  253  124   19  178  255  245  255  102    0  119    0  125   32   48  250   82   26  232  254  195  255  105    0  118    0
56    0  144    1  150    1   75    0  182  255  128    0  129    0  188   29  140  254  191    2  183  255  222  255  123    0   87    0   80   31   17  253  123   19  178  255  245  255  102    0  119    0   86   37   13  250   74   26  190  254  184  255  109    0  120    0
56    0  145    1  154    1   67    0  191  255  129    0  130    0  158   35  160  254  200    2  218  255  239  255  125    0   93    0    1   33   13  253  123   19  178  255  245  255  102    0  119    0  141   27  250  249   69   26  190  254  184  255  109    0  120    0
56    0  149    1  150    1   67    0  191  255  129    0  130    0   44   34  158  254  199    2  218  255  239  255  125    0   93    0    2   36    8  253  122   19  178  255  245  255  102    0  119    0  179   36  231  249   65   26  190  254  184  255  109    0  120    0
56    0  153    1  146    1   67    0  191  255  129    0  130    0   62   35  155  254  198    2  218  255  239  255  125    0   93    0  112   32  211  249   60   26  190  254  184  255  109    0  120    0
56    0  157    1  142    1   67    0  191  255  129    0  130    0  191   33  153  254  197    2  218  255  239  255  125    0   93    0  117   35  156  254  206   18   82    1   29    0  126    0  135    0  231   33  192  249   56   26  190  254  184  255  109    0  120    0
56    0  168    1  136    1   74    0  177  255  121    0  127    0  229   34  151  254  196    2  218  255  239  255  125    0   93    0  116   33  176  254  208   18   82    1   29    0  126    0  135    0  187   30  172  249   52   26  190  254  184  255  109    0  120    0
56    0  173    1  131    1   74    0  177  255  121    0  127    0   13   33  148  254  195    2  218  255  239  255  125    0   93    0  215   32  188  249   27   26  249  254  189  255  112    0  122    0
56    0  177    1  127    1   74    0  177  255  121    0  127    0   17   35  175  254  191    2  250  255  253  255  123    0   94    0   22   34   21  255  219   18  195    1   24    0  127    0  135    0  139   32  172  249   23   26  249  254  189  255  112    0  122    0
56    0  182    1  125    1   72    0  174  255  123    0  128    0  162   35  175  254  191    2  250  255  253  255  123    0   94    0   73   34   48  255  220   18  195    1   24    0  127    0  135    0    6   33  215  249   15   26   87  255  216  255  115    0  124    0
56    0  186    1  120    1   72    0  174  255  123    0  128    0   41   35  174  254  190    2  250  255  253  255  123    0   94    0  103   34   39  255  222   18  132    1   18    0  128    0  135    0  202   34  205  249   12   26   87  255  216  255  115    0  124    0
56    0  190    1  115    1   72    0  174  255  123    0  128    0  253   31  151  254  171    2  220  255  238  255  125    0   99    0  235   32   63  255  223   18  132    1   18    0  128    0  135    0  228   37  195  249   10   26   87  255  216  255  115    0  124    0
56    0  195    1  110    1   72    0  174  255  123    0  128    0  177   33  149  254  170    2  220  255  238  255  125    0   99    0   12   33   86  255  224   18  132    1   18    0  128    0  135    0   18   34  184  249    7   26   87  255  216  255  115    0  124    0
56    0  199    1  105    1   72    0  174  255  123    0  128    0  115   32  147  254  168    2  220  255  238  255  125    0   99    0  176   32  230  249   23   26  170  255  237  255  118    0  126    0
56    0  203    1  100    1   72    0  174  255  123    0  128    0  122   33  145  254  167    2  220  255  238  255  125    0   99    0   57   35  225  249   21   26  170  255  237  255  118    0  126    0
56    0  208    1   95    1   72    0  174  255  123    0  128    0  161   34  142  254  166    2  220  255  238  255  125    0   99    0  200   31  220  249   20   26  170  255  237  255  118    0  126    0
56    0  212    1   90    1   72    0  174  255  123    0  128    0   99   33  192  249   10   26  137  255  228  255  120    0  127    0   56   35  139  252  120   19   54  255  222  255  119    0  127    0
56    0  216    1   85    1   72    0  174  255  123    0  128    0  180   34  207  249   11   26  168  255  236  255  122    0  128    0  214   34  127  252  118   19   54  255  222  255  119    0  127    0
56    0  221    1   80    1   72    0  174  255  123    0  128    0   93   34  204  249    9   26  172  255  236  255  124    0  129    0  252   34  128  252  129   19   76  255  225  255  121    0  128    0
56    0  225    1   75    1   72    0  174  255  123    0  128    0  158   32  117  252  127   19   76  255  225  255  121    0  128    0  132   33  199  249    6   26  172  255  236  255  126    0  130    0
56    0  184  252  131   19  201  255  249  255  123    0  129    0  101   36  194  249    5   26  172  255  236  255  126    0  130    0
56    0  209  252  144   19  250  255    0    0  125    0  130    0  215   30  189  249    4   26  172  255  236  255  126    0  130    0
73    0   16  250   22   26   58    0   15    0  127    0  131    0  147   33  237  252  125   19   36    0    5    0  113    0  122    0
73    0   20  250   23   26   58    0   15    0  127    0  131    0   33   32  243  252  123   19   42    0    6    0  116    0  124    0
73    0   23  250   24   26   58    0   15    0  127    0  131    0  251   31  245  252  123   19   42    0    6    0  116    0  124    0
73    0  246  249    0   26  254  255  255  255  128    0  132    0  139   33  248  252  124   19   42    0    6    0  116    0  124    0
73    0  246  249    0   26  254  255  255  255  128    0  132    0   88   31  250  252  124   19   42    0    6    0  116    0  124    0
73    0  246  249    0   26  254  255  255  255  128    0  132    0  173   33  253  252  125   19   42    0    6    0  116    0  124    0
73    0  246  249    0   26  254  255  255  255  128    0  132    0  110   32  255  252  125   19   42    0    6    0  116    0  124    0
73    0  246  249    0   26  254  255  255  255  128    0  132    0  166   32    2  253  125   19   42    0    6    0  116    0  124    0  164   30  164    3  104    9   26    0  246  255  138    0  133    0   86   33  172  254  219   18  232    0   16    0  133    0  131    0
73    0  245  249    0   26  254  255  255  255  128    0  132    0  137   34  161    3  104    9   17    0  250  255  138    0  133    0  244   35  195  254  223   18  253    0   16    0  120    0  131    0
73    0  245  249    0   26  254  255  255  255  128    0  132    0  209   35  156    3  105    9    5    0  254  255  138    0  133    0  189   29  210  254  224   18  253    0   16    0  120    0  131    0
73    0  245  249    0   26  254  255  255  255  128    0  132    0  241   35  149    3  106    9  246  255    3    0  126    0  130    0   43   32  220  254  226   18  241    0   14    0  122    0  132    0
73    0  252  249    1   26    5    0    1    0  129    0  133    0   35   31  124  253   78   19  192    0   24    0  121    0  127    0  206   35  243  254  229   18    4    1   14    0  124    0  133    0   19   34  148    3  106    9  246  255    3    0  126    0  130    0
73    0  226  249  251   25  229  255  250  255  130    0  133    0  199   33  101  253   79   19  142    0   19    0  123    0  128    0   89   36    3  255  230   18    4    1   14    0  124    0  133    0  118   35  122    3  116    9  195  255   23    0  127    0  131    0
73    0  224  249  251   25  229  255  250  255  130    0  133    0  119   34  110  253   80   19  142    0   19    0  123    0  128    0   93   35  206  254  228   18  127    0    9    0  112    0  133    0  226   32  106    3  121    9  172  255   30    0  128    0  132    0
73    0  238  249  254   25  250  255  255  255  128    0  125    0   61   37  154  253  110   19  199    0   25    0  125    0  129    0   87   36  214  254  229   18  127    0    9    0  112    0  133    0   20   36   87    3  127    9  145  255   39    0  129    0  133    0
73    0  243  249  255   25    1    0    0    0  117    0  120    0  140   31  166  253  111   19  199    0   25    0  125    0  129    0  162   33  188  254  229   18   66    0    5    0  115    0  133    0  238   32  101    3  121    9  184  255   26    0  125    0  129    0
73    0  243  249  255   25    0    0    0    0  119    0  122    0  180   32  200  253  107   19  233    0   26    0  137    0  126    0  187   33  192  254  229   18   66    0    5    0  115    0  133    0   51   31   96    3  123    9  184  255   26    0  125    0  129    0
73    0  243  249  255   25    0    0    0    0  119    0  122    0  232   33  214  253  109   19  233    0   26    0  137    0  126    0  194   31  196  254  230   18   66    0    5    0  115    0  133    0   60   36   92    3  124    9  184  255   26    0  125    0  129    0
73    0  197  249  212   25  162  255  233  255  114    0  113    0  130   35  168  253  104   19  140    0   18    0  137    0  127    0   22   34  177  254  252   18   30    0    4    0  118    0  133    0   99   35   51    3  149    9  112  255   51    0  126    0  130    0
73    0  200  249  200   25  174  255  236  255  117    0  116    0  101   33  172  253  121   19  135    0   16    0  137    0  128    0  130   34  179  254  252   18   30    0    4    0  118    0  133    0   25   34   36    3  163    9   97  255   52    0  127    0  131    0
73    0  190  249  190   25  161  255  233  255  119    0  119    0  241   33  180  253  122   19  135    0   16    0  137    0  128    0  206   34  181  254  253   18   30    0    4    0  118    0  133    0  185   34   26    3  166    9   97  255   52    0  127    0  131    0
73    0  177  249  176   25  143  255  229  255  108    0  120    0  150   33  210  253  134   19  171    0   19    0  137    0  129    0  124   35  183  254  253   18   30    0    4    0  118    0  133    0   38   34  233    2  191    9   23  255   71    0  128    0  132    0
73    0  177  249  171   25  154  255  231  255  112    0  110    0  179   34  220  253  135   19  171    0   19    0  137    0  129    0    1   35  184  254  253   18   30    0    4    0  118    0  133    0   59   33  235    2  197    9   49  255   62    0  129    0  133    0
73    0  170  249  170   25  154  255  231  255  112    0  110    0  101   32  231  253  137   19  171    0   19    0  137    0  129    0  204   32  186  254  254   18   30    0    4    0  118    0  133    0   39   28  224    2  207    9   48  255   61    0  130    0  133    0
73    0  164  249  168   25  154  255  231  255  112    0  110    0  204   35   33  254  156   19  249    0   25    0  137    0  130    0  192   33  188  254  254   18   30    0    4    0  118    0  133    0   82   33  201    2  219    9   28  255   64    0  131    0  133    0
73    0  176  249  162   25  186  255  238  255  115    0  113    0  133   33   48  254  157   19  249    0   25    0  137    0  130    0  101   35  186    2  228    9   24  255   64    0  132    0  133    0
73    0  155  249  149   25  151  255  230  255  118    0  116    0  237   31   63  254  159   19  249    0   25    0  137    0  130    0  235   33  167    2  239    9   11  255   65    0  133    0  133    0
73    0  149  249  147   25  151  255  230  255  118    0  116    0  136   33   78  254  160   19  249    0   25    0  137    0  130    0  250   34  148    2  248    9    2  255   66    0  133    0  133    0
73    0  142  249  145   25  151  255  230  255  118    0  116    0  105   35   93  254  162   19  249    0   25    0  137    0  130    0    3   33  136    2  255    9    7  255   63    0  133    0  133    0
