250   26  205  253  217    8  247  255  254  255  140    0  140    0
250   26  203  253  217    8  244  255  253  255  140    0  140    0
250   26  204  253  217    8  248  255  254  255  140    0  140    0
250   26  209  253  218    8    0    0    0    0  140    0  140    0
250   26  209  253  218    8    1    0    0    0  140    0  140    0
250   26  207  253  218    8  253  255    0    0  140    0  140    0
250   26  202  253  216    8  244  255  253  255  140    0  140    0
250   26  196  253  215    8  235  255  251  255  140    0  140    0
250   26  190  253  213    8  224  255  248  255  140    0  140    0
250   26  185  253  212    8  219  255  247  255  140    0  140    0
250   26  182  253  211    8  218  255  247  255  140    0  140    0
250   26  179  253  211    8  217  255  246  255  140    0  140    0
250   26  178  253  210    8  219  255  247  255  140    0  140    0
250   26  183  253  211    8  233  255  250  255  140    0  140    0
250   26  186  253  212    8  241  255  253  255  140    0  140    0
250   26  188  253  213    8  247  255  254  255  140    0  140    0
250   26  188  253  213    8  249  255  255  255  140    0  140    0
250   26  193  253  214    8    1    0    0    0  140    0  140    0
250   26  198  253  215    8   10    0    2    0  140    0  140    0
250   26  199  253  216    8   13    0    3    0  140    0  140    0
250   26  201  253  216    8   15    0    3    0  140    0  140    0    8   36  115  249   25    9   43    2   38  254  140    0  140    0
250   26  201  253  216    8   13    0    3    0  140    0  140    0  246   33  147  249  248    8   38    2   32  254  140    0  140    0
250   26  200  253  216    8    9    0    2    0  140    0  140    0  172   27  211  249  233    8   89    2   66  254  131    0  123    0
250   26  199  253  215    8    6    0    1    0  140    0  140    0  197   35  247  249  206    8   89    2   66  254  131    0  123    0
250   26  201  253  216    8    8    0    2    0  140    0  140    0  179   29   12  250  166    8   57    2   42  254  132    0  125    0
250   26  202  253  216    8   10    0    2    0  140    0  140    0  122   35   60  250  149    8   86    2   59  254  133    0  126    0
250   26  203  253  216    8   10    0    2    0  140    0  140    0  206   28   86  250  111    8   63    2   43  254  133    0  127    0
250   26  203  253  216    8    9    0    2    0  140    0  140    0  237   32  120  250   83    8   63    2   43  254  133    0  127    0
250   26  209  253  218    8   19    0    4    0  140    0  140    0   26   33  143  250   49    8   42    2   28  254  119    0  116    0
250   26  212  253  219    8   24    0    5    0  140    0  140    0  194   36  164  250   16    8   20    2   13  254  121    0  119    0
250   26  216  253  220    8   29    0    7    0  140    0  140    0  152   32  199  250  242    7   25    2   15  254  123    0  121    0
250   26  216  253  220    8   25    0    6    0  140    0  140    0  105   31  233  250  211    7   26    2   15  254  125    0  123    0
250   26  212  253  218    8   13    0    3    0  140    0  140    0  215   35    7  251  179    7   21    2   11  254  126    0  125    0
250   26  208  253  218    8    5    0    1    0  140    0  140    0  238   31   33  251  148    7   12    2    5  254  127    0  126    0
250   26  201  253  216    8  248  255  254  255  140    0  140    0  230   35   65  251  118    7   12    2    5  254  127    0  126    0
250   26  198  253  215    8  242  255  253  255  140    0  140    0  182   33  107  251   93    7   32    2   14  254  128    0  127    0
250   26  193  253  214    8  236  255  251  255  140    0  140    0  149   32  149  251   60    7   44    2   19  254  122    0  118    0
250   26  191  253  213    8  234  255  251  255  140    0  140    0  192   34  177  251   25    7   33    2   12  254  124    0  120    0
250   26  188  253  213    8  231  255  250  255  140    0  140    0   69   31  205  251  245    6   22    2    5  254  126    0  122    0
250   26  188  253  213    8  234  255  251  255  140    0  140    0   51   32  216  251  195    6  232    1  235  253  115    0  113    0
250   26  186  253  212    8  233  255  250  255  140    0  140    0  148   35  248  251  185    6  254    1  246  253  105    0  106    0
250   26  183  253  211    8  228  255  249  255  140    0  140    0   85   31   19  252  149    6  242    1  238  253   97    0   96    0
250   26  180  253  211    8  227  255  249  255  140    0  140    0  137   35   44  252  112    6  225    1  228  253   90    0   97    0
250   26  182  253  211    8  235  255  251  255  140    0  140    0    5   33   70  252   78    6  218    1  223  253   96    0  102    0
250   26  183  253  211    8  238  255  252  255  140    0  140    0   72   32   98  252   45    6  218    1  223  253   96    0  102    0
250   26  181  253  211    8  237  255  251  255  140    0  140    0   41   33  124  252   10    6  210    1  217  253  101    0  106    0
250   26  184  253  211    8  244  255  253  255  140    0  140    0  179   31  159  252  236    5  234    1  164  253  105    0  110    0
250   26  187  253  212    8  251  255  255  255  140    0  140    0   53   34  183  252  195    5  214    1  210  253   95    0  107    0
