250   26   23  254  248    8   11    0    2    0  140    0  140    0
250   26   20  254  247    8    3    0    0    0  140    0  140    0
250   26   19  254  246    8    0    0    0    0  140    0  140    0
250   26    9  254  246    8  239  255  253  255  140    0  140    0
250   26  254  253  244    8  220  255  248  255  140    0  140    0
250   26  243  253  243    8  204  255  245  255  140    0  140    0
250   26  232  253  242    8  189  255  241  255  140    0  140    0
250   26  224  253  241    8  181  255  239  255  140    0  140    0
250   26  221  253  240    8  184  255  239  255  140    0  140    0
250   26  220  253  239    8  191  255  241  255  140    0  140    0
250   26  222  253  239    8  202  255  244  255  140    0  140    0
250   26  222  253  240    8  209  255  245  255  140    0  140    0
250   26  219  253  240    8  209  255  245  255  140    0  140    0
250   26  223  253  242    8  221  255  248  255  140    0  140    0
250   26  230  253  245    8  239  255  252  255  140    0  140    0
250   26  240  253  246    8    3    0    0    0  140    0  140    0
250   26  250  253  248    8   22    0    5    0  140    0  140    0
250   26  255  253  250    8   29    0    6    0  140    0  140    0
250   26    4  254  251    8   35    0    7    0  140    0  140    0
250   26   13  254  252    8   48    0   10    0  140    0  140    0
250   26   16  254  254    8   49    0   10    0  140    0  140    0
250   26   22  254  254    8   55    0   11    0  140    0  140    0
250   26   26  254  254    8   56    0   11    0  140    0  140    0
250   26   34  254  255    8   64    0   13    0  140    0  140    0
250   26   38  254  255    8   65    0   13    0  140    0  140    0
250   26   41  254  255    8   63    0   12    0  140    0  140    0
250   26   45  254  255    8   62    0   12    0  140    0  140    0
250   26   49  254    0    9   64    0   12    0  140    0  140    0
250   26   51  254  255    8   60    0   12    0  140    0  140    0
250   26   55  254  255    8   60    0   11    0  140    0  140    0
250   26   60  254    0    9   62    0   12    0  140    0  140    0
250   26   65  254    0    9   65    0   12    0  140    0  140    0
250   26   69  254    1    9   65    0   12    0  140    0  140    0
250   26   70  254    0    9   59    0   11    0  140    0  140    0
250   26   71  254    0    9   53    0   10    0  140    0  140    0
250   26   69  254  255    8   44    0    8    0  140    0  140    0
250   26   66  254  254    8   32    0    6    0  140    0  140    0
250   26   63  254  253    8   22    0    4    0  140    0  140    0
250   26   54  254  251    8    4    0    0    0  140    0  140    0
250   26   55  254  251    8    4    0    0    0  140    0  140    0
250   26   51  254  250    8  254  255    0    0  140    0  140    0
250   26   39  254  249    8  231  255  251  255  140    0  140    0
250   26   41  254  249    8  239  255  253  255  140    0  140    0
250   26   45  254  249    8  247  255  255  255  140    0  140    0
250   26   48  254  249    8  253  255    0    0  140    0  140    0
250   26   47  254  249    8  252  255    0    0  140    0  140    0
250   26   37  254  248    8  235  255  252  255  140    0  140    0
250   26   37  254  248    8  237  255  252  255  140    0  140    0
250   26   37  254  247    8  238  255  253  255  140    0  140    0
250   26   40  254  248    8  247  255  255  255  140    0  140    0
250   26   43  254  250    8  254  255    0    0  140    0  140    0
250   26   43  254  249    8  254  255    0    0  140    0  140    0
250   26   44  254  249    8    0    0    0    0  140    0  140    0
250   26   45  254  249    8    1    0    0    0  140    0  140    0
250   26   46  254  248    8    2    0    0    0  140    0  140    0
250   26   47  254  248    8    4    0    0    0  140    0  140    0
250   26   49  254  248    8    6    0    1    0  140    0  140    0
250   26   43  254  247    8  252  255    0    0  140    0  140    0
250   26   42  254  246    8  250  255  255  255  140    0  140    0
250   26   39  254  245    8  246  255  254  255  140    0  140    0  250   30   35  250  178   17   66    0   22    0  140    0  140    0
250   26   35  254  244    8  240  255  253  255  140    0  140    0   38   31   39  250  179   17   66    0   22    0  140    0  140    0
250   26   33  254  243    8  237  255  252  255  140    0  140    0
250   26   30  254  243    8  234  255  252  255  140    0  140    0
250   26   30  254  242    8  236  255  252  255  140    0  140    0
250   26   26  254  243    8  230  255  251  255  140    0  140    0
250   26   17  254  242    8  217  255  248  255  140    0  140    0
250   26   18  254  242    8  223  255  249  255  140    0  140    0
250   26   20  254  242    8  230  255  251  255  140    0  140    0
250   26   22  254  242    8  238  255  252  255  140    0  140    0
250   26   24  254  243    8  244  255  254  255  140    0  140    0
250   26   24  254  242    8  244  255  254  255  140    0  140    0
250   26   27  254  242    8  251  255  255  255  140    0  140    0
250   26   27  254  242    8  253  255    0    0  140    0  140    0
250   26   25  254  242    8  250  255  255  255  140    0  140    0
250   26   25  254  241    8  249  255  255  255  140    0  140    0
250   26   24  254  241    8  249  255  255  255  140    0  140    0
250   26   21  254  240    8  245  255  254  255  140    0  140    0
250   26   16  254  239    8  236  255  252  255  140    0  140    0
250   26   11  254  237    8  228  255  250  255  140    0  140    0
250   26   10  254  237    8  228  255  250  255  140    0  140    0
250   26    6  254  235    8  224  255  249  255  140    0  140    0
250   26    4  254  235    8  225  255  250  255  140    0  140    0
250   26    4  254  235    8  228  255  250  255  140    0  140    0
250   26    3  254  234    8  230  255  251  255  140    0  140    0
250   26    6  254  235    8  239  255  253  255  140    0  140    0   88   32   53  249   94   17  242  254  151  255  140    0  140    0
250   26    9  254  235    8  245  255  254  255  140    0  140    0    5   32   36  249   88   17  242  254  151  255  140    0  140    0
250   26    9  254  235    8  248  255  255  255  140    0  140    0
250   26    8  254  235    8  247  255  254  255  140    0  140    0   83   35  111  249  116   17  157  255  224  255  140    0  140    0
250   26    9  254  235    8  250  255  255  255  140    0  140    0  122   35  105  249  115   17  157  255  224  255  140    0  140    0
250   26   10  254  235    8  252  255    0    0  140    0  140    0  127   36  151  249   23    9    3    2  154  254  140    0  140    0
250   26   12  254  235    8    0    0    0    0  140    0  140    0   22   32  176  249  253    8  247    1  153  254  140    0  140    0
250   26   16  254  236    8    7    0    1    0  140    0  140    0  206   34  195  249  221    8  233    1   76  254  140    0  140    0
250   26   14  254  235    8    2    0    0    0  140    0  140    0  170   33  222  249  203    8  229    1  133  254  140    0  140    0
250   26   12  254  235    8    0    0    0    0  140    0  140    0   29   36  245  249  173    8  215    1  131  254  140    0  140    0
250   26   14  254  235    8    2    0    0    0  140    0  140    0   73   34    5  250  140    8  191    1  116  254  140    0  140    0
250   26   15  254  235    8    3    0    0    0  140    0  140    0  120   35   32  250  117    8  191    1  116  254  140    0  140    0
250   26   14  254  235    8    1    0    0    0  140    0  140    0  179   34   53  250   90    8  182    1  109  254  140    0  140    0
250   26   15  254  235    8    3    0    0    0  140    0  140    0  245   33   71  250   60    8  165    1   97  254  140    0  140    0
250   26   13  254  234    8    0    0    0    0  140    0  140    0   44   35  103  250   35    8  175    1  103  254  140    0  140    0
250   26    9  254  233    8  249  255  255  255  140    0  140    0  122   35  113  250  255    7  145    1   83  254  140    0  140    0
250   26    4  254  232    8  238  255  252  255  140    0  140    0  166   31  155  250  239    7  176    1  103  254  140    0  140    0
250   26    1  254  231    8  236  255  252  255  140    0  140    0  214   32  178  250  208    7  168    1   97  254  129    0  135    0
250   26  254  253  231    8  232  255  251  255  140    0  140    0   52   35  213  250  192    7  187    1  109  254  130    0  135    0
250   26  252  253  230    8  231  255  251  255  140    0  140    0   19   32  203  250  140    7  114    1   63  254  116    0  127    0
250   26  252  253  230    8  234  255  251  255  140    0  140    0  112   34  240  250  112    7  135    1   75  254  104    0  116    0
250   26  251  253  230    8  235  255  252  255  140    0  140    0  179   31   10  251   87    7  141    1   79  254  108    0  119    0
250   26  248  253  229    8  232  255  251  255  140    0  140    0  145   35   43  251   67    7  162    1   92  254  112    0  121    0
250   26  247  253  229    8  233  255  251  255  140    0  140    0   32   32   75  251   46    7  178    1  102  254  115    0  123    0
250   26  246  253  228    8  233  255  251  255  140    0  140    0  113   29  109  251   26    7  195    1  111  254  118    0  125    0
250   26  244  253  228    8  232  255  251  255  140    0  140    0  130   34  133  251    2    7  190    1  108  254  120    0  126    0
250   26  239  253  226    8  225  255  249  255  140    0  140    0   22   35  165  251  238    6  202    1  114  254  122    0  127    0
250   26  236  253  226    8  222  255  249  255  140    0  140    0   30   35  193  251  214    6  202    1  114  254  122    0  127    0
250   26  237  253  226    8  228  255  250  255  140    0  140    0  250   30  245  251  209    6  255    1  141  254  124    0  128    0
250   26  238  253  226    8  234  255  251  255  140    0  140    0  117   32   72  252  236    6  112    2  195  254  110    0  117    0
250   26  242  253  227    8  244  255  254  255  140    0  140    0  104   34  103  252  214    6  100    2  179  254  113    0  119    0
250   26  246  253  228    8  253  255    0    0  140    0  140    0   67   34  133  252  189    6   83    2  166  254  116    0  121    0
250   26  248  253  228    8    1    0    0    0  140    0  140    0   42   32  168  252  168    6   83    2  166  254  116    0  121    0
250   26  252  253  229    8    8    0    2    0  140    0  140    0  160   33  171  252  139    6   14    2  131  254  102    0  115    0
250   26    0  254  230    8   14    0    3    0  140    0  140    0  218   34  202  252  116    6   14    2  131  254  102    0  115    0
250   26    2  254  230    8   17    0    3    0  140    0  140    0  111   32  160  252   73    6  111    1  127  254   97    0  102    0
250   26    4  254  231    8   18    0    4    0  140    0  140    0  151   33  177  252   44    6  104    1   55  254   87    0   98    0
250   26    4  254  231    8   16    0    3    0  140    0  140    0   86   34  180  252    3    6   51    1   84  254   78    0   94    0
250   26    2  254  230    8   10    0    2    0  140    0  140    0    0   34  173  252  233    5  253    0   63  254   76    0   87    0
250   26    2  254  230    8   10    0    2    0  140    0  140    0  122   30  188  252  213    5    3    1   66  254   72    0   88    0
250   26    0  254  230    8    4    0    0    0  140    0  140    0  213   35  200  252  186    5  252    0   61  254   80    0   94    0
250   26  255  253  230    8    3    0    0    0  140    0  140    0  188   32  220  252  161    5    8    1   68  254   76    0   99    0
250   26  252  253  229    8  253  255    0    0  140    0  140    0   19   35  232  252  132    5  254    0   63  254   84    0  104    0
250   26  252  253  229    8  254  255    0    0  140    0  140    0  234   32  243  252   96    5  238    0   54  254   76    0   99    0
250   26    0  254  230    8    5    0    1    0  140    0  140    0  219   33  253  252   60    5  222    0   44  254   72    0   96    0
250   26  255  253  229    8    1    0    0    0  140    0  140    0   51   32   10  253   32    5  222    0   44  254   72    0   96    0
250   26  252  253  229    8  253  255    0    0  140    0  140    0   13   35   31  253    9    5  240    0   55  254   77    0  110    0
250   26  249  253  228    8  248  255  255  255  140    0  140    0    1   33   46  253  238    4  241    0   55  254   84    0  113    0
250   26  249  253  228    8  247  255  254  255  140    0  140    0  119   32   58  253  208    4  236    0   52  254   91    0  116    0
250   26  250  253  228    8  251  255  255  255  140    0  140    0   15   31   83  253  182    4  254    0   63  254   89    0  112    0
250   26  249  253  228    8  249  255  255  255  140    0  140    0  154   34   98  253  155    4  254    0   63  254   89    0  112    0
250   26  251  253  228    8  255  255    0    0  140    0  140    0  168   34  119  253  133    4   10    1   69  254   95    0  115    0
250   26  253  253  228    8    1    0    0    0  140    0  140    0  250   32  136  253  105    4   12    1   70  254  100    0  118    0
