239   30   52  252   91    8  184  255  224  255  140    0  140    0  230   33  221    3  214    4  205  255   41    0  140    0  140    0   68   34   72  247  125   16  228  254  107  255  140    0  140    0
239   30   64  252   96    8  213  255  237  255  140    0  140    0   20   33  218    3  217    4  205  255   41    0  140    0  140    0   99   36   55  247  116   16  228  254  107  255  140    0  140    0
239   30   75  252  100    8  240  255  249  255  140    0  140    0  174   34  219    3  215    4  213  255   34    0  140    0  140    0  107   31  245  246   82   16  149  254   57  255  140    0  140    0
239   30   88  252  106    8    9    0    4    0  140    0  140    0   55   33  219    3  216    4  216  255   32    0  140    0  140    0  168   34  243  246   79   16  180  254   73  255  140    0  140    0
239   30  107  252  115    8   44    0   19    0  140    0  140    0    0   33  218    3  217    4  219  255   29    0  140    0  140    0  171   34  223  246   68   16  180  254   73  255  140    0  140    0
239   30  115  252  118    8   53    0   22    0  140    0  140    0  248   33  216    3  218    4  219  255   29    0  140    0  140    0   89   34  203  246   57   16  180  254   73  255  140    0  140    0
239   30  120  252  120    8   57    0   23    0  140    0  140    0  225   36  211    3  222    4  216  255   32    0  140    0  140    0  148   37  183  246   46   16  180  254   73  255  140    0  140    0
239   30  126  252  122    8   61    0   25    0  140    0  140    0   51   33  213    3  220    4  224  255   25    0  140    0  140    0  124   32    6  247   91   16   78  255  164  255  140    0  140    0
239   30  127  252  121    8   56    0   23    0  140    0  140    0  138   33  213    3  221    4  226  255   23    0  140    0  140    0  126   31  251  246   85   16   78  255  164  255  140    0  140    0
239   30  124  252  122    8   46    0   19    0  140    0  140    0  178   29  219    3  216    4  241  255   12    0  140    0  140    0  102   32   38  247  110   16  160  255  206  255  140    0  140    0
239   30  120  252  119    8   32    0   13    0  140    0  140    0  186   33  224    3  211    4  253  255    2    0  140    0  140    0   76   32   32  247  107   16  160  255  206  255  140    0  140    0
239   30  109  252  114    8    6    0    2    0  140    0  140    0  125   31  226    3  210    4    0    0    0    0  140    0  140    0   19   33  221  246   68   16   67  255  151  255  140    0  140    0
239   30  100  252  109    8  244  255  251  255  140    0  140    0  222   33  228    3  209    4    3    0  254  255  140    0  140    0  122   36  210  246   62   16   67  255  151  255  140    0  140    0
239   30   91  252  105    8  229  255  245  255  140    0  140    0  249   33  220    3  215    4  245  255    9    0  140    0  140    0   29   35  198  246   55   16   67  255  151  255  140    0  140    0
239   30   86  252  102    8  223  255  242  255  140    0  140    0  142   33  217    3  217    4  241  255   12    0  140    0  140    0  121   36  187  246   49   16   67  255  151  255  140    0  140    0
239   30   88  252  103    8  229  255  245  255  140    0  140    0  141   33  216    3  218    4  240  255   12    0  140    0  140    0   21   34  140  246   21   16   15  255  115  255  140    0  140    0
239   30   95  252  105    8  246  255  252  255  140    0  140    0   92   34  220    3  214    4  250  255    4    0  140    0  140    0  116   33  125  246   12   16   15  255  115  255  140    0  140    0
239   30  108  252  111    8   16    0    7    0  140    0  140    0  105   34  219    3  215    4  250  255    5    0  140    0  140    0  175   34  140  246   21   16   57  255  140  255  140    0  140    0
239   30  117  252  114    8   30    0   13    0  140    0  140    0  203   33  221    3  213    4  254  255    1    0  140    0  140    0  207   36  128  246   14   16   57  255  140  255  140    0  140    0
239   30  115  252  113    8   23    0    9    0  140    0  140    0  249   32  229    3  207    4   12    0  247  255  140    0  140    0  153   32  140  246   20   16   92  255  160  255  140    0  140    0
239   30  116  252  112    8   20    0    8    0  140    0  140    0   65   31  233    3  204    4   18    0  242  255  140    0  140    0  217   33  124  246   10   16   83  255  154  255  140    0  140    0
239   30  118  252  113    8   23    0    9    0  140    0  140    0  200   32  239    3  199    4   28    0  233  255  140    0  140    0  134   34  116  246    5   16   86  255  155  255  140    0  140    0
239   30  128  252  119    8   40    0   16    0  140    0  140    0  239   35  242    3  197    4   29    0  232  255  140    0  140    0  220   33  105  246  255   15   86  255  155  255  140    0  140    0
239   30  136  252  123    8   50    0   20    0  140    0  140    0  137   33  243    3  196    4   28    0  233  255  140    0  140    0  129   31  169  246   37   16  206  255  231  255  140    0  140    0
239   30  141  252  127    8   56    0   23    0  140    0  140    0   50   35  248    3  192    4   34    0  228  255  140    0  140    0  219   35  171  246   38   16  215  255  233  255  140    0  140    0
239   30  148  252  131    8   64    0   25    0  140    0  140    0  229   34  247    3  193    4   28    0  233  255  140    0  140    0   51   36  195  246   52   16    3    0    2    0  140    0  140    0
239   30  141  252  127    8   41    0   17    0  140    0  140    0   65   35  248    3  191    4   28    0  233  255  140    0  140    0  185   33  195  246   52   16    3    0    2    0  140    0  140    0
239   30  133  252  124    8   22    0    9    0  140    0  140    0  171   33  250    3  190    4   28    0  233  255  140    0  140    0  117   32  164  246   33   16  204  255  226  255  140    0  140    0
239   30  125  252  120    8    4    0    1    0  140    0  140    0  221   35  242    3  197    4   10    0  248  255  140    0  140    0   89   32  160  246   31   16  204  255  226  255  140    0  140    0
239   30  123  252  118    8  255  255    0    0  140    0  140    0   57   32  235    3  203    4  254  255    2    0  140    0  140    0   39   32  188  246   47   16    0    0    0    0  140    0  140    0
239   30  121  252  117    8  253  255  255  255  140    0  140    0  145   33  226    3  210    4  239  255   14    0  140    0  140    0  155   34  188  246   47   16    0    0    0    0  140    0  140    0
239   30  125  252  118    8    2    0    1    0  140    0  140    0   51   31  225    3  211    4  239  255   14    0  140    0  140    0   18   36  188  246   47   16    0    0    0    0  140    0  140    0
239   30  126  252  118    8    4    0    1    0  140    0  140    0   63   32  218    3  217    4  229  255   22    0  140    0  140    0   88   33  188  246   47   16    0    0    0    0  140    0  140    0
239   30  127  252  118    8    4    0    2    0  140    0  140    0  182   34  224    3  212    4  242  255   11    0  140    0  140    0    8   36  255  246   87   16  105    0   61    0  140    0  140    0
239   30  133  252  120    8   16    0    6    0  140    0  140    0  173   33  223    3  212    4  242  255   11    0  140    0  140    0  235   33   12  247   94   16  116    0   64    0  140    0  140    0
239   30  128  252  120    8    6    0    2    0  140    0  140    0  159   35  229    3  207    4  254  255    2    0  140    0  140    0  113   32   54  247  118   16  172    0   92    0  140    0  140    0
239   30  123  252  119    8  252  255  255  255  140    0  140    0  188   33  245    3  194    4   23    0  237  255  140    0  140    0  210   33   65  247  123   16  172    0   92    0  140    0  140    0
239   30  127  252  122    8    5    0    2    0  140    0  140    0  251   34    1    4  185    4   41    0  221  255  140    0  140    0  204   32   81  247  131   16  181    0   95    0  140    0  140    0
239   30  134  252  126    8   19    0    7    0  140    0  140    0  173   29    3    4  182    4   41    0  221  255  140    0  140    0  215   26   68  247  123   16  141    0   75    0  140    0  140    0
239   30  144  252  131    8   35    0   14    0  140    0  140    0  107   32    6    4  180    4   41    0  221  255  140    0  140    0  193   32   54  247  116   16  104    0   56    0  140    0  140    0
239   30  154  252  135    8   51    0   20    0  140    0  140    0   35   34    7    4  179    4   40    0  222  255  140    0  140    0  166   30   60  247  119   16  104    0   56    0  140    0  140    0
239   30  163  252  138    8   61    0   24    0  140    0  140    0  232   31   10    4  177    4   40    0  222  255  140    0  140    0  201   28   67  247  122   16  104    0   56    0  140    0  140    0
239   30  155  252  136    8   39    0   15    0  140    0  140    0  134   33   12    4  175    4   40    0  222  255  140    0  140    0  129   30   73  247  126   16  104    0   56    0  140    0  140    0
239   30  160  252  137    8   44    0   17    0  140    0  140    0  150   33  244    3  195    4  255  255    2    0  140    0  140    0   49   32   79  247  129   16  104    0   56    0  140    0  140    0
239   30  168  252  140    8   55    0   21    0  140    0  140    0  103   33  227    3  210    4  228  255   24    0  140    0  140    0  184   31   85  247  132   16  104    0   56    0  140    0  140    0
239   30  175  252  142    8   61    0   23    0  140    0  140    0  237   34  216    3  220    4  213  255   34    0  140    0  140    0  130   35   92  247  136   16  104    0   56    0  140    0  140    0
239   30  176  252  142    8   56    0   21    0  140    0  140    0   71   35  225    3  211    4  233  255   19    0  140    0  140    0   13   35   98  247  139   16  104    0   56    0  140    0  140    0
239   30  164  252  138    8   26    0   10    0  140    0  140    0  117   33  224    3  212    4  233  255   19    0  140    0  140    0  233   31  104  247  143   16  104    0   56    0  140    0  140    0
239   30  160  252  138    8   17    0    6    0  140    0  140    0   86   34  232    3  205    4  249  255    5    0  140    0  140    0  254   36  111  247  146   16  104    0   56    0  140    0  140    0
239   30  166  252  141    8   26    0   10    0  140    0  140    0  205   32  243    3  196    4   11    0  247  255  140    0  140    0   15   30  117  247  149   16  104    0   56    0  140    0  140    0
239   30  170  252  144    8   32    0   12    0  140    0  140    0  207   30  254    3  187    4   29    0  232  255  140    0  140    0
239   30  172  252  146    8   33    0   12    0  140    0  140    0  231   34    0    4  185    4   29    0  232  255  140    0  140    0
239   30  174  252  148    8   33    0   13    0  140    0  140    0  131   33    9    4  178    4   41    0  221  255  140    0  140    0
239   30  177  252  150    8   37    0   14    0  140    0  140    0  169   31   14    4  174    4   46    0  217  255  140    0  140    0
239   30  184  252  154    8   45    0   17    0  140    0  140    0  240   31   20    4  169    4   51    0  212  255  140    0  140    0
239   30  190  252  157    8   53    0   20    0  140    0  140    0   96   36   22    4  167    4   49    0  213  255  140    0  140    0
239   30  196  252  160    8   57    0   21    0  140    0  140    0  122   33   22    4  166    4   45    0  217  255  140    0  140    0
239   30  205  252  164    8   68    0   25    0  140    0  140    0  209   31   27    4  162    4   48    0  214  255  140    0  140    0
239   30  211  252  168    8   74    0   27    0  140    0  140    0  214   31   35    4  155    4   57    0  205  255  140    0  140    0
239   30  213  252  169    8   68    0   25    0  140    0  140    0  101   36   35    4  155    4   51    0  210  255  140    0  140    0
239   30  208  252  168    8   51    0   19    0  140    0  140    0   59   35   36    4  154    4   47    0  214  255  140    0  140    0
239   30  197  252  165    8   24    0    9    0  140    0  140    0  147   34   31    4  158    4   33    0  227  255  140    0  140    0
239   30  183  252  160    8  252  255  255  255  140    0  140    0   67   35   33    4  156    4   33    0  227  255  140    0  140    0
239   30  173  252  157    8  234  255  248  255  140    0  140    0   18   34   28    4  161    4   21    0  238  255  140    0  140    0
239   30  159  252  151    8  210  255  238  255  140    0  140    0  128   32   27    4  162    4   17    0  241  255  140    0  140    0
239   30  150  252  146    8  198  255  233  255  140    0  140    0  220   35   28    4  161    4   17    0  241  255  140    0  140    0
239   30  148  252  146    8  201  255  234  255  140    0  140    0  243   33   57    4  134    4   66    0  197  255  140    0  140    0
239   30  131  252  140    8  175  255  223  255  140    0  140    0   25   34   76    4  117    4   91    0  170  255  140    0  140    0
239   30  125  252  139    8  173  255  222  255  140    0  140    0  154   31   87    4  106    4  101    0  158  255  140    0  140    0
239   30  125  252  137    8  181  255  226  255  140    0  140    0  246   35   94    4   99    4  102    0  155  255  140    0  140    0
239   30  117  252  135    8  176  255  223  255  140    0  140    0   13   32  107    4   87    4  113    0  141  255  140    0  140    0
239   30  105  252  130    8  162  255  217  255  140    0  140    0   72   35  109    4   84    4  106    0  148  255  140    0  140    0
239   30  100  252  129    8  164  255  217  255  140    0  140    0   49   34  121    4   72    4  114    0  137  255  140    0  140    0
239   30  107  252  132    8  188  255  228  255  140    0  140    0  215   33  128    4   65    4  114    0  137  255  140    0  140    0
239   30  114  252  136    8  210  255  237  255  140    0  140    0  237   30  134    4   58    4  114    0  137  255  140    0  140    0
239   30  112  252  135    8  210  255  237  255  140    0  140    0   56   29  116    4   77    4   71    0  185  255  140    0  140    0
239   30  117  252  136    8  224  255  243  255  140    0  140    0  248   33  113    4   81    4   58    0  197  255  140    0  140    0
239   30  132  252  143    8    0    0    0    0  140    0  140    0   16   32  116    4   77    4   58    0  197  255  140    0  140    0
239   30  131  252  143    8  255  255    0    0  140    0  140    0  178   35   98    4   97    4   23    0  235  255  140    0  140    0
239   30  135  252  145    8    5    0    2    0  140    0  140    0   66   31   89    4  107    4    5    0  252  255  140    0  140    0
239   30  136  252  147    8    7    0    2    0  140    0  140    0   98   34   89    4  107    4    5    0  252  255  140    0  140    0
239   30  142  252  147    8   16    0    6    0  140    0  140    0   63   33   61    4  136    4  215  255   41    0  140    0  140    0
239   30  153  252  151    8   35    0   14    0  140    0  140    0  167   34   59    4  138    4  215  255   41    0  140    0  140    0
239   30  155  252  150    8   33    0   13    0  140    0  140    0  168   31   26    4  172    4  165  255   83    0  140    0  140    0
239   30  142  252  144    8    5    0    2    0  140    0  140    0  215   33   20    4  177    4  165  255   83    0  140    0  140    0
239   30  139  252  141    8    0    0    0    0  140    0  140    0  233   34  246    3  205    4  125  255  110    0  140    0  140    0
239   30  125  252  134    8  227  255  245  255  140    0  140    0  146   34  238    3  212    4  125  255  110    0  140    0  140    0
239   30  116  252  129    8  213  255  239  255  140    0  140    0  253   33  212    3  234    4   96  255  126    0  140    0  140    0
239   30  108  252  125    8  203  255  234  255  140    0  140    0   51   32  186    3    0    5   69  255  141    0  140    0  140    0
239   30  104  252  123    8  202  255  233  255  140    0  140    0    2   35  179    3    4    5   76  255  133    0  140    0  140    0
239   30   97  252  119    8  194  255  230  255  140    0  140    0  174   28  176    3    4    5   89  255  123    0  140    0  140    0
239   30   97  252  118    8  200  255  232  255  140    0  140    0  247   35  172    3    7    5   99  255  115    0  140    0  140    0  186   34  170  246   38   16   20    1  160    0  140    0  140    0
239   30   98  252  117    8  209  255  236  255  140    0  140    0  211   34  152    3   21    5   81  255  124    0  140    0  140    0   19   35  171  246   38   16  245    0  142    0  140    0  140    0
239   30   93  252  114    8  204  255  234  255  140    0  140    0  184   32  143    3   27    5   83  255  121    0  140    0  140    0  236   34  182  246   44   16  238    0  137    0  140    0  140    0
239   30   86  252  110    8  195  255  230  255  140    0  140    0  199   34  137    3   31    5   91  255  114    0  140    0  140    0   18   34  183  246   44   16  212    0  122    0  140    0  140    0
239   30   83  252  108    8  197  255  230  255  140    0  140    0  220   29  131    3   34    5   99  255  107    0  140    0  140    0   33   33  196  246   51   16  212    0  122    0  140    0  140    0
239   30   77  252  105    8  192  255  228  255  140    0  140    0   72   34  122    3   40    5   99  255  107    0  140    0  140    0  164   31  208  246   59   16  212    0  122    0  140    0  140    0
239   30   80  252  105    8  205  255  234  255  140    0  140    0   47   35  112    3   47    5   99  255  107    0  140    0  140    0   75   32  165  246   33   16  108    0   64    0  140    0  140    0
239   30   80  252  104    8  210  255  236  255  140    0  140    0   53   33  116    3   43    5  124  255   89    0  140    0  140    0  217   32  171  246   37   16  108    0   64    0  140    0  140    0
239   30   81  252  104    8  217  255  239  255  140    0  140    0  170   35  108    3   49    5  124  255   89    0  140    0  140    0  156   30   99  246  252   15  228  255  243  255  140    0  140    0
239   30   79  252  102    8  216  255  239  255  140    0  140    0  187   34  110    3   47    5  141  255   76    0  140    0  140    0   66   33   97  246  251   15  228  255  243  255  140    0  140    0
239   30   75  252  100    8  213  255  237  255  140    0  140    0  190   34  115    3   43    5  161  255   63    0  140    0  140    0   47   35   65  246  232   15  176  255  208  255  140    0  140    0
239   30   72  252   98    8  212  255  237  255  140    0  140    0  176   32  115    3   43    5  171  255   57    0  140    0  140    0  199   34   34  246  213   15  134  255  181  255  140    0  140    0
239   30   69  252   97    8  212  255  237  255  140    0  140    0  162   33  121    3   39    5  189  255   45    0  140    0  140    0   97   33   27  246  209   15  134  255  181  255  140    0  140    0
239   30   73  252   97    8  223  255  242  255  140    0  140    0   95   33  117    3   42    5  189  255   45    0  140    0  140    0    5   32   78  246  239   15  230  255  242  255  140    0  140    0
239   30   74  252   98    8  230  255  245  255  140    0  140    0   69   35  113    3   45    5  189  255   45    0  140    0  140    0  164   35  100  246  252   15   11    0    7    0  140    0  140    0
239   30   71  252   95    8  225  255  243  255  140    0  140    0  194   32  135    3   30    5  234  255   16    0  140    0  140    0  127   35  125  246   10   16   51    0   31    0  140    0  140    0
239   30   68  252   94    8  223  255  242  255  140    0  140    0  202   36  134    3   31    5  234  255   16    0  140    0  140    0  179   34  131  246   14   16   57    0   33    0  140    0  140    0
239   30   64  252   92    8  220  255  240  255  140    0  140    0  150   35  151    3   20    5    8    0  251  255  140    0  140    0  248   35  135  246   16   16   57    0   33    0  140    0  140    0
239   30   62  252   90    8  219  255  240  255  140    0  140    0  123   34  163    3   11    5   27    0  237  255  140    0  140    0  238   33  138  246   18   16   57    0   33    0  140    0  140    0
239   30   64  252   91    8  228  255  244  255  140    0  140    0  212   32  165    3    9    5   27    0  236  255  140    0  140    0  212   34  142  246   20   16   57    0   33    0  140    0  140    0
239   30   68  252   92    8  239  255  249  255  140    0  140    0  234   33  167    3    8    5   27    0  236  255  140    0  140    0  167   31  158  246   30   16   78    0   46    0  140    0  140    0
239   30   62  252   89    8  229  255  244  255  140    0  140    0   49   32  179    3  255    4   46    0  222  255  140    0  140    0  250   31  163  246   33   16   78    0   46    0  140    0  140    0
239   30   56  252   86    8  220  255  240  255  140    0  140    0  114   36  185    3  250    4   51    0  218  255  140    0  140    0  227   34  168  246   35   16   78    0   46    0  140    0  140    0
239   30   53  252   84    8  218  255  239  255  140    0  140    0  190   34  188    3  247    4   51    0  218  255  140    0  140    0  102   33  172  246   38   16   78    0   46    0  140    0  140    0
239   30   52  252   83    8  220  255  240  255  140    0  140    0  205   30  190    3  245    4   50    0  218  255  140    0  140    0  231   34    6  247   91   16  204    0  116    0  140    0  140    0
239   30   47  252   81    8  215  255  238  255  140    0  140    0  171   33  193    3  243    4   50    0  218  255  140    0  140    0    0   32   39  247  110   16  236    0  128    0  140    0  140    0
239   30   40  252   77    8  206  255  233  255  140    0  140    0  206   33  191    3  244    4   42    0  224  255  140    0  140    0  176   31   60  247  121   16  246    0  131    0  140    0  140    0
239   30   35  252   74    8  203  255  232  255  140    0  140    0  234   28  192    3  243    4   39    0  226  255  140    0  140    0  231   33   56  247  117   16  216    0  115    0  140    0  140    0
239   30   31  252   72    8  202  255  231  255  140    0  140    0   22   34  191    3  243    4   34    0  231  255  140    0  140    0   88   33   69  247  124   16  216    0  115    0  140    0  140    0
239   30   30  252   71    8  204  255  232  255  140    0  140    0  162   32  194    3  240    4   36    0  229  255  140    0  140    0   77   35   34  247  105   16  137    0   75    0  140    0  140    0
239   30   28  252   70    8  206  255  233  255  140    0  140    0  247   32  194    3  240    4   33    0  231  255  140    0  140    0   16   34   42  247  109   16  137    0   75    0  140    0  140    0
239   30   33  252   72    8  222  255  240  255  140    0  140    0   53   35  195    3  239    4   30    0  234  255  140    0  140    0   82   36  232  246   74   16   14    0   10    0  140    0  140    0
239   30   41  252   75    8  240  255  249  255  140    0  140    0  244   34  197    3  237    4   30    0  233  255  140    0  140    0  162   35  233  246   74   16   14    0   10    0  140    0  140    0
239   30   38  252   74    8  238  255  248  255  140    0  140    0  228   32  199    3  235    4   32    0  232  255  140    0  140    0  205   34  211  246   62   16  233  255  244  255  140    0  140    0
239   30   36  252   73    8  235  255  247  255  140    0  140    0   12   33  201    3  234    4   31    0  232  255  140    0  140    0  254   30  210  246   61   16  233  255  244  255  140    0  140    0
239   30   46  252   77    8    0    0    0    0  140    0  140    0  201   34  200    3  234    4   26    0  236  255  140    0  140    0  166   34  181  246   45   16  188  255  218  255  140    0  140    0
239   30   60  252   83    8   25    0   11    0  140    0  140    0   55   36  211    3  225    4   44    0  222  255  140    0  140    0   33   33  168  246   38   16  173  255  208  255  140    0  140    0
239   30   58  252   82    8   19    0    8    0  140    0  140    0   37   31  219    3  219    4   54    0  213  255  140    0  140    0   35   33  159  246   32   16  166  255  204  255  140    0  140    0
239   30   57  252   82    8   15    0    7    0  140    0  140    0  221   36  221    3  217    4   53    0  214  255  140    0  140    0  180   33  163  246   34   16  182  255  213  255  140    0  140    0
239   30   66  252   85    8   29    0   13    0  140    0  140    0   32   35  220    3  218    4   45    0  221  255  140    0  140    0   96   34  143  246   22   16  155  255  197  255  140    0  140    0
239   30   70  252   87    8   34    0   15    0  140    0  140    0  178   33  228    3  211    4   54    0  212  255  140    0  140    0  190   36  137  246   18   16  155  255  197  255  140    0  140    0
239   30   75  252   89    8   39    0   17    0  140    0  140    0  110   31  233    3  207    4   57    0  210  255  140    0  140    0  200   34  121  246    9   16  137  255  185  255  140    0  140    0
239   30   72  252   88    8   29    0   13    0  140    0  140    0   68   35  243    3  199    4   69    0  199  255  140    0  140    0  188   35  113  246    5   16  137  255  185  255  140    0  140    0
239   30   67  252   85    8   16    0    7    0  140    0  140    0  102   33  241    3  200    4   59    0  208  255  140    0  140    0  171   32   58  246  228   15   53  255  133  255  140    0  140    0
239   30   65  252   84    8   10    0    4    0  140    0  140    0  209   34  240    3  201    4   49    0  216  255  140    0  140    0   38   36   46  246  220   15   53  255  133  255  140    0  140    0
239   30   65  252   84    8    9    0    4    0  140    0  140    0  152   33  238    3  202    4   41    0  222  255  140    0  140    0   45   34   34  246  213   15   53  255  133  255  140    0  140    0
239   30   64  252   83    8    5    0    2    0  140    0  140    0  146   35  245    3  197    4   48    0  216  255  140    0  140    0  182   35   51  246  223   15  102  255  162  255  140    0  140    0
239   30   59  252   81    8  253  255  255  255  140    0  140    0   26   33  242    3  199    4   38    0  225  255  140    0  140    0  227   34   42  246  217   15  102  255  162  255  140    0  140    0
239   30   57  252   80    8  249  255  253  255  140    0  140    0   29   34  243    3  198    4   36    0  226  255  140    0  140    0   86   30   75  246  237   15  169  255  205  255  140    0  140    0
239   30   56  252   79    8  247  255  252  255  140    0  140    0  239   35  241    3  199    4   28    0  233  255  140    0  140    0   95   33  102  246  254   15  220  255  236  255  140    0  140    0
239   30   54  252   78    8  246  255  252  255  140    0  140    0  122   32  240    3  200    4   23    0  237  255  140    0  140    0  156   36  100  246  253   15  220  255  236  255  140    0  140    0
239   30   56  252   79    8  249  255  253  255  140    0  140    0   97   34  234    3  205    4   10    0  248  255  140    0  140    0    7   35   98  246  252   15  220  255  236  255  140    0  140    0
239   30   54  252   78    8  247  255  252  255  140    0  140    0  224   33  237    3  203    4   14    0  245  255  140    0  140    0  128   30   96  246  250   15  220  255  236  255  140    0  140    0
239   30   49  252   76    8  239  255  249  255  140    0  140    0   69   29  239    3  201    4   16    0  243  255  140    0  140    0  241   35   93  246  249   15  220  255  236  255  140    0  140    0
239   30   47  252   75    8  237  255  248  255  140    0  140    0  193   31  239    3  201    4   14    0  245  255  140    0  140    0    6   33   91  246  248   15  220  255  236  255  140    0  140    0
239   30   44  252   73    8  232  255  245  255  140    0  140    0  210   33  241    3  199    4   16    0  243  255  140    0  140    0   72   33   44  246  217   15  156  255  195  255  140    0  140    0
239   30   48  252   74    8  243  255  250  255  140    0  140    0  111   34  241    3  199    4   14    0  244  255  140    0  140    0   46   34   38  246  213   15  156  255  195  255  140    0  140    0
239   30   59  252   80    8    9    0    4    0  140    0  140    0  131   33  232    3  206    4  254  255    2    0  140    0  140    0    9   34   32  246  209   15  156  255  195  255  140    0  140    0
239   30   71  252   85    8   30    0   13    0  140    0  140    0    4   34  228    3  210    4  246  255    8    0  140    0  140    0  189   33   32  246  209   15  164  255  199  255  140    0  140    0
239   30   71  252   85    8   26    0   11    0  140    0  140    0   31   36  224    3  213    4  240  255   13    0  140    0  140    0  232   33   27  246  205   15  164  255  199  255  140    0  140    0
239   30   67  252   83    8   16    0    7    0  140    0  140    0   53   32  221    3  215    4  235  255   16    0  140    0  140    0  116   31   45  246  217   15  197  255  220  255  140    0  140    0
239   30   63  252   81    8    6    0    2    0  140    0  140    0   16   34  213    3  221    4  224  255   25    0  140    0  140    0  103   33   41  246  214   15  197  255  220  255  140    0  140    0
239   30   61  252   80    8    2    0    1    0  140    0  140    0  224   32  212    3  222    4  226  255   24    0  140    0  140    0  187   30   38  246  212   15  197  255  220  255  140    0  140    0
239   30   57  252   78    8  251  255  254  255  140    0  140    0   38   31  214    3  221    4  232  255   19    0  140    0  140    0   73   31   34  246  210   15  197  255  220  255  140    0  140    0
239   30   52  252   76    8  243  255  250  255  140    0  140    0  140   34  210    3  224    4  228  255   22    0  140    0  140    0  155   36   30  246  208   15  197  255  220  255  140    0  140    0
239   30   52  252   76    8  244  255  251  255  140    0  140    0    9   31  208    3  225    4  227  255   22    0  140    0  140    0  160   34   27  246  206   15  197  255  220  255  140    0  140    0
239   30   46  252   73    8  233  255  246  255  140    0  140    0   27   35  211    3  223    4  236  255   16    0  140    0  140    0  216   33   23  246  203   15  197  255  220  255  140    0  140    0
239   30   40  252   70    8  225  255  242  255  140    0  140    0  207   31  218    3  217    4  252  255    3    0  140    0  140    0   79   34  152  246   32   16  108    0   72    0  140    0  140    0
239   30   34  252   67    8  218  255  238  255  140    0  140    0   95   34  217    3  218    4  250  255    5    0  140    0  140    0   68   34  148  246   28   16   95    0   56    0  140    0  140    0
239   30   32  252   66    8  217  255  238  255  140    0  140    0   72   37  223    3  213    4    6    0  251  255  140    0  140    0    0   34  125  246   12   16   56    0   33    0  140    0  140    0
239   30   34  252   67    8  225  255  242  255  140    0  140    0   15   37  230    3  208    4   18    0  242  255  140    0  140    0  133   31  128  246   14   16   56    0   33    0  140    0  140    0
239   30   38  252   69    8  237  255  248  255  140    0  140    0   72   35  235    3  203    4   25    0  236  255  140    0  140    0   65   31  132  246   16   16   56    0   33    0  140    0  140    0
239   30   36  252   68    8  236  255  247  255  140    0  140    0   88   36  237    3  202    4   26    0  235  255  140    0  140    0  110   30   87  246  245   15  242  255  248  255  140    0  140    0
239   30   33  252   66    8  232  255  245  255  140    0  140    0  106   34  243    3  196    4   35    0  227  255  140    0  140    0  169   33   86  246  244   15  242  255  248  255  140    0  140    0
239   30   33  252   66    8  234  255  246  255  140    0  140    0  146   34  238    3  201    4   21    0  239  255  140    0  140    0   94   34   85  246  244   15  242  255  248  255  140    0  140    0
239   30   35  252   67    8  241  255  249  255  140    0  140    0  114   35  227    3  209    4    0    0    1    0  140    0  140    0  106   35   84  246  243   15  242  255  248  255  140    0  140    0
239   30   34  252   66    8  240  255  249  255  140    0  140    0  220   32  223    3  212    4  249  255    6    0  140    0  140    0  215   31   84  246  243   15  242  255  248  255  140    0  140    0
239   30   35  252   67    8  245  255  251  255  140    0  140    0   19   35  223    3  212    4  249  255    5    0  140    0  140    0  215   31   83  246  242   15  242  255  248  255  140    0  140    0
239   30   41  252   70    8    1    0    0    0  140    0  140    0   25   35  228    3  208    4    3    0  254  255  140    0  140    0  209   35   82  246  242   15  242  255  248  255  140    0  140    0
239   30   45  252   72    8    8    0    3    0  140    0  140    0   12   34  223    3  212    4  250  255    5    0  140    0  140    0  168   32   81  246  241   15  242  255  248  255  140    0  140    0
239   30   49  252   73    8   15    0    7    0  140    0  140    0   36   31  222    3  213    4  248  255    6    0  140    0  140    0  170   32   80  246  241   15  242  255  248  255  140    0  140    0
239   30   45  252   72    8    6    0    2    0  140    0  140    0   73   34  223    3  212    4  251  255    4    0  140    0  140    0   63   34   79  246  240   15  242  255  248  255  140    0  140    0
239   30   48  252   73    8   10    0    4    0  140    0  140    0  189   35  222    3  213    4  250  255    5    0  140    0  140    0  247   33   78  246  240   15  242  255  248  255  140    0  140    0
239   30   52  252   75    8   16    0    7    0  140    0  140    0  215   33  224    3  212    4  254  255    2    0  140    0  140    0
239   30   56  252   76    8   21    0   10    0  140    0  140    0  219   34  227    3  209    4    3    0  254  255  140    0  140    0
239   30   51  252   74    8   10    0    4    0  140    0  140    0  182   33  230    3  207    4    8    0  249  255  140    0  140    0
239   30   52  252   75    8   11    0    5    0  140    0  140    0  121   33  231    3  206    4   10    0  248  255  140    0  140    0
239   30   64  252   80    8   32    0   14    0  140    0  140    0  145   35  224    3  212    4  252  255    3    0  140    0  140    0
239   30   73  252   84    8   46    0   21    0  140    0  140    0  103   34  221    3  214    4  247  255    7    0  140    0  140    0
239   30   76  252   86    8   47    0   21    0  140    0  140    0  118   32  220    3  214    4  247  255    7    0  140    0  140    0
239   30   78  252   86    8   45    0   20    0  140    0  140    0   34   36  223    3  212    4  253  255    2    0  140    0  140    0
239   30   73  252   84    8   30    0   13    0  140    0  140    0  230   34  231    3  205    4   12    0  246  255  140    0  140    0
239   30   63  252   79    8    8    0    3    0  140    0  140    0    1   34  239    3  199    4   25    0  236  255  140    0  140    0
239   30   63  252   79    8    6    0    2    0  140    0  140    0   69   34  245    3  194    4   34    0  228  255  140    0  140    0
239   30   62  252   79    8    3    0    1    0  140    0  140    0  190   34  248    3  191    4   36    0  226  255  140    0  140    0
239   30   66  252   80    8   10    0    4    0  140    0  140    0   55   33    1    4  184    4   48    0  216  255  140    0  140    0
239   30   71  252   83    8   18    0    8    0  140    0  140    0   83   34    6    4  180    4   52    0  212  255  140    0  140    0
239   30   73  252   84    8   21    0    9    0  140    0  140    0   91   33   15    4  172    4   64    0  201  255  140    0  140    0
239   30   79  252   86    8   29    0   12    0  140    0  140    0   16   33   19    4  169    4   63    0  201  255  140    0  140    0
239   30   81  252   87    8   31    0   13    0  140    0  140    0   79   32   25    4  163    4   68    0  196  255  140    0  140    0
239   30   78  252   86    8   21    0    9    0  140    0  140    0   40   34   31    4  158    4   71    0  193  255  140    0  140    0
239   30   74  252   84    8   10    0    4    0  140    0  140    0   67   35   30    4  159    4   61    0  201  255  140    0  140    0
239   30   78  252   86    8   16    0    7    0  140    0  140    0   99   35   28    4  160    4   51    0  211  255  140    0  140    0
239   30   93  252   92    8   43    0   19    0  140    0  140    0  207   33   29    4  159    4   47    0  214  255  140    0  140    0
239   30  101  252   98    8   55    0   24    0  140    0  140    0   17   35   20    4  167    4   25    0  234  255  140    0  140    0
239   30  100  252   97    8   46    0   20    0  140    0  140    0  126   32   21    4  167    4   23    0  236  255  140    0  140    0
239   30   93  252   94    8   29    0   12    0  140    0  140    0   42   35   25    4  163    4   29    0  231  255  140    0  140    0
239   30   85  252   90    8    9    0    4    0  140    0  140    0  231   33   22    4  166    4   19    0  240  255  140    0  140    0
239   30   79  252   88    8  254  255    0    0  140    0  140    0  181   32   20    4  168    4   13    0  244  255  140    0  140    0
239   30   73  252   85    8  242  255  250  255  140    0  140    0  109   35   21    4  167    4   14    0  244  255  140    0  140    0
239   30   72  252   84    8  241  255  250  255  140    0  140    0    8   32   17    4  171    4    5    0  252  255  140    0  140    0
239   30   57  252   78    8  216  255  238  255  140    0  140    0   23   34   13    4  174    4  254  255    1    0  140    0  140    0
239   30   49  252   74    8  204  255  232  255  140    0  140    0   33   35    8    4  178    4  245  255   10    0  140    0  140    0
239   30   44  252   72    8  201  255  231  255  140    0  140    0  168   34   10    4  176    4  251  255    5    0  140    0  140    0
239   30   36  252   68    8  191  255  226  255  140    0  140    0   66   35    7    4  179    4  245  255    9    0  140    0  140    0
239   30   33  252   66    8  193  255  227  255  140    0  140    0  189   34    6    4  180    4  245  255    9    0  140    0  140    0
239   30   33  252   67    8  202  255  231  255  140    0  140    0  151   34    2    4  183    4  239  255   15    0  140    0  140    0  182   33   43  247  107   16  225    0  121    0  140    0  140    0
239   30   35  252   67    8  211  255  235  255  140    0  140    0   42   34  253    3  188    4  231  255   21    0  140    0  140    0   77   35   57  247  114   16  225    0  121    0  140    0  140    0
239   30   39  252   69    8  224  255  241  255  140    0  140    0  172   32  250    3  190    4  228  255   24    0  140    0  140    0
239   30   41  252   70    8  231  255  245  255  140    0  140    0  244   32  241    3  198    4  214  255   35    0  140    0  140    0
239   30   38  252   69    8  229  255  244  255  140    0  140    0   92   35  231    3  206    4  200  255   45    0  140    0  140    0
239   30   42  252   70    8  238  255  248  255  140    0  140    0   75   34  230    3  207    4  205  255   41    0  140    0  140    0
239   30   43  252   71    8  242  255  250  255  140    0  140    0   38   31  233    3  204    4  217  255   32    0  140    0  140    0
239   30   45  252   72    8  248  255  253  255  140    0  140    0   17   35  230    3  206    4  216  255   32    0  140    0  140    0
239   30   48  252   73    8  255  255    0    0  140    0  140    0  127   33  236    3  201    4  232  255   20    0  140    0  140    0
239   30   45  252   72    8  249  255  253  255  140    0  140    0  246   31  241    3  198    4  243  255   11    0  140    0  140    0
239   30   42  252   70    8  245  255  251  255  140    0  140    0   89   31  242    3  196    4  247  255    7    0  140    0  140    0
239   30   37  252   68    8  237  255  247  255  140    0  140    0  214   31  242    3  197    4  248  255    7    0  140    0  140    0
239   30   36  252   67    8  237  255  247  255  140    0  140    0    2   35  243    3  195    4  252  255    4    0  140    0  140    0
239   30   32  252   65    8  231  255  245  255  140    0  140    0  201   34  244    3  195    4  254  255    2    0  140    0  140    0
239   30   28  252   64    8  227  255  243  255  140    0  140    0   41   35  249    3  191    4    6    0  251  255  140    0  140    0
239   30   27  252   63    8  229  255  243  255  140    0  140    0  221   35  252    3  189    4   10    0  248  255  140    0  140    0
239   30   27  252   63    8  231  255  244  255  140    0  140    0   77   29  251    3  189    4    8    0  249  255  140    0  140    0
239   30   29  252   64    8  238  255  248  255  140    0  140    0   99   30  254    3  186    4   13    0  245  255  140    0  140    0
239   30   30  252   64    8  241  255  249  255  140    0  140    0   18   33    0    4  185    4   14    0  244  255  140    0  140    0
239   30   31  252   64    8  245  255  251  255  140    0  140    0  234   33  254    3  186    4    9    0  248  255  140    0  140    0
239   30   35  252   66    8  254  255  255  255  140    0  140    0   47   34  252    3  188    4    4    0  253  255  140    0  140    0
239   30   43  252   70    8   12    0    6    0  140    0  140    0  242   35  249    3  191    4  255  255    1    0  140    0  140    0
239   30   46  252   72    8   17    0    8    0  140    0  140    0  160   34  253    3  187    4    7    0  250  255  140    0  140    0
239   30   52  252   74    8   26    0   12    0  140    0  140    0   37   32  253    3  187    4    6    0  251  255  140    0  140    0
239   30   67  252   81    8   52    0   23    0  140    0  140    0   43   34    2    4  183    4   15    0  244  255  140    0  140    0
239   30   80  252   87    8   70    0   31    0  140    0  140    0   53   33    8    4  178    4   23    0  236  255  140    0  140    0
239   30   93  252   93    8   87    0   38    0  140    0  140    0  242   33   12    4  175    4   28    0  232  255  140    0  140    0
239   30   98  252   95    8   87    0   37    0  140    0  140    0   98   32   13    4  173    4   28    0  232  255  140    0  140    0
239   30  102  252   97    8   85    0   36    0  140    0  140    0  185   35   11    4  175    4   20    0  239  255  140    0  140    0
239   30  112  252  103    8   95    0   40    0  140    0  140    0   90   33   14    4  172    4   24    0  235  255  140    0  140    0
239   30  129  252  110    8  116    0   48    0  140    0  140    0  249   36   13    4  174    4   18    0  240  255  140    0  140    0
239   30  154  252  123    8  152    0   61    0  140    0  140    0  162   35   16    4  170    4   23    0  236  255  140    0  140    0
239   30  172  252  132    8  169    0   66    0  140    0  140    0   84   31   23    4  164    4   33    0  227  255  140    0  140    0
239   30  191  252  139    8  185    0   71    0  140    0  140    0  164   34   31    4  157    4   44    0  217  255  140    0  140    0
239   30  196  252  141    8  175    0   66    0  140    0  140    0  185   35   31    4  158    4   39    0  222  255  140    0  140    0
239   30  193  252  139    8  148    0   56    0  140    0  140    0   34   35   32    4  157    4   36    0  224  255  140    0  140    0
239   30  183  252  135    8  112    0   43    0  140    0  140    0  151   31   34    4  155    4   35    0  224  255  140    0  140    0
239   30  179  252  133    8   91    0   35    0  140    0  140    0  253   32   26    4  162    4   17    0  241  255  140    0  140    0
239   30  177  252  132    8   77    0   30    0  140    0  140    0    5   32   24    4  164    4   11    0  246  255  140    0  140    0
239   30  163  252  127    8   41    0   16    0  140    0  140    0   68   38   11    4  175    4  244  255   11    0  140    0  140    0
239   30  157  252  124    8   24    0    9    0  140    0  140    0  113   32   11    4  176    4  244  255   11    0  140    0  140    0
239   30  159  252  127    8   27    0   11    0  140    0  140    0  159   35    1    4  184    4  228  255   24    0  140    0  140    0
239   30  166  252  131    8   38    0   15    0  140    0  140    0  169   34  251    3  190    4  219  255   31    0  140    0  140    0
239   30  171  252  135    8   44    0   17    0  140    0  140    0  110   36  243    3  196    4  210  255   38    0  140    0  140    0
239   30  169  252  135    8   35    0   14    0  140    0  140    0  185   30  240    3  198    4  210  255   38    0  140    0  140    0
239   30  175  252  139    8   44    0   17    0  140    0  140    0  123   33  251    3  189    4  235  255   18    0  140    0  140    0
239   30  181  252  143    8   50    0   19    0  140    0  140    0   66   33    6    4  179    4    0    0    0    0  140    0  140    0
239   30  182  252  145    8   48    0   18    0  140    0  140    0   28   35    6    4  179    4    0    0    0    0  140    0  140    0
239   30  173  252  142    8   25    0   10    0  140    0  140    0  128   33    6    4  179    4    0    0    0    0  140    0  140    0
239   30  174  252  143    8   25    0   10    0  140    0  140    0   38   35   24    4  164    4   31    0  229  255  140    0  140    0
239   30  151  252  135    8  236  255  249  255  140    0  140    0  227   34   39    4  152    4   52    0  209  255  140    0  140    0
239   30  141  252  133    8  221  255  242  255  140    0  140    0  132   33   54    4  138    4   73    0  189  255  140    0  140    0
239   30  134  252  131    8  212  255  238  255  140    0  140    0   99   35   64    4  129    4   83    0  178  255  140    0  140    0
239   30  142  252  133    8  232  255  247  255  140    0  140    0   27   33   71    4  123    4   85    0  175  255  140    0  140    0
239   30  155  252  138    8    1    0    0    0  140    0  140    0   71   34   76    4  118    4   85    0  175  255  140    0  140    0
239   30  159  252  138    8    7    0    2    0  140    0  140    0  192   31   58    4  134    4   47    0  214  255  140    0  140    0
239   30  157  252  137    8    3    0    1    0  140    0  140    0   76   32   47    4  144    4   22    0  237  255  140    0  140    0
239   30  150  252  133    8  245  255  252  255  140    0  140    0  158   31   50    4  141    4   25    0  233  255  140    0  140    0
239   30  136  252  127    8  219  255  242  255  140    0  140    0   18   35   63    4  129    4   45    0  214  255  140    0  140    0
239   30  126  252  124    8  206  255  236  255  140    0  140    0   76   33   60    4  132    4   35    0  223  255  140    0  140    0
239   30  117  252  122    8  196  255  231  255  140    0  140    0  175   33   53    4  138    4   20    0  238  255  140    0  140    0
239   30  109  252  120    8  189  255  228  255  140    0  140    0   13   33   55    4  137    4   20    0  238  255  140    0  140    0
239   30  106  252  120    8  191  255  229  255  140    0  140    0  121   31   33    4  158    4  236  255   20    0  140    0  140    0
239   30  110  252  122    8  206  255  236  255  140    0  140    0  241   31   21    4  169    4  217  255   35    0  140    0  140    0
239   30  118  252  127    8  227  255  244  255  140    0  140    0  192   35    8    4  180    4  199  255   49    0  140    0  140    0
239   30  127  252  130    8  248  255  253  255  140    0  140    0  230   32  254    3  189    4  187  255   59    0  140    0  140    0
239   30  128  252  129    8  250  255  254  255  140    0  140    0  151   33  244    3  198    4  176  255   66    0  140    0  140    0
239   30  122  252  128    8  241  255  250  255  140    0  140    0  145   35  234    3  207    4  166  255   74    0  140    0  140    0
239   30  111  252  122    8  220  255  241  255  140    0  140    0  239   34  229    3  211    4  167  255   72    0  140    0  140    0
239   30  102  252  118    8  208  255  236  255  140    0  140    0   20   34  227    3  212    4  173  255   67    0  140    0  140    0
239   30   92  252  113    8  194  255  230  255  140    0  140    0  144   35  221    3  216    4  172  255   67    0  140    0  140    0
239   30   88  252  110    8  193  255  229  255  140    0  140    0  119   35  215    3  221    4  171  255   67    0  140    0  140    0
239   30   89  252  110    8  201  255  233  255  140    0  140    0   56   35  220    3  217    4  189  255   53    0  140    0  140    0
239   30   90  252  109    8  208  255  236  255  140    0  140    0  204   34  216    3  220    4  189  255   53    0  140    0  140    0
239   30   90  252  109    8  215  255  238  255  140    0  140    0  142   32  221    3  216    4  206  255   40    0  140    0  140    0
239   30   96  252  110    8  229  255  245  255  140    0  140    0  106   35  218    3  218    4  206  255   40    0  140    0  140    0
239   30   94  252  109    8  229  255  245  255  140    0  140    0  181   33  239    3  202    4  249  255    7    0  140    0  140    0
239   30   89  252  106    8  223  255  242  255  140    0  140    0    5   33  247    3  195    4    6    0  251  255  140    0  140    0
239   30   93  252  107    8  232  255  246  255  140    0  140    0  247   36  249    3  194    4    9    0  248  255  140    0  140    0
239   30  101  252  110    8  250  255  254  255  140    0  140    0  241   34    1    4  187    4   22    0  237  255  140    0  140    0
239   30  113  252  117    8   18    0    7    0  140    0  140    0  243   35    8    4  181    4   32    0  229  255  140    0  140    0
239   30  105  252  113    8    1    0    0    0  140    0  140    0   58   36   17    4  173    4   46    0  216  255  140    0  140    0
239   30  100  252  112    8  249  255  253  255  140    0  140    0   72   35   30    4  162    4   64    0  200  255  140    0  140    0
239   30  112  252  117    8   15    0    6    0  140    0  140    0  103   34   41    4  153    4   76    0  188  255  140    0  140    0
239   30  129  252  123    8   45    0   18    0  140    0  140    0  194   33   53    4  142    4   89    0  174  255  140    0  140    0
239   30  139  252  129    8   60    0   24    0  140    0  140    0  208   33   62    4  133    4   97    0  165  255  140    0  140    0
239   30  149  252  134    8   72    0   29    0  140    0  140    0   49   30   73    4  123    4  106    0  155  255  140    0  140    0
239   30  154  252  137    8   73    0   29    0  140    0  140    0  237   34   78    4  118    4  104    0  156  255  140    0  140    0
239   30  158  252  140    8   74    0   29    0  140    0  140    0  118   33   83    4  113    4  101    0  158  255  140    0  140    0
239   30  147  252  135    8   44    0   17    0  140    0  140    0  170   29   77    4  119    4   78    0  182  255  140    0  140    0
239   30  133  252  128    8   11    0    5    0  140    0  140    0  208   32   72    4  123    4   61    0  198  255  140    0  140    0
239   30  124  252  124    8  249  255  254  255  140    0  140    0  255   31   66    4  129    4   44    0  215  255  140    0  140    0
239   30  118  252  121    8  239  255  249  255  140    0  140    0  238   34   57    4  138    4   21    0  237  255  140    0  140    0
239   30  110  252  119    8  226  255  244  255  140    0  140    0   68   34   49    4  146    4    4    0  252  255  140    0  140    0
239   30  108  252  117    8  225  255  243  255  140    0  140    0  213   35   40    4  154    4  244  255   11    0  140    0  140    0
239   30  110  252  117    8  233  255  247  255  140    0  140    0  174   33   34    4  160    4  235  255   19    0  140    0  140    0
239   30  111  252  117    8  236  255  248  255  140    0  140    0   66   36   30    4  163    4  231  255   22    0  140    0  140    0
239   30  102  252  114    8  222  255  242  255  140    0  140    0   25   34   28    4  165    4  229  255   24    0  140    0  140    0
239   30  107  252  118    8  237  255  249  255  140    0  140    0   47   31   25    4  167    4  228  255   25    0  140    0  140    0
239   30  120  252  124    8    7    0    3    0  140    0  140    0  201   36   22    4  170    4  224  255   28    0  140    0  140    0
239   30  115  252  123    8  254  255  255  255  140    0  140    0   75   34   16    4  175    4  217  255   34    0  140    0  140    0
239   30  109  252  122    8  244  255  251  255  140    0  140    0  233   33   23    4  169    4  234  255   19    0  140    0  140    0
239   30  115  252  125    8    0    0    0    0  140    0  140    0   98   32   18    4  173    4  227  255   25    0  140    0  140    0
239   30  120  252  129    8   11    0    4    0  140    0  140    0   27   37   18    4  173    4  232  255   21    0  140    0  140    0
239   30  123  252  131    8   15    0    6    0  140    0  140    0   14   35   22    4  169    4  241  255   13    0  140    0  140    0
239   30  121  252  131    8   11    0    4    0  140    0  140    0  219   36   21    4  170    4  241  255   13    0  140    0  140    0
239   30  121  252  132    8    9    0    4    0  140    0  140    0   40   35   12    4  177    4  228  255   24    0  140    0  140    0
239   30  121  252  133    8   10    0    4    0  140    0  140    0   22   33    7    4  182    4  221  255   30    0  140    0  140    0
239   30  124  252  135    8   14    0    5    0  140    0  140    0  143   32    3    4  185    4  217  255   33    0  140    0  140    0
239   30  129  252  137    8   22    0    9    0  140    0  140    0   39   34  246    3  196    4  198  255   48    0  140    0  140    0
239   30  137  252  142    8   35    0   14    0  140    0  140    0  115   37  245    3  197    4  203  255   44    0  140    0  140    0
239   30  146  252  146    8   49    0   19    0  140    0  140    0  149   31  237    3  203    4  195  255   50    0  140    0  140    0
239   30  144  252  146    8   39    0   15    0  140    0  140    0  200   31  229    3  210    4  186  255   56    0  140    0  140    0
239   30  136  252  143    8   21    0    8    0  140    0  140    0   64   28  223    3  215    4  183  255   58    0  140    0  140    0
239   30  146  252  148    8   36    0   14    0  140    0  140    0  132   35  223    3  214    4  192  255   51    0  140    0  140    0
239   30  154  252  152    8   48    0   19    0  140    0  140    0  204   35  224    3  214    4  200  255   45    0  140    0  140    0
239   30  157  252  154    8   50    0   19    0  140    0  140    0  213   33  223    3  214    4  205  255   41    0  140    0  140    0
239   30  158  252  154    8   44    0   17    0  140    0  140    0  239   31  233    3  206    4  230  255   22    0  140    0  140    0
239   30  159  252  155    8   43    0   16    0  140    0  140    0  125   35  232    3  207    4  231  255   20    0  140    0  140    0
239   30  163  252  158    8   45    0   17    0  140    0  140    0   94   34  231    3  208    4  231  255   20    0  140    0  140    0
239   30  163  252  158    8   41    0   16    0  140    0  140    0   58   33  218    3  218    4  211  255   36    0  140    0  140    0
239   30  162  252  158    8   34    0   13    0  140    0  140    0   67   32  209    3  225    4  200  255   44    0  140    0  140    0
239   30  161  252  158    8   29    0   11    0  140    0  140    0  123   30  212    3  222    4  212  255   35    0  140    0  140    0
239   30  157  252  157    8   17    0    6    0  140    0  140    0  170   33  213    3  222    4  217  255   30    0  140    0  140    0
239   30  148  252  154    8    0    0    0    0  140    0  140    0  111   33  204    3  229    4  205  255   40    0  140    0  140    0
239   30  139  252  151    8  239  255  250  255  140    0  140    0  238   35  200    3  232    4  204  255   40    0  140    0  140    0
239   30  133  252  149    8  229  255  245  255  140    0  140    0  182   33  205    3  227    4  220  255   28    0  140    0  140    0
239   30  133  252  149    8  233  255  247  255  140    0  140    0   37   34  215    3  220    4  241  255   12    0  140    0  140    0
239   30  137  252  151    8  243  255  251  255  140    0  140    0  194   32  224    3  213    4    3    0  254  255  140    0  140    0
239   30  145  252  155    8    3    0    1    0  140    0  140    0   88   32  223    3  214    4    0    0    0    0  140    0  140    0
239   30  153  252  158    8   18    0    7    0  140    0  140    0  222   29  227    3  210    4    8    0  249  255  140    0  140    0
239   30  162  252  162    8   33    0   13    0  140    0  140    0   77   34  224    3  212    4    2    0  254  255  140    0  140    0
239   30  163  252  163    8   31    0   12    0  140    0  140    0  135   35  226    3  210    4    6    0  251  255  140    0  140    0
239   30  158  252  161    8   18    0    7    0  140    0  140    0  180   35  231    3  207    4   14    0  245  255  140    0  140    0
239   30  145  252  157    8  249  255  254  255  140    0  140    0  172   31  240    3  199    4   30    0  232  255  140    0  140    0
239   30  135  252  153    8  231  255  246  255  140    0  140    0   66   33  253    3  189    4   49    0  215  255  140    0  140    0
239   30  126  252  150    8  217  255  240  255  140    0  140    0   25   35    0    4  187    4   49    0  215  255  140    0  140    0
239   30  113  252  145    8  197  255  232  255  140    0  140    0  182   31   18    4  171    4   78    0  189  255  140    0  140    0
239   30  103  252  141    8  185  255  227  255  140    0  140    0  209   33   28    4  163    4   87    0  179  255  140    0  140    0
239   30   96  252  138    8  179  255  224  255  140    0  140    0  206   32   46    4  147    4  109    0  158  255  140    0  140    0
239   30   95  252  138    8  186  255  227  255  140    0  140    0  124   33   52    4  142    4  108    0  157  255  140    0  140    0
239   30   93  252  137    8  191  255  229  255  140    0  140    0  164   38   52    4  141    4   97    0  167  255  140    0  140    0
239   30   98  252  139    8  208  255  236  255  140    0  140    0  143   32   55    4  138    4   91    0  171  255  140    0  140    0
239   30  101  252  141    8  219  255  241  255  140    0  140    0   42   34   58    4  135    4   88    0  174  255  140    0  140    0
239   30   94  252  138    8  211  255  237  255  140    0  140    0  168   34   58    4  135    4   78    0  184  255  140    0  140    0
239   30   92  252  138    8  212  255  237  255  140    0  140    0   93   30   56    4  137    4   65    0  195  255  140    0  140    0
239   30   99  252  140    8  229  255  245  255  140    0  140    0   91   35   53    4  140    4   52    0  208  255  140    0  140    0
239   30  105  252  144    8  246  255  252  255  140    0  140    0   44   34   48    4  145    4   37    0  222  255  140    0  140    0   65   34   65  252  228    4  188    1  110  255  123    0  130    0
239   30  116  252  147    8   10    0    4    0  140    0  140    0  170   34   43    4  150    4   24    0  235  255  140    0  140    0  244   32  102  252  221    4  198    1  182  255  115    0  115    0
239   30  128  252  152    8   31    0   13    0  140    0  140    0   44   30   39    4  153    4   15    0  242  255  140    0  140    0    6   35  106  252  227    4  178    1  105  255  104    0  101    0
239   30  134  252  155    8   40    0   16    0  140    0  140    0  157   33   38    4  154    4   11    0  246  255  140    0  140    0   82   35  134  252  219    4  178    1  162  255  108    0  105    0
239   30  129  252  153    8   25    0   10    0  140    0  140    0  241   30   36    4  155    4    7    0  250  255  140    0  140    0   40   34  160  252  214    4  178    1  162  255  108    0  105    0
239   30  118  252  148    8    1    0    0    0  140    0  140    0  200   35   37    4  155    4    7    0  250  255  140    0  140    0   18   36  186  252  208    4  178    1  162  255  108    0  105    0
239   30  111  252  143    8  243  255  251  255  140    0  140    0  239   31   36    4  155    4    5    0  252  255  140    0  140    0  126   33  212  252  202    4  178    1  162  255  108    0  105    0
239   30  103  252  139    8  230  255  245  255  140    0  140    0  192   30   37    4  155    4    6    0  251  255  140    0  140    0  154   36  238  252  197    4  178    1  162  255  108    0  105    0
239   30   96  252  134    8  218  255  240  255  140    0  140    0  136   34   37    4  154    4    6    0  251  255  140    0  140    0
239   30   90  252  130    8  210  255  236  255  140    0  140    0    1   35   38    4  154    4    6    0  251  255  140    0  140    0
239   30   85  252  127    8  206  255  235  255  140    0  140    0  171   35   38    4  154    4    6    0  251  255  140    0  140    0
239   30   71  252  119    8  183  255  224  255  140    0  140    0  184   31   38    4  153    4    6    0  251  255  140    0  140    0
239   30   66  252  117    8  183  255  224  255  140    0  140    0  202   34   39    4  153    4    6    0  251  255  140    0  140    0
239   30   62  252  115    8  183  255  224  255  140    0  140    0   65   34   39    4  153    4    6    0  251  255  140    0  140    0   50   34  101  253  247    4  116    1  185    0  115    0  107    0
239   30   58  252  113    8  183  255  224  255  140    0  140    0  117   33   39    4  152    4    6    0  251  255  140    0  140    0   63   33  164  253   53    5  192    0  157    0  121    0  104    0  231   31  123  253    2    5  116    1  185    0  115    0  107    0
239   30   53  252  111    8  183  255  224  255  140    0  140    0   50   32   88    4  105    4   72    0  190  255  140    0  140    0   38   34  176  253   63    5  192    0  157    0  121    0  104    0
239   30   49  252  109    8  183  255  224  255  140    0  140    0  145   33   89    4  104    4   67    0  191  255  140    0  140    0   43   35  201  253   80    5  223    0  163    0  123    0  108    0   61   34  144  253   12    5   81    1   97    0  110    0   95    0
239   30   44  252  107    8  183  255  224  255  140    0  140    0  193   34   93    4  100    4   67    0  191  255  140    0  140    0  120   29  204  253   82    5  199    0  152    0  125    0  112    0  167   32  164  253   18    5   81    1   97    0  110    0   95    0
239   30   40  252  105    8  183  255  224  255  140    0  140    0   98   31   97    4   96    4   67    0  191  255  140    0  140    0   28   34  206  253   88    5  180    0  143    0  126    0  115    0
239   30   36  252  104    8  183  255  224  255  140    0  140    0  251   31  101    4   92    4   67    0  191  255  140    0  140    0    6   35  208  253   90    5  161    0  135    0  127    0  118    0  199   35  201  253   51    5   81    1  143    0  113    0  100    0
239   30   31  252  102    8  183  255  224  255  140    0  140    0  213   33  105    4   88    4   67    0  191  255  140    0  140    0  229   35  218  253   98    5  161    0  135    0  127    0  118    0  167   36  221  253   60    5   81    1  143    0  113    0  100    0
239   30   27  252  100    8  183  255  224  255  140    0  140    0  227   31   77    4  116    4   25    0  235  255  140    0  140    0  148   34  229  253  109    5  159    0  196    0  128    0  120    0
107   31  245  253  123    5  172    0  201    0  129    0  122    0  137   35   78    4  115    4   25    0  235  255  140    0  140    0
107   31  255  253  135    5  172    0  201    0  129    0  122    0   15   34   33    4  160    4  219  255   38    0  140    0  140    0
107   31  244  253  135    5  134    0  123    0  130    0  124    0    3   36   30    4  162    4  219  255   38    0  140    0  140    0
107   31    3  254  145    5  140    0  242    0  135    0  123    0  128   33   18    4  174    4  205  255   45    0  140    0  140    0
107   31   21  254  161    5  155    0    0    1  138    0  126    0  103   29   15    4  176    4  205  255   45    0  140    0  140    0
107   31   68  254  190    5  218    0   74    1  124    0  118    0  183   34  248    3  197    4  177  255   67    0  140    0  140    0
107   31   85  254  211    5  224    0  137    1  129    0  125    0    4   33  239    3  204    4  171  255   70    0  140    0  140    0
107   31   97  254  232    5  222    0   79    1  129    0  127    0   45   30  227    3  214    4  160  255   77    0  140    0  140    0
107   31  111  254  253    5  222    0   79    1  129    0  127    0  142   33  223    3  216    4  164  255   73    0  140    0  140    0
107   31  124  254   17    6  222    0   79    1  129    0  127    0   50   34  220    3  218    4  168  255   70    0  140    0  140    0
107   31  137  254   37    6  222    0   79    1  129    0  127    0  133   37  213    3  224    4  165  255   72    0  140    0  140    0
107   31  159  254   69    6  236    0  190    1  144    0  138    0  233   33  204    3  230    4  159  255   75    0  140    0  140    0
107   31  185  254   98    6    0    1  249    1  144    0  143    0  182   35  207    3  228    4  175  255   63    0  140    0  140    0
107   31  201  254  128    6    0    1  249    1  144    0  143    0  249   33  203    3  230    4  178  255   60    0  140    0  140    0   40   33   43  252   69    8   21    0    9    0  140    0  140    0
107   31  221  254  160    6    8    1  248    1  149    0  152    0  114   32  198    3  234    4  176  255   61    0  140    0  140    0    5   36   42  252   69    8   16    0    7    0  140    0  140    0
107   31  237  254  190    6    8    1  248    1  149    0  152    0  124   32  195    3  236    4  180  255   58    0  140    0  140    0  214   33   42  252   69    8   14    0    6    0  140    0  140    0
107   31   14  255  225    6   35    1   47    2  147    0  150    0  250   32  196    3  235    4  192  255   49    0  140    0  140    0  196   29   45  252   70    8   17    0    8    0  140    0  140    0
107   31   42  255    4    7   51    1   45    2  157    0  150    0  227   32  196    3  235    4  199  255   44    0  140    0  140    0   64   35   45  252   70    8   16    0    7    0  140    0  140    0
107   31   61  255   38    7   51    1   45    2  157    0  150    0   47   32  193    3  238    4  199  255   44    0  140    0  140    0   95   32   45  252   70    8   13    0    6    0  140    0  140    0
107   31  110  255   76    7   96    1   97    2  145    0  148    0  255   32  190    3  240    4  200  255   42    0  140    0  140    0  209   31   43  252   69    8    7    0    3    0  140    0  140    0
107   31  141  255  114    7  112    1   93    2  144    0  147    0  191   33  183    3  245    4  194  255   47    0  140    0  140    0  218   35   41  252   68    8    2    0    1    0  140    0  140    0
107   31  165  255  151    7  114    1   88    2  153    0  150    0   15   33  183    3  245    4  200  255   42    0  140    0  140    0  225   34   37  252   66    8  252  255  254  255  140    0  140    0
107   31  187  255  187    7  114    1   88    2  153    0  150    0  250   34  183    3  244    4  207  255   37    0  140    0  140    0  130   32   36  252   66    8  251  255  254  255  140    0  140    0
107   31  220  255  225    7  132    1  139    2  151    0  156    0  109   35  179    3  247    4  206  255   37    0  140    0  140    0  251   33   39  252   67    8    0    0    0    0  140    0  140    0
