1   25  251  245  243   21   39    0   18    0  133    0  133    0  121   32   66  247   70   23  253  255  255  255  140    0  140    0   95   35  166  239  110   26  175  255  206  255  140    0  140    0
1   25  254  245  244   21   41    0   19    0  133    0  133    0   26   31   82  247   77   23   22    0    8    0  140    0  140    0   73   32  161  239  107   26  175  255  206  255  140    0  140    0
1   25  248  245  242   21   26    0   11    0  133    0  133    0   71   32   70  247   72   23    1    0    0    0  140    0  140    0  216   36  156  239  104   26  175  255  206  255  140    0  140    0
1   25  247  245  241   21   21    0    9    0  133    0  133    0  124   34   64  247   70   23  248  255  253  255  140    0  140    0  207   33  151  239  101   26  175  255  206  255  140    0  140    0
1   25  237  245  236   21  255  255    0    0  133    0  133    0  236   32   74  247   73   23    8    0    3    0  140    0  140    0  204   33  147  239   98   26  175  255  206  255  140    0  140    0
1   25  239  245  237   21    3    0    1    0  133    0  133    0  132   28   44  247   62   23  214  255  241  255  140    0  140    0  202   32  142  239   95   26  175  255  206  255  140    0  140    0
1   25  242  245  239   21    8    0    3    0  133    0  133    0  255   32   17  247   52   23  174  255  225  255  140    0  140    0  174   35  137  239   92   26  175  255  206  255  140    0  140    0
1   25  254  245  244   21   29    0   13    0  126    0  133    0  246   33   13  247   50   23  174  255  225  255  140    0  140    0
1   25  246  245  241   21   12    0    5    0  127    0  133    0   76   33    0  247   46   23  162  255  220  255  140    0  140    0
1   25  245  245  240   21    9    0    4    0  128    0  133    0  115   32   20  247   53   23  204  255  237  255  140    0  140    0
1   25  231  245  234   21  238  255  248  255  129    0  133    0   34   32   18  247   52   23  206  255  237  255  140    0  140    0
1   25  229  245  233   21  236  255  247  255  130    0  133    0  186   34    6  247   48   23  191  255  231  255  140    0  140    0
1   25  227  245  232   21  234  255  246  255  131    0  133    0  162   34  243  246   40   23  166  255  221  255  140    0  140    0
1   25  219  245  228   21  221  255  240  255  132    0  133    0  162   36  243  246   40   23  175  255  225  255  140    0  140    0
1   25  220  245  228   21  227  255  243  255  133    0  133    0  202   34  231  246   35   23  163  255  220  255  140    0  140    0
1   25  216  245  227   21  223  255  241  255  133    0  133    0  233   36  233  246   36   23  177  255  225  255  140    0  140    0
1   25  217  245  227   21  230  255  244  255  133    0  133    0   96   35  249  246   42   23  210  255  238  255  140    0  140    0
1   25  218  245  228   21  234  255  246  255  133    0  133    0  230   30  250  246   43   23  217  255  241  255  140    0  140    0
1   25  215  245  226   21  230  255  244  255  133    0  133    0  186   33    8  247   48   23  243  255  252  255  140    0  140    0   47   37   23  240  181   26   25    0   15    0  140    0  140    0
1   25  209  245  224   21  223  255  241  255  133    0  133    0   48   34   33  247   58   23   30    0   11    0  140    0  140    0  170   34   99    7   88   13   53  254  210  253  140    0  140    0   84   34   31  240  186   26   37    0   22    0  140    0  140    0
1   25  218  245  228   21  244  255  251  255  133    0  133    0  197   31   63  247   70   23   76    0   29    0  140    0  140    0   56   34   17  240  178   26    5    0    3    0  140    0  140    0   48   32   62    7   58   13   41  254  216  253  140    0  140    0
1   25  215  245  226   21  238  255  248  255  133    0  133    0  233   33   61  247   69   23   65    0   24    0  140    0  140    0  120   35   22  240  181   26   14    0    8    0  140    0  140    0  228   34   20    7   30   13   24  254  225  253  140    0  140    0
1   25  210  245  224   21  232  255  245  255  133    0  133    0   99   33   75  247   75   23   83    0   31    0  140    0  140    0   82   35    3  240  170   26  233  255  242  255  140    0  140    0    1   33  249    6  250   12   29  254  221  253  140    0  140    0
1   25  220  245  228   21  252  255  255  255  133    0  133    0  169   34   89  247   80   23   97    0   36    0  140    0  140    0  139   31    2  240  169   26  233  255  242  255  140    0  140    0  201   34  217    6  216   12   25  254  223  253  140    0  140    0
1   25  228  245  232   21   11    0    5    0  133    0  133    0   89   35  103  247   85   23  111    0   41    0  140    0  140    0  167   31  240  239  154   26  198  255  221  255  140    0  140    0  244   29  188    6  184   12   25  254  223  253  140    0  140    0
1   25  226  245  231   21    7    0    3    0  133    0  133    0   12   35  110  247   88   23  111    0   41    0  140    0  140    0  220   34  236  239  151   26  198  255  221  255  140    0  140    0   86   36  150    6  159   12   11  254  229  253  140    0  140    0
1   25  234  245  235   21   21    0    9    0  133    0  133    0  147   34  150  247  103   23  166    0   60    0  140    0  140    0   32   34  233  239  149   26  198  255  221  255  140    0  140    0  149   35  127    6  122   12   21  254  223  253  140    0  140    0
1   25  228  245  232   21    8    0    3    0  133    0  133    0  146   33  193  247  119   23  221    0   78    0  140    0  140    0  103   33  229  239  147   26  198  255  221  255  140    0  140    0  243   33  110    6   82   12   41  254  213  253  140    0  140    0
1   25  225  245  231   21    0    0    0    0  133    0  133    0   71   31  207  247  123   23  221    0   78    0  140    0  140    0  200   34  226  239  145   26  198  255  221  255  140    0  140    0  254   29   95    6   42   12   60  254  203  253  140    0  140    0
1   25  228  245  232   21    6    0    3    0  133    0  133    0  171   34  220  247  128   23  220    0   76    0  140    0  140    0    5   31  222  239  143   26  198  255  221  255  140    0  140    0  211   35   68    6    8   12   60  254  203  253  140    0  140    0
1   25  231  245  234   21   11    0    5    0  133    0  133    0  202   33  233  247  132   23  220    0   76    0  140    0  140    0   17   35  218  239  141   26  198  255  221  255  140    0  140    0   82   37   28    6  238   11   41  254  212  253  140    0  140    0
1   25  230  245  233   21    8    0    3    0  133    0  133    0   57   33  210  247  124   23  163    0   57    0  140    0  140    0  118   34    0    6  204   11   41  254  212  253  140    0  140    0
1   25  242  245  239   21   30    0   14    0  133    0  133    0  161   33  188  247  116   23  114    0   40    0  140    0  140    0  221   32  169    5  187   11  215  253  247  253  125    0  127    0
1   25  249  245  242   21   40    0   18    0  133    0  133    0  202   35  162  247  107   23   63    0   22    0  140    0  140    0  144   34  136    5  156   11  215  253  247  253  125    0  127    0
1   25  248  245  242   21   34    0   15    0  133    0  133    0   87   34  136  247   98   23   15    0    5    0  140    0  140    0  249   34  180  239  119   26  164  255  201  255  140    0  140    0   58   35  103    5  125   11  215  253  247  253  125    0  127    0
1   25  248  245  242   21   30    0   13    0  133    0  133    0  219   33  112  247   89   23  232  255  248  255  140    0  140    0  173   33  175  239  116   26  164  255  201  255  140    0  140    0  191   32   69    5   94   11  215  253  247  253  125    0  127    0
1   25  250  245  242   21   30    0   14    0  123    0  132    0   53   32  111  247   89   23  232  255  248  255  140    0  140    0   67   37  171  239  113   26  166  255  201  255  140    0  140    0  205   30   25    5   76   11  196  253   60  254  126    0  128    0
1   25  243  245  239   21   13    0    6    0  125    0  133    0  188   33   98  247   84   23  213  255  241  255  140    0  140    0  100   35  192  239  127   26  200  255  222  255  140    0  140    0  243   34  247    4   48   11  196  253   60  254  126    0  128    0
1   25  238  245  237   21    2    0    1    0  126    0  133    0  162   33   70  247   74   23  173  255  225  255  140    0  140    0  182   29  188  239  125   26  200  255  222  255  140    0  140    0   82   34  229    4   13   11  227  253   45  254  127    0  129    0
1   25  247  245  241   21   17    0    8    0  119    0  133    0   87   34   65  247   72   23  173  255  225  255  140    0  140    0   18   35  151  239   95   26  153  255  192  255  140    0  140    0  151   33  201    4  240   10  236  253   39  254  128    0  130    0
1   25  244  245  239   21   10    0    4    0  121    0  133    0    8   32   83  247   78   23  210  255  239  255  140    0  140    0  255   32  122  239   78   26  122  255  172  255  140    0  140    0  211   36  171    4  212   10  240  253   36  254  129    0  131    0
1   25  240  245  238   21    2    0    1    0  123    0  133    0  230   32   60  247   70   23  177  255  226  255  140    0  140    0   70   33  137  239   88   26  155  255  193  255  140    0  140    0  192   36  146    4  181   10  251  253   30  254  130    0  132    0
1   25  249  245  242   21   18    0    8    0  125    0  133    0  200   28   70  247   73   23  201  255  236  255  140    0  140    0  246   32  147  239   94   26  178  255  208  255  140    0  140    0  160   34  128    4  146   10   21  254   19  254  131    0  133    0
1   25    0  246  245   21   30    0   13    0  126    0  133    0   54   35   58  247   69   23  186  255  230  255  140    0  140    0   84   34  153  239   99   26  195  255  219  255  140    0  140    0  162   34  133    4  101   10   86  254  249  253  115    0  125    0
1   25    5  246  247   21   36    0   16    0  127    0  133    0   17   35   53  247   67   23  186  255  230  255  140    0  140    0  216   33  149  239   96   26  195  255  219  255  140    0  140    0  212   37  100    4   72   10   73  254  253  253  118    0  126    0
1   25  254  245  244   21   19    0    8    0  128    0  133    0  201   32   48  247   65   23  185  255  229  255  140    0  140    0  242   33  162  239  105   26  222  255  235  255  140    0  140    0  133   34   75    4   42   10   74  254  252  253  120    0  127    0
1   25  250  245  242   21    8    0    3    0  129    0  133    0  114   34   34  247   59   23  167  255  222  255  140    0  140    0   39   36  183  239  118   26    3    0    2    0  140    0  140    0  175   32   46    4   13   10   69  254  253  253  122    0  128    0
1   25  255  245  245   21   17    0    8    0  130    0  133    0  133   34   37  247   61   23  182  255  228  255  140    0  140    0   19   34  164  239  107   26  229  255  240  255  140    0  140    0  212   35   20    4  238    9   69  254  253  253  122    0  128    0
1   25  253  245  243   21   11    0    5    0  131    0  133    0  207   31   40  247   61   23  194  255  233  255  140    0  140    0  179   36  157  239  103   26  219  255  233  255  140    0  140    0   86   35  231    3  221    9   33  254   74  254  124    0  129    0
1   25  251  245  243   21    6    0    3    0  132    0  133    0   34   36   25  247   56   23  176  255  226  255  140    0  140    0  217   34  183  239  119   26   12    0    8    0  140    0  140    0  173   34  202    3  194    9   33  254   74  254  124    0  129    0
1   25  254  245  244   21   11    0    5    0  133    0  133    0    1   33   39  247   61   23  209  255  239  255  140    0  140    0  108   34  158  239  104   26  224  255  236  255  140    0  140    0   83   34  194    3  163    9   72  254   60  254  126    0  130    0
1   25    2  246  246   21   18    0    8    0  133    0  133    0   47   35   60  247   69   23  251  255  255  255  140    0  140    0   23   36  156  239  103   26  224  255  236  255  140    0  140    0   87   32  168    3  136    9   72  254   58  254  127    0  131    0
1   25    5  246  247   21   21    0    9    0  133    0  133    0  254   33   61  247   69   23  253  255  255  255  140    0  140    0  254   32  124  239   83   26  171  255  203  255  140    0  140    0  214   31  134    3  113    9   57  254   62  254  128    0  132    0
1   25   15  246  252   21   38    0   17    0  133    0  133    0  187   34   74  247   74   23   19    0    7    0  140    0  140    0    1   35  119  239   80   26  171  255  203  255  140    0  140    0  173   31  103    3   88    9   49  254   62  254  129    0  133    0
1   25   23  246  255   21   48    0   21    0  133    0  133    0   19   34   74  247   74   23   17    0    6    0  140    0  140    0  239   33   82  239   53   26  114  255  166  255  140    0  140    0  171   33   81    3   60    9   59  254   57  254  130    0  133    0
1   25   14  246  251   21   26    0   11    0  133    0  133    0  247   32   78  247   76   23   23    0    8    0  140    0  140    0  185   37   73  239   48   26  114  255  166  255  140    0  140    0   11   35   33    3   42    9   21  254   66  254  131    0  133    0
1   25    8  246  249   21   11    0    5    0  133    0  133    0   59   34   71  247   73   23    7    0    2    0  140    0  140    0  245   31   94  239   62   26  163  255  198  255  140    0  140    0  142   34  254    2   18    9   10  254   66  254  132    0  133    0
1   25    4  246  247   21    3    0    1    0  133    0  133    0   15   31   56  247   67   23  236  255  249  255  140    0  140    0   21   34   85  239   56   26  157  255  193  255  140    0  140    0  188   33  238    2  248    8   33  254   57  254  121    0  120    0
1   25    6  246  248   21    6    0    3    0  133    0  133    0   63   35   54  247   66   23  235  255  248  255  140    0  140    0  112   33   79  239   52   26  157  255  193  255  140    0  140    0  232   35  214    2  219    8   44  254   52  254  123    0  122    0
1   25  254  245  244   21  247  255  252  255  133    0  133    0  252   34   78  247   75   23   22    0    8    0  140    0  140    0   14   35   73  239   48   26  157  255  193  255  140    0  140    0  142   36  190    2  190    8   54  254   47  254  133    0  127    0
1   25    1  246  245   21  253  255  255  255  133    0  133    0   23   32   91  247   80   23   43    0   16    0  140    0  140    0  237   37  158  239  103   26   38    0   27    0  140    0  140    0  191   36  163    2  162    8   54  254   47  254  133    0  127    0
1   25  253  245  244   21  246  255  252  255  133    0  133    0    6   35   94  247   81   23   43    0   16    0  140    0  140    0  188   36  132  239   88   26  254  255  255  255  140    0  140    0    3   34  142    2  132    8   68  254   38  254  127    0  126    0
1   25  238  245  237   21  219  255  239  255  133    0  133    0   20   35   96  247   82   23   43    0   16    0  140    0  140    0   55   33  164  239  108   26   45    0   28    0  140    0  140    0  180   32  115    2  104    8   68  254   36  254  128    0  127    0
1   25  222  245  230   21  193  255  227  255  133    0  133    0  104   34   93  247   81   23   33    0   12    0  140    0  140    0  131   33  167  239  110   26   45    0   28    0  140    0  140    0  133   36   93    2   73    8   79  254   31  254  129    0  128    0
1   25  213  245  225   21  183  255  222  255  133    0  133    0    9   30   95  247   82   23   33    0   12    0  140    0  140    0  138   30   97  239   66   26  193  255  217  255  140    0  140    0   62   38   60    2   49    8   62  254   33  254  130    0  129    0
1   25  224  245  230   21  212  255  236  255  133    0  133    0   92   34  103  247   85   23   43    0   15    0  140    0  140    0  156   33   84  239   57   26  178  255  207  255  140    0  140    0   16   34   24    2   23    8   43  254   33  254  131    0  130    0
1   25  229  245  233   21  227  255  243  255  133    0  133    0  133   32  111  247   88   23   51    0   19    0  140    0  140    0  162   35  111  239   75   26  228  255  239  255  140    0  140    0  177   35   25    2  242    7  103  254   20  254  123    0  120    0
1   25  226  245  231   21  225  255  242  255  133    0  133    0   95   35  130  247   95   23   76    0   27    0  140    0  140    0  168   34  110  239   74   26  228  255  239  255  140    0  140    0  219   34    0    2  214    7  102  254   17  254  130    0  126    0
1   25  224  245  230   21  224  255  242  255  133    0  133    0   92   32  134  247   96   23   76    0   27    0  140    0  140    0  113   34  103  239   70   26  221  255  234  255  140    0  140    0  154   35  230    1  185    7   98  254   15  254  137    0  125    0
1   25  220  245  228   21  220  255  240  255  133    0  133    0   34   33  167  247  108   23  119    0   43    0  140    0  140    0   71   33   94  239   65   26  209  255  227  255  140    0  140    0  165   29  225    1  155    7  137  254    7  254  124    0  120    0
1   25  212  245  225   21  210  255  235  255  133    0  133    0    7   36  174  247  111   23  119    0   43    0  140    0  140    0  255   34   77  239   54   26  186  255  212  255  140    0  140    0  112   34  213    1  124    7  158  254    0  254  117    0  120    0
1   25  224  245  230   21  238  255  248  255  133    0  133    0  149   34  141  247   99   23   58    0   21    0  140    0  140    0  142   30   63  239   45   26  170  255  201  255  140    0  140    0  100   34  194    1   93    7  163  254  254  253  119    0  122    0
1   25  226  245  231   21  243  255  250  255  133    0  133    0  139   33  145  247  100   23   58    0   21    0  140    0  140    0   23   35   57  239   42   26  170  255  201  255  140    0  140    0   10   37  169    1   64    7  155  254  254  253  134    0  126    0
1   25  231  245  233   21  254  255  255  255  133    0  133    0  196   34  101  247   84   23  243  255  252  255  140    0  140    0   81   33   52  239   38   26  170  255  201  255  140    0  140    0    9   33  145    1   33    7  149  254  253  253  145    0  128    0
1   25  226  245  231   21  246  255  251  255  133    0  133    0    2   33   59  247   69   23  181  255  229  255  140    0  140    0   95   32   45  239   34   26  167  255  199  255  140    0  140    0  106   34  131    1  255    6  166  254  248  253  136    0  124    0
1   25  224  245  230   21  243  255  250  255  133    0  133    0  117   34   45  247   64   23  168  255  223  255  140    0  140    0    8   33   55  239   40   26  192  255  215  255  140    0  140    0   81   34  112    1  225    6  169  254  246  253  136    0  126    0
1   25  229  245  232   21  253  255  255  255  133    0  133    0  189   33   48  247   64   23  180  255  228  255  140    0  140    0  174   27   51  239   38   26  192  255  215  255  140    0  140    0   94   33  124    1  200    6  230  254   40  254  119    0  116    0
1   25  246  245  241   21   30    0   14    0  133    0  133    0  145   34   45  247   63   23  182  255  228  255  140    0  140    0   91   33   47  239   36   26  192  255  215  255  140    0  140    0  175   35  107    1  171    6  230  254   40  254  119    0  116    0
1   25  244  245  240   21   22    0   10    0  133    0  133    0   86   34   32  247   58   23  169  255  223  255  140    0  140    0  169   34   43  239   33   26  192  255  215  255  140    0  140    0   90   33   86    1  143    6  218  254  238  253  121    0  131    0
1   25  247  245  241   21   25    0   11    0  133    0  133    0  130   32   26  247   56   23  168  255  223  255  140    0  140    0  251   34   89  239   63   26    9    0    7    0  140    0  140    0    2   31   76    1  110    6  237  254   35  254  123    0  132    0
1   25  250  245  242   21   28    0   12    0  133    0  133    0  244   29   21  247   54   23  168  255  223  255  140    0  140    0  193   32   59  239   44   26  222  255  235  255  140    0  140    0  173   34   62    1   81    6  243  254   38  254  116    0  143    0
1   25    4  246  247   21   44    0   20    0  133    0  133    0  149   30   16  247   52   23  168  255  223  255  140    0  140    0  225   34   57  239   43   26  222  255  235  255  140    0  140    0  211   36   50    1   51    6  253  254   36  254  109    0  149    0
1   25    6  246  248   21   42    0   19    0  133    0  133    0   84   35   88  247   80   23   32    0   14    0  140    0  140    0   91   32  124  239   86   26   64    0   42    0  140    0  140    0  136   35   35    1   22    6  253  254   36  254  109    0  149    0
1   25  255  245  245   21   25    0   11    0  133    0  133    0   39   35  105  247   86   23   56    0   21    0  140    0  140    0   64   36  160  239  110   26  111    0   69    0  140    0  140    0  135   36   38    1  252    5   32  255   30  254   99    0  137    0
1   25  255  245  245   21   22    0   10    0  133    0  133    0   77   33  118  247   91   23   70    0   25    0  140    0  140    0  186   32  167  239  114   26  111    0   69    0  140    0  140    0   13   30   24    1  223    5   32  255   30  254   99    0  137    0
1   25    1  246  245   21   22    0   10    0  133    0  133    0   21   33  125  247   94   23   75    0   27    0  140    0  140    0  240   36  170  239  116   26  106    0   65    0  140    0  140    0  226   34   25    1  192    5   62  255   24  254  104    0  137    0
1   25  252  245  243   21   10    0    4    0  133    0  133    0   60   33  125  247   93   23   67    0   24    0  140    0  140    0  228   36  177  239  120   26  106    0   65    0  140    0  140    0   85   34   17    1  161    5   69  255   22  254   97    0  150    0
1   25  254  245  244   21   14    0    6    0  133    0  133    0  201   31  142  247  100   23   88    0   32    0  140    0  140    0  237   33  243  239  161   26  190    0  116    0  140    0  140    0  245   34    5    1  132    5   69  255   22  254   97    0  150    0
1   25  248  245  241   21    0    0    0    0  133    0  133    0  195   36  147  247  101   23   88    0   32    0  140    0  140    0  173   32  254  239  168   26  190    0  116    0  140    0  140    0  126   33  250    0  103    5   69  255   22  254   97    0  150    0
1   25  244  245  240   21  250  255  253  255  133    0  133    0  158   32  148  247  102   23   81    0   29    0  140    0  140    0  119   36   10  240  175   26  190    0  116    0  140    0  140    0   89   34  251    0   72    5   92  255   18  254   90    0  156    0
1   25  235  245  235   21  233  255  246  255  133    0  133    0   96   33  155  247  104   23   84    0   30    0  140    0  140    0   21   37   21  240  182   26  190    0  116    0  140    0  140    0  241   33  253    0   40    5  114  255   14  254   96    0  154    0
1   25  233  245  235   21  233  255  245  255  133    0  133    0  109   33  157  247  105   23   79    0   28    0  140    0  140    0  182   31   32  240  189   26  190    0  116    0  140    0  140    0  181   30  244    0   10    5  114  255   14  254   96    0  154    0
1   25  231  245  233   21  231  255  245  255  133    0  133    0  200   35  147  247  101   23   55    0   19    0  140    0  140    0  157   33   44  240  196   26  190    0  116    0  140    0  140    0   57   33  246    0  235    4  131  255   10  254   95    0  159    0
1   25  228  245  232   21  229  255  244  255  133    0  133    0  131   35  144  247  100   23   45    0   16    0  140    0  140    0  205   36  213  239  134   26   67    0   41    0  140    0  140    0   87   33  242    0  203    4  138  255    9  254   90    0  167    0
1   25  228  245  232   21  232  255  245  255  133    0  133    0   52   35  147  247  101   23   45    0   16    0  140    0  140    0   72   37  185  239  117   26   28    0   18    0  140    0  140    0  175   36  233    0  175    4  133  255   10  254   92    0  167    0
1   25  225  245  231   21  228  255  243  255  133    0  133    0    6   33  116  247   90   23  246  255  253  255  140    0  140    0   50   35  166  239  101   26    1    0    1    0  140    0  140    0  212   33  226    0  145    4  134  255   10  254   94    0  170    0
1   25  238  245  237   21    0    0    0    0  120    0  130    0  103   35  115  247   89   23  246  255  253  255  140    0  140    0  158   31  151  239   93   26  238  255  245  255  140    0  140    0    3   34  218    0  115    4  134  255   10  254   94    0  170    0
1   25  239  245  237   21    1    0    0    0  122    0  131    0  250   32   90  247   80   23  207  255  238  255  140    0  140    0   94   33  150  239   92   26  238  255  245  255  140    0  140    0  222   36  223    0   84    4  153  255    6  254   95    0  172    0
1   25  235  245  235   21  250  255  254  255  124    0  132    0   20   36   74  247   74   23  187  255  230  255  140    0  140    0  155   33  149  239   91   26  238  255  245  255  140    0  140    0  183   31  224    0   53    4  165  255    4  254  100    0  168    0
1   25  239  245  237   21    2    0    1    0  126    0  133    0  195   33   59  247   69   23  170  255  224  255  140    0  140    0  145   36  147  239   91   26  238  255  245  255  140    0  140    0   82   34  219    0   22    4  165  255    4  254  100    0  168    0
1   25  241  245  238   21    5    0    2    0  127    0  133    0  212   32   53  247   67   23  170  255  224  255  140    0  140    0  223   35  146  239   90   26  238  255  245  255  140    0  140    0  150   31  240    0  247    3  208  255   57  254  105    0  164    0
1   25  235  245  235   21  250  255  253  255  128    0  133    0  126   35   38  247   61   23  155  255  218  255  140    0  140    0   27   34  145  239   89   26  238  255  245  255  140    0  140    0   44   34  237    0  219    3  208  255   57  254  105    0  164    0  107   34   78    1  122    4  227  255   51  254  117    0  149    0
1   25  222  245  229   21  227  255  243  255  129    0  133    0  132   35   32  247   59   23  155  255  218  255  140    0  140    0  120   33  144  239   89   26  238  255  245  255  140    0  140    0   27   33  255    0  190    3  240  255   50  254  101    0  161    0  214   36   77    1   95    4  227  255   51  254  117    0  149    0
1   25  213  245  225   21  213  255  236  255  130    0  133    0  167   34    6  247   49   23  125  255  206  255  140    0  140    0  214   33  143  239   88   26  238  255  245  255  140    0  140    0  253   34  254    0  162    3  240  255   50  254  101    0  161    0
1   25  213  245  225   21  219  255  239  255  131    0  133    0  180   34  247  246   43   23  113  255  201  255  140    0  140    0  255   34  142  239   87   26  238  255  245  255  140    0  140    0   98   34   30    1  124    3   37    0   28  254   95    0  149    0
1   25  202  245  220   21  202  255  231  255  132    0  133    0  203   34  231  246   36   23  102  255  196  255  140    0  140    0  204   33  174  239  111   26   23    0   15    0  140    0  140    0    4   35   32    1   94    3   36    0   24  254   96    0  157    0
1   25  206  245  222   21  216  255  238  255  133    0  133    0  114   33  221  246   33   23  102  255  196  255  140    0  140    0  171   27  125  239   81   26  219  255  234  255  140    0  140    0  225   36   34    1   65    3   36    0   24  254   96    0  157    0
1   25  201  245  220   21  211  255  235  255  133    0  133    0  236   34   12  247   51   23  185  255  230  255  140    0  140    0  103   33  123  239   79   26  219  255  234  255  140    0  140    0  238   33   39    1   37    3   45    0   79  254   94    0  163    0
1   25  196  245  217   21  206  255  233  255  133    0  133    0   82   36    8  247   49   23  185  255  230  255  140    0  140    0   56   34  121  239   78   26  219  255  234  255  140    0  140    0   47   34   42    1   11    3   46    0   79  254   96    0  171    0
1   25  197  245  218   21  213  255  236  255  133    0  133    0  121   32    4  247   48   23  185  255  230  255  140    0  140    0   24   32  114  239   75   26  213  255  229  255  140    0  140    0  222   31   45    1  241    2   46    0   79  254   96    0  171    0
1   25  198  245  218   21  220  255  239  255  133    0  133    0  226   36   20  247   54   23  215  255  241  255  140    0  140    0   19   36   91  239   61   26  188  255  213  255  140    0  140    0   82   37   46    1  216    2   43    0   75  254   85    0  176    0
1   25  195  245  217   21  219  255  239  255  133    0  133    0  190   33   18  247   53   23  215  255  241  255  140    0  140    0  211   30   87  239   59   26  188  255  213  255  140    0  140    0   57   33   49    1  190    2   43    0   75  254   85    0  176    0
1   25  198  245  218   21  229  255  244  255  133    0  133    0   18   35   56  247   68   23   14    0    5    0  140    0  140    0   58   34  132  239   87   26  253  255  255  255  140    0  140    0  136   35   45    1  168    2   30    0   75  254   83    0  178    0
1   25  202  245  220   21  239  255  248  255  133    0  133    0  193   32   71  247   74   23   34    0   12    0  140    0  140    0  250   33  132  239   87   26  253  255  255  255  140    0  140    0   98   32   47    1  142    2   30    0   75  254   83    0  178    0
1   25  200  245  219   21  237  255  247  255  133    0  133    0   60   33   67  247   72   23   26    0    9    0  140    0  140    0   20   33  157  239  104   26   32    0   20    0  140    0  140    0   86   35   52    1  119    2   41    0  129  254   77    0  183    0
