22   22   80  245  161   21    2    0    1    0  117    0  133    0   28   32   85  239   65   26   42    0   27    0  140    0  140    0
22   22   86  245  164   21   14    0    7    0  119    0  133    0  206   31   45  239   40   26  230  255  240  255  140    0  140    0
22   22   91  245  167   21   22    0   11    0  121    0  133    0   67   37   69  239   55   26   15    0    9    0  140    0  140    0
22   22   92  245  167   21   21    0   10    0  123    0  133    0  171   35   70  239   56   26   15    0    9    0  140    0  140    0
22   22   89  245  166   21   14    0    6    0  125    0  133    0  132   34   82  239   63   26   34    0   21    0  140    0  140    0
22   22   94  245  168   21   21    0   10    0  126    0  133    0  190   33   84  239   65   26   34    0   21    0  140    0  140    0
22   22   98  245  170   21   27    0   13    0  127    0  133    0   68   35   71  239   56   26    9    0    6    0  140    0  140    0
22   22  101  245  172   21   29    0   14    0  128    0  133    0  113   34   72  239   57   26    9    0    6    0  140    0  140    0
22   22   95  245  169   21   14    0    7    0  129    0  133    0   27   33  101  239   75   26   55    0   35    0  140    0  140    0
22   22  104  245  173   21   29    0   14    0  130    0  133    0  159   30  104  239   77   26   55    0   35    0  140    0  140    0
22   22  108  245  175   21   34    0   16    0  131    0  133    0  166   32  147  239  104   26  117    0   73    0  140    0  140    0
22   22  110  245  176   21   34    0   16    0  132    0  133    0  119   33  154  239  109   26  117    0   73    0  140    0  140    0
22   22  102  245  172   21   15    0    7    0  133    0  133    0  153   36  161  239  113   26  117    0   73    0  140    0  140    0
22   22  102  245  172   21   12    0    6    0  133    0  133    0  165   33  168  239  117   26  117    0   73    0  140    0  140    0
22   22  103  245  173   21   13    0    6    0  133    0  133    0   26   34   83  239   62   26  238  255  246  255  140    0  140    0
22   22  103  245  173   21   11    0    5    0  133    0  133    0   39   32   82  239   62   26  238  255  246  255  140    0  140    0
22   22  108  245  175   21   20    0    9    0  133    0  133    0   62   35   91  239   68   26  254  255  255  255  140    0  140    0
22   22  103  245  173   21    8    0    4    0  133    0  133    0   95   35   91  239   68   26  254  255  255  255  140    0  140    0
22   22  102  245  172   21    5    0    2    0  133    0  133    0  179   32   91  239   68   26  254  255  255  255  140    0  140    0
22   22   98  245  170   21  255  255    0    0  133    0  133    0  150   33   91  239   67   26  254  255  255  255  140    0  140    0
22   22   88  245  165   21  235  255  246  255  133    0  133    0  157   32   33  239   30   26  177  255  205  255  140    0  140    0
22   22   91  245  167   21  244  255  250  255  133    0  133    0  253   29   28  239   27   26  177  255  205  255  140    0  140    0
22   22   81  245  162   21  226  255  241  255  133    0  133    0  180   34   23  239   24   26  177  255  205  255  140    0  140    0
22   22   80  245  161   21  227  255  242  255  133    0  133    0  195   36  178  238  214   25   52  255  122  255  140    0  140    0
22   22   80  245  161   21  231  255  244  255  133    0  133    0  151   31  166  238  206   25   52  255  122  255  140    0  140    0  146   31  106  252   21    5  218  255  230  255  140    0  140    0
22   22   83  245  163   21  238  255  247  255  133    0  133    0  158   34  153  238  198   25   52  255  122  255  140    0  140    0   38   32  102  252   22    5  217  255  229  255  140    0  140    0  109   35  132  237   16   25   55  254  176  254  140    0  140    0
22   22   75  245  159   21  226  255  241  255  133    0  133    0   35   34  141  238  190   25   52  255  122  255  140    0  140    0  161   32   99  252   20    5  217  255  229  255  140    0  140    0  213   32  106  237  252   24   57  254  174  254  140    0  140    0
22   22   75  245  159   21  229  255  243  255  133    0  133    0  109   33   73  238  145   25  239  254   68  255  140    0  140    0  224   32   98  252   18    5  218  255  229  255  140    0  140    0   12   33   79  237  232   24   57  254  174  254  140    0  140    0
22   22   76  245  160   21  235  255  246  255  133    0  133    0  145   32   68  238  140   25  253  254   76  255  140    0  140    0  101   30   95  252   16    5  218  255  229  255  140    0  140    0  108   32   52  237  211   24   57  254  174  254  140    0  140    0
22   22   76  245  160   21  238  255  247  255  133    0  133    0  231   29   65  238  138   25   13  255   88  255  140    0  140    0   72   34   88  252   10    5  207  255  220  255  140    0  140    0
22   22   77  245  160   21  240  255  248  255  133    0  133    0  157   34   51  238  128   25   13  255   88  255  140    0  140    0   74   35   76  252    0    5  190  255  207  255  140    0  140    0
22   22   67  245  155   21  224  255  240  255  133    0  133    0  113   34   85  238  150   25   78  255  134  255  140    0  140    0  174   33   61  252  244    4  169  255  190  255  140    0  140    0
22   22   65  245  154   21  223  255  240  255  133    0  133    0   23   35   47  238  124   25   41  255  106  255  140    0  140    0    8   36   54  252  238    4  166  255  187  255  140    0  140    0
22   22   70  245  157   21  238  255  247  255  133    0  133    0   55   33   34  238  115   25   41  255  106  255  140    0  140    0   90   32   49  252  234    4  166  255  187  255  140    0  140    0
22   22   78  245  160   21  254  255  255  255  122    0  126    0   39   33   21  238  106   25   41  255  106  255  140    0  140    0  129   35   59  252  241    4  192  255  208  255  140    0  140    0
22   22   62  245  152   21  224  255  240  255  124    0  127    0  248   34    8  238   97   25   41  255  106  255  140    0  140    0   41   35   55  252  238    4  192  255  208  255  140    0  140    0
22   22   65  245  154   21  233  255  245  255  126    0  128    0   21   34  251  237   88   25   41  255  106  255  140    0  140    0   42   37   51  252  235    4  192  255  208  255  140    0  140    0
22   22   58  245  150   21  222  255  239  255  127    0  129    0   84   32   31  238  114   25  111  255  156  255  140    0  140    0   53   36   66  252  246    4  223  255  232  255  140    0  140    0
22   22   56  245  149   21  223  255  240  255  128    0  130    0  197   35   23  238  108   25  111  255  156  255  140    0  140    0  251   36   63  252  244    4  222  255  230  255  140    0  140    0
22   22   60  245  151   21  234  255  246  255  116    0  128    0   63   34   66  238  139   25  186  255  209  255  140    0  140    0  185   30   61  252  242    4  222  255  230  255  140    0  140    0
22   22   56  245  150   21  230  255  243  255  119    0  129    0  100   34   62  238  137   25  186  255  209  255  140    0  140    0  126   37   76  252  253    4  249  255  251  255  140    0  140    0
22   22   64  245  153   21  247  255  252  255  105    0  125    0   19   31  110  238  171   25    5    0    5    0  140    0  140    0  225   32   76  252  253    4  249  255  251  255  140    0  140    0
22   22   61  245  152   21  243  255  250  255  109    0  126    0  226   35  111  238  171   25    5    0    5    0  140    0  140    0  115   29   88  252    6    5   13    0   10    0  140    0  140    0
22   22   63  245  153   21  249  255  253  255  112    0  127    0   60   33  116  238  174   25   12    0    8    0  140    0  140    0  231   30   79  252  254    4  253  255  254  255  140    0  140    0
22   22   69  245  156   21    3    0    1    0  115    0  128    0   82   37   96  238  160   25  239  255  245  255  140    0  140    0  156   35   80  252  255    4  255  255    0    0  140    0  140    0
22   22   67  245  155   21    0    0    0    0  118    0  129    0  152   29  136  238  187   25   41    0   28    0  140    0  140    0  162   33   78  252  253    4  251  255  253  255  140    0  140    0
22   22   92  245  167   21   47    0   23    0  120    0  130    0  201   34  180  238  218   25  102    0   69    0  140    0  140    0   39   34   78  252  253    4  251  255  253  255  140    0  140    0
22   22   93  245  168   21   44    0   21    0  122    0  131    0    2   36  210  238  238   25  139    0   92    0  140    0  140    0  189   33   81  252  254    4    0    0    0    0  140    0  140    0
22   22  104  245  173   21   61    0   29    0  124    0  132    0  159   36  218  238  244   25  139    0   92    0  140    0  140    0   40   35   67  252  244    4  233  255  239  255  140    0  140    0
22   22  100  245  171   21   46    0   22    0  126    0  133    0  117   32  227  238  249   25  139    0   92    0  140    0  140    0  186   30   66  252  243    4  233  255  239  255  140    0  140    0
22   22  100  245  171   21   40    0   19    0  127    0  133    0   83   33  249  238    7   26  160    0  105    0  140    0  140    0    9   34   87  252    2    5   15    0   12    0  140    0  140    0
22   22   89  245  166   21   16    0    7    0  128    0  133    0  102   33    3  239   14   26  161    0  105    0  140    0  140    0  230   35   88  252    3    5   15    0   12    0  140    0  140    0
22   22   82  245  162   21    0    0    0    0  129    0  133    0  143   34  250  238    8   26  132    0   86    0  140    0  140    0  142   33   89  252    4    5   15    0   12    0  140    0  140    0
22   22   84  245  163   21   10    0  198  255  130    0  133    0  195   34    7  239   15   26  147    0   29    0  140    0  140    0   64   35   90  252    4    5   15    0   12    0  140    0  140    0
22   22   81  245  158   21  254  255  248  255  131    0  133    0  130   30   16  239   17   26  147    0   29    0  140    0  140    0  238   33   94  252    7    5   20    0   15    0  140    0  140    0
22   22   90  245  162   21   14    0    6    0  132    0  133    0  179   33   10  239   11   26  118    0   72    0  140    0  140    0   10   35   96  252    8    5   20    0   15    0  140    0  140    0
22   22  108  245  171   21   47    0   23    0  133    0  133    0  194   31   17  239   16   26  118    0   72    0  140    0  140    0  205   35   60  252  241    4  222  255  233  255  140    0  140    0
22   22  114  245  175   21   47    0   86    0  133    0  133    0   34   35   24  239   20   26  118    0   72    0  140    0  140    0   18   34   58  252  239    4  223  255  231  255  140    0  140    0
22   22  110  245  176   21   38    0   26    0  133    0  133    0   53   31   21  239   18   26  101    0   65    0  140    0  140    0  152   34   56  252  238    4  223  255  231  255  140    0  140    0
22   22  102  245  173   21   20    0   10    0  133    0  133    0  133   32   43  239   33   26  126    0   81    0  140    0  140    0  166   32   54  252  236    4  223  255  231  255  140    0  140    0
22   22  109  245  176   21   36    0  211  255  133    0  133    0  253   32   51  239   38   26  126    0   81    0  140    0  140    0  119   34   64  252  239    4  249  255  175  255  140    0  140    0
22   22  123  245  179   21   58    0  215  255  119    0  130    0  111   35   19  239   14   26   73    0  234  255  140    0  140    0   33   35   61  252  232    4  246  255  169  255  140    0  140    0
22   22  130  245  179   21   61    0   21    0  109    0  129    0  171   32   23  239   13   26   73    0  234  255  140    0  140    0  116   34   68  252  233    4  250  255  241  255  140    0  140    0
22   22  135  245  182   21   64    0   30    0  103    0  122    0   39   33   27  239   12   26   73    0  234  255  140    0  140    0   74   32   69  252  234    4  252  255  252  255  140    0  140    0
22   22  158  245  194   21   97    0  109    0  101    0  114    0  219   34   90  239   58   26  147    0  164    0  140    0  140    0   42   33   69  252  234    4  252  255  252  255  140    0  140    0
22   22  151  245  194   21   70    0  103    0  105    0  117    0   17   36   68  239   48   26  101    0  140    0  140    0  140    0  228   30   69  252  234    4  252  255  252  255  140    0  140    0
22   22  147  245  196   21   57    0   35    0  109    0  119    0   15   30   74  239   57   26  101    0  140    0  140    0  140    0  247   32   69  252  234    4  252  255  252  255  140    0  140    0
22   22  143  245  194   21   47    0  217  255  112    0  121    0  132   31   85  239   63   26  122    0   12    0  140    0  140    0  150   29   68  252  233    4  252  255  252  255  140    0  140    0
22   22  131  245  184   21   18    0  195  255  102    0  121    0   24   34   93  239   64   26  122    0   12    0  140    0  140    0  229   32   81  252  235    4   23    0  197  255  140    0  140    0
22   22  123  245  177   21  251  255  246  255  106    0  123    0    3   36  100  239   65   26  122    0   12    0  140    0  140    0   75   33   82  252  231    4   23    0  197  255  140    0  140    0
22   22  121  245  176   21  248  255  252  255  110    0  125    0  211   34  107  239   65   26  122    0   12    0  140    0  140    0  170   34   65  252  218    4  245  255  242  255  140    0  140    0
22   22   97  245  165   21  202  255  230  255  113    0  126    0  214   29  115  239   66   26  122    0   12    0  140    0  140    0   19   35   56  252  213    4  233  255  237  255  140    0  140    0
22   22   76  245  155   21  160  255   15    0  116    0  127    0  209   28   65  239   47   26   33    0   92    0  140    0  140    0    2   33   52  252  216    4  222  255   43    0  140    0  140    0
22   22   71  245  156   21  161  255   23    0  119    0  128    0  116   34   67  239   53   26   33    0   92    0  140    0  140    0  229   29   50  252  219    4  222  255   43    0  140    0  140    0
22   22   64  245  156   21  164  255  218  255  121    0  129    0  118   33   69  239   59   26   33    0   92    0  140    0  140    0   26   33   55  252  229    4  244  255  253  255  140    0  140    0
22   22   51  245  150   21  151  255  205  255  123    0  130    0  125   34  134  239   99   26  121    0   80    0  140    0  140    0   59   35   54  252  229    4  244  255  253  255  140    0  140    0
22   22   58  245  153   21  182  255  156  255  125    0  131    0  114   30  141  239  104   26  121    0   80    0  140    0  140    0    7   37   42  252  222    4  237  255  167  255  140    0  140    0
22   22   64  245  152   21  202  255  159  255  114    0  130    0   80   36  148  239  108   26  121    0   80    0  140    0  140    0  117   32   45  252  219    4  245  255  167  255  140    0  140    0
22   22   68  245  151   21  211  255  226  255  117    0  131    0   23   30  156  239  113   26  121    0   80    0  140    0  140    0   20   32   36  252  208    4  222  255  218  255  140    0  140    0
22   22   76  245  155   21  231  255  243  255  119    0  132    0  170   34  163  239  118   26  121    0   80    0  140    0  140    0   95   35   38  252  211    4  219  255   39    0  140    0  140    0
22   22   78  245  156   21  231  255   50    0  121    0  133    0  221   34  170  239  123   26  121    0   80    0  140    0  140    0  140   31   25  252  208    4  201  255   35    0  140    0  140    0
22   22   83  245  162   21  244  255   64    0  123    0  133    0   98   32  248  239  171   26  208    0  127    0  140    0  140    0  247   31   20  252  208    4  208  255  228  255  140    0  140    0
22   22   63  245  156   21  213  255  243  255  125    0  133    0  138   36    5  240  179   26  208    0  127    0  140    0  140    0  255   30   17  252  206    4  208  255  228  255  140    0  140    0
22   22   66  245  157   21  228  255  180  255  126    0  133    0  150   29   34  240  193   26  234    0   69    0  140    0  140    0   88   37   17  252  209    4  215  255  224  255  140    0  140    0
22   22   75  245  158   21  250  255  183  255  127    0  133    0   29   33   48  240  197   26  234    0   69    0  140    0  140    0  181   32   14  252  207    4  215  255  224  255  140    0  140    0
22   22   86  245  160   21   15    0  193  255  128    0  133    0   69   36   62  240  201   26  234    0   69    0  140    0  140    0   57   37   16  252  205    4  232  255  160  255  140    0  140    0
22   22  111  245  169   21   56    0   19    0  130    0  120    0  165   35   76  240  205   26  234    0   69    0  140    0  140    0  134   31   21  252  205    4  234  255  228  255  140    0  140    0
22   22  135  245  181   21   88    0  105    0  114    0  118    0   56   36   90  240  209   26  234    0   69    0  140    0  140    0   78   34   27  252  210    4  237  255   54    0  140    0  140    0
22   22  144  245  190   21   96    0  116    0  117    0  120    0  176   32   32  240  187   26  135    0  150    0  140    0  140    0    3   32   26  252  213    4  237  255   54    0  140    0  140    0
22   22  140  245  192   21   77    0  108    0  119    0  122    0  125   34    3  240  173   26   86    0  126    0  140    0  140    0  197   32   13  252  211    4  218  255   50    0  140    0  140    0
22   22  145  245  198   21   77    0  108    0  119    0  122    0   59   32   39  240  198   26  135    0   89    0  140    0  140    0  242   33   11  252  214    4  218  255   50    0  140    0  140    0
22   22  132  245  191   21   54    0  221  255  121    0  124    0  225   37   47  240  203   26  135    0   89    0  140    0  140    0   37   36    9  252  217    4  218  255   50    0  140    0  140    0
22   22  173  245  207   21  125    0  246  255  108    0  120    0   19   38   29  240  189   26  101    0  249  255  140    0  140    0   53   34   15  252  215    4  249  255  177  255  140    0  140    0
22   22  185  245  209   21  134    0  249  255   96    0  116    0   87   33   35  240  189   26  101    0  249  255  140    0  140    0  229   34   24  252  217    4    8    0  182  255  140    0  140    0
22   22  204  245  215   21  150    0   62    0   85    0  115    0  110   37   41  240  188   26  101    0  249  255  140    0  140    0  236   32   24  252  212    4    0    0  245  255  140    0  140    0
22   22  211  245  218   21  142    0  128    0   95    0  103    0  176   31  195  239  133   26  187  255   27    0  140    0  140    0  100   31   33  252  219    4    3    0   72    0  140    0  140    0
22   22  214  245  223   21  129    0  129    0   86    0  104    0   73   33  190  239  135   26  187  255   27    0  140    0  140    0   81   31   34  252  224    4    3    0   72    0  140    0  140    0
22   22  207  245  224   21   98    0  116    0   92    0  108    0  109   34  108  239   89   26   69  255  215  255  140    0  140    0  181   33   21  252  217    4  237  255   65    0  140    0  140    0
22   22  199  245  224   21   76    0   43    0   98    0  112    0  177   34   96  239   87   26   69  255  215  255  140    0  140    0   14   35   20  252  221    4  237  255   65    0  140    0  140    0
22   22  191  245  220   21   55    0  221  255  103    0  115    0   40   33  155  239  119   26  188  255  150  255  140    0  140    0  198   35   19  252  225    4  237  255   65    0  140    0  140    0
22   22  187  245  215   21   42    0  207  255  107    0  118    0  185   31  151  239  113   26  188  255  150  255  140    0  140    0   63   31   24  252  222    4    7    0  189  255  140    0  140    0
22   22  179  245  207   21   22    0  196  255  111    0  120    0   50   35  147  239  107   26  188  255  150  255  140    0  140    0   56   34   24  252  218    4    7    0  189  255  140    0  140    0
22   22  200  245  213   21   56    0   18    0  101    0  119    0  159   30  143  239  100   26  188  255  150  255  140    0  140    0  144   33   25  252  214    4    7    0  189  255  140    0  140    0
22   22  224  245  225   21   91    0  104    0  105    0  121    0  222   34  139  239   94   26  188  255  150  255  140    0  140    0   24   34   25  252  210    4    7    0  189  255  140    0  140    0
22   22  219  245  226   21   70    0  102    0  100    0  122    0   94   34  135  239   87   26  188  255  150  255  140    0  140    0   99   32   26  252  206    4    7    0  189  255  140    0  140    0
22   22  198  245  220   21   19    0   79    0  105    0  124    0   74   34  131  239   81   26  188  255  150  255  140    0  140    0   31   31   26  252  202    4    7    0  189  255  140    0  140    0
22   22  199  245  225   21   19    0   79    0  105    0  124    0  115   35  126  239   75   26  188  255  150  255  140    0  140    0  183   29   27  252  198    4    7    0  189  255  140    0  140    0
22   22  200  245  230   21   19    0   79    0  105    0  124    0  205   34  122  239   68   26  188  255  150  255  140    0  140    0  142   29   27  252  194    4    7    0  189  255  140    0  140    0
22   22  201  245  234   21   19    0   79    0  105    0  124    0   55   34  118  239   62   26  188  255  150  255  140    0  140    0   61   32   28  252  190    4    7    0  189  255  140    0  140    0
22   22  202  245  239   21   19    0   79    0  105    0  124    0  172   35  114  239   56   26  188  255  150  255  140    0  140    0  167   30   28  252  186    4    7    0  189  255  140    0  140    0
22   22  203  245  244   21   19    0   79    0  105    0  124    0   74   31   29  252  182    4    7    0  189  255  140    0  140    0
22   22  205  245  249   21   19    0   79    0  105    0  124    0
22   22  206  245  254   21   19    0   79    0  105    0  124    0
22   22  207  245    2   22   19    0   79    0  105    0  124    0   59   34  184  254  153    3   44    0  254    2   76    0  125    0
22   22  208  245    7   22   19    0   79    0  105    0  124    0  135   36  186  254  199    3   44    0  254    2   76    0  125    0
22   22  209  245   12   22   19    0   79    0  105    0  124    0
22   22  189  254   23    4   43    0  116    2   85    0  142    0
201   22  192  254   61    4   43    0  116    2   85    0  142    0
201   22   92  254  143    5  168  255   75    2   84    0  181    0
201   22  103  254  169    5  182  255  133    2   92    0  182    0
201   22   48  254   29    6  142  255  129    2   84    0  164    0
201   22   41  254   67    6  142  255  129    2   84    0  164    0
201   22   30  254   84    6  113  255  181    2   78    0  157    0
201   22   21  254  126    6  113  255  181    2   78    0  157    0  126   31  219  245   44   22  104  254   78  255  130    0  121    0
201   22  255  253  138    6   65  255  108    2   75    0  150    0  178   35  194  245   26   22   99  254   66  255  131    0  123    0
201   22  244  253  176    6   65  255  108    2   75    0  150    0  135   31  180  245   14   22  123  254   13  255  132    0  125    0  107   36  195  239  130   26   24    0  207  255  140    0  140    0  126   34   56  252  123    5  250  255  185  255  132    0  136    0
201   22  218  253  211    6   36  255   33    2   83    0  148    0  164   34  172  245    2   22  153  254   18  255  122    0  125    0   29   30  197  239  127   26   24    0  207  255  140    0  140    0  233   32   52  252  106    5  239  255  168  255  133    0  136    0
201   22  201  253  231    6   18  255   83    2   74    0  147    0   48   34  191  245  254   21  223  254  114  255  112    0  119    0   20   34   47  252   89    5  216  255  218  255  133    0  136    0
201   22  187  253   10    7   18  255   83    2   74    0  147    0   78   28  183  245  249   21  236  254  189  255  115    0  121    0  246   31   40  252   76    5  203  255  217  255  133    0  136    0   64   35  161  239  102   26  211  255  225  255  140    0  140    0
201   22  166  253  246    6  230  254  134    2   65    0  134    0   95   33  167  245  242   21  233  254  194  255  117    0  110    0   99   33   34  252   65    5  184  255   15    0  133    0  136    0  170   34  188  239  120   26  254  255   64    0  140    0  140    0
201   22  149  253   28    7  230  254  134    2   65    0  134    0  252   31  155  245  238   21  242  254  199  255  119    0  113    0   64   33   41  252   68    5  200  255   36    0  133    0  136    0   90   33  177  239  118   26  236  255   61    0  140    0  140    0   23   32  175  253  105    6  151  255  201    2   91    0  151    0
201   22  133  253   57    7  232  254   78    2   65    0  132    0   53   36  134  245  229   21  236  254  132  255  121    0  116    0  136   32   38  252   70    5  200  255   36    0  133    0  136    0   30   35  173  239  119   26  238  255  254  255  140    0  140    0  106   38  168  253  148    6  151  255  201    2   91    0  151    0
201   22  116  253   93    7  232  254   78    2   65    0  132    0  213   32  133  245  227   21    9  255  139  255  123    0  119    0  150   34   34  252   72    5  200  255   36    0  133    0  136    0   80   31  172  239  119   26  238  255  254  255  140    0  140    0
201   22   88  253  113    7  207  254    0    2   74    0  133    0   66   33  136  245  226   21   47  255   94  255  125    0  121    0   24   33   44  252   67    5  234  255  168  255  133    0  136    0  137   32  121  239   85   26  166  255  131  255  140    0  140    0   13   36  126  253  252    6  123  255   68    2   97    0  149    0
201   22   49  253  111    7  153  254  231    1   67    0  124    0  104   35  129  245  218   21   59  255   92  255  126    0  123    0  251   33   34  252   49    5  215  255  147  255  133    0  136    0  153   34  115  239   77   26  166  255  131  255  140    0  140    0  240   36  118  253   31    7  123  255   68    2   97    0  149    0
201   22   36  253  118    7  153  254   35    2   61    0  116    0  244   32  118  245  208   21   59  255   92  255  126    0  123    0  123   35   23  252   31    5  189  255  195  255  133    0  136    0  148   33  110  239   70   26  166  255  131  255  140    0  140    0
201   22   19  253  148    7  156  254  103    2   70    0  119    0   28   35   93  245  204   21   37  255  146  255  127    0  125    0  173   34   25  252   27    5  195  255  208  255  133    0  136    0   15   37  104  239   62   26  166  255  131  255  140    0  140    0
201   22  255  252  167    7  147  254  107    2   65    0  111    0   47   32   80  245  197   21   37  255  146  255  127    0  125    0  217   33   36  252   32    5  209  255   33    0  133    0  136    0  251   34   99  239   55   26  166  255  131  255  140    0  140    0
201   22  215  252  180    7   94  254   84    2   58    0  104    0  223   33   67  245  191   21   37  255  146  255  127    0  125    0  175   33   33  252   34    5  209  255   33    0  133    0  136    0  139   32  109  239   75   26  176  255   21    0  140    0  140    0
201   22  184  252  202    7   76  254   13    2   53    0   98    0   36   33   54  245  184   21   37  255  146  255  127    0  125    0  108   34   30  252   36    5  209  255   33    0  133    0  136    0    5   36  104  239   76   26  176  255   21    0  140    0  140    0
201   22  170  252  243    7  112  254   22    2   49    0   93    0  133   35   41  245  177   21   37  255  146  255  127    0  125    0  204   34   27  252   38    5  209  255   33    0  133    0  136    0   60   33   99  239   78   26  176  255   21    0  140    0  140    0
201   22  144  252   16    8  110  254  213    1   60    0   98    0  241   32   28  245  171   21   37  255  146  255  127    0  125    0  134   33   64  252   52    5   28    0  204  255  133    0  136    0   59   31   29  239   27   26   99  255   87  255  140    0  140    0
201   22  125  252   46    8  126  254  212    1   70    0  103    0  194   33   14  245  164   21   37  255  146  255  127    0  125    0   86   35   52  252   33    5    4    0  181  255  133    0  136    0  197   31   20  239   16   26   99  255   87  255  140    0  140    0
201   22  111  252   66    8  135  254   21    2   62    0   96    0   29   36   90  245  232   21  171  255  223  255  128    0  126    0   71   34   47  252   21    5  241  255  234  255  133    0  136    0  214   32   10  239    6   26   99  255   87  255  140    0  140    0
201   22   90  252   98    8  135  254   90    2   71    0  101    0   80   34   85  245  230   21  171  255  223  255  128    0  126    0   34   35   40  252   12    5  229  255  234  255  133    0  136    0  140   35    1  239  252   25   99  255   87  255  140    0  140    0
201   22   69  252  134    8  138  254   99    2   82    0  107    0  252   35   80  245  228   21  171  255  223  255  128    0  126    0  126   32   43  252   12    5  226  255   46    0  133    0  136    0
201   22   37  252  166    8  113  254   88    2   89    0  111    0   66   33   75  245  225   21  171  255  223  255  128    0  126    0   72   34   56  252   23    5  249  255   72    0  133    0  136    0   39   36   25  239   22   26  140  255  254  255  140    0  140    0
201   22   15  252  201    8  117  254   89    2   95    0  114    0  100   31   70  245  223   21  171  255  223  255  128    0  126    0    5   34   56  252   27    5  249  255   72    0  133    0  136    0   78   33   18  239   22   26  140  255  254  255  140    0  140    0
201   22  248  251  236    8  122  254   29    2  100    0  117    0  174   30   65  245  221   21  171  255  223  255  128    0  126    0   82   34   55  252   32    5  249  255   72    0  133    0  136    0
201   22  234  251   17    9  150  254  227    1  105    0  119    0  233   33   60  245  219   21  171  255  223  255  128    0  126    0  212   33   47  252   17    5  249  255  180  255  133    0  136    0  175   34  228  238  246   25  116  255   95  255  140    0  140    0
201   22  204  251   41    9  132  254  210    1  109    0  121    0  171   31   54  245  217   21  171  255  223  255  128    0  126    0   69   34   47  252   12    5  249  255  180  255  133    0  136    0  239   32  220  238  237   25  116  255   95  255  140    0  140    0
201   22  195  251   74    9  154  254   27    2  112    0  123    0  159   34   49  245  215   21  171  255  223  255  128    0  126    0  205   34   40  252    0    5  238  255  162  255  133    0  136    0
201   22  180  251  108    9  160  254   99    2  115    0  125    0   56   35   44  245  213   21  171  255  223  255  128    0  126    0   66   36   47  252  255    4  241  255  234  255  133    0  136    0
201   22  161  251  146    9  160  254  170    2  118    0  126    0  167   32   59  252    6    5  252  255   65    0  133    0  136    0
201   22  135  251  179    9  147  254  172    2  109    0  116    0   54   35   56  252    6    5  245  255   69    0  133    0  136    0
201   22  114  251  220    9  147  254  172    2  109    0  116    0  107   34   55  252   10    5  245  255   69    0  133    0  136    0
201   22  106  251    8   10  185  254   58    2  112    0  119    0  189   30   55  252   15    5  245  255   69    0  133    0  136    0
201   22   82  251   39   10  177  254   46    2  115    0  121    0   26   32   54  252   19    5  245  255   69    0  133    0  136    0
201   22   62  251   73   10  177  254   46    2  115    0  121    0   57   34   43  252  254    4  242  255  172  255  133    0  136    0
201   22   31  251  100   10  157  254   35    2  118    0  123    0  128   33   52  252  254    4    0    0  178  255  133    0  136    0
201   22   15  251  136   10  161  254  100    2  120    0  125    0  102   36   59  252  254    4    3    0  249  255  133    0  136    0
201   22  232  250  155   10  117  254  149    2  107    0  114    0  122   36   67  252    2    5    5    0   72    0  133    0  136    0
201   22  204  250  186   10  105  254  151    2   97    0  104    0   33   33   67  252    7    5    5    0   72    0  133    0  136    0
201   22  179  250  226   10  105  254  151    2   97    0  104    0   49   32   67  252   11    5    5    0   72    0  133    0  136    0
201   22  154  250    5   11  106  254   85    2  102    0  108    0  201   36   68  252   15    5    5    0   72    0  133    0  136    0
201   22  129  250   41   11  106  254   85    2  102    0  108    0  210   34   68  252   20    5    5    0   72    0  133    0  136    0
201   22   95  250   68   11   89  254    4    2  106    0  112    0  220   34   87  252   18    5   47    0  216  255  133    0  136    0
201   22   32  250   75   11    5  254  211    1   97    0  106    0  133   33   89  252   13    5   44    0  210  255  133    0  136    0
