142   10   77    1   75    5  251  255    1    0   95    0  111    0   56   35  244  250  240   11   25    0   10    0  140    0  140    0  124   35  150   16  134   17  226  255   29    0  140    0  140    0   14   34   73    0   46    6   37    0  255  255  140    0  140    0
142   10   75    1   76    5  248  255    2    0   93    0  109    0   14   35  245  250  240   11   25    0   10    0  140    0  140    0   17   30  134   16  149   17  210  255   44    0  140    0  140    0  115   29   75    0   46    6   37    0  255  255  140    0  140    0
142   10   76    1   75    5  252  255    1    0   90    0  108    0    5   29  246  250  240   11   23    0    9    0  140    0  140    0   75   34  118   16  165   17  194  255   58    0  140    0  140    0  116   35   77    0   46    6   37    0  255  255  140    0  140    0
142   10   75    1   76    5  249  255    1    0   87    0  107    0   62   34  243  250  239   11   15    0    6    0  140    0  140    0   81   33  115   16  168   17  194  255   58    0  140    0  140    0  164   33   80    0   46    6   37    0  255  255  140    0  140    0
142   10   75    1   76    5  250  255    1    0   85    0  106    0  203   31  244  250  239   11   14    0    6    0  140    0  140    0  139   33  116   16  167   17  200  255   52    0  140    0  140    0
142   10   74    1   76    5  250  255    1    0   83    0  105    0   91   34  242  250  239   11    9    0    4    0  140    0  140    0  125   32  119   16  163   17  208  255   45    0  140    0  140    0
142   10   74    1   76    5  250  255    1    0   81    0  104    0  246   33  238  250  237   11    0    0    0    0  140    0  140    0  111   32  116   16  166   17  208  255   45    0  140    0  140    0
142   10   73    1   76    5  248  255    2    0   80    0  103    0  198   35  237  250  236   11  255  255    0    0  140    0  140    0  108   31  117   16  165   17  212  255   41    0  140    0  140    0
142   10   70    1   77    5  244  255    3    0   80    0  102    0   25   32  242  250  239   11    8    0    3    0  140    0  140    0  219   35  120   16  162   17  219  255   35    0  140    0  140    0
142   10   71    1   77    5  246  255    2    0   78    0  102    0  239   27  240  250  238   11    4    0    1    0  140    0  140    0  201   33  120   16  162   17  221  255   33    0  140    0  140    0
142   10   72    1   76    5  250  255    1    0   77    0  102    0  248   34  235  250  236   11  251  255  254  255  140    0  140    0  103   35  115   16  167   17  218  255   35    0  140    0  140    0
142   10   71    1   77    5  249  255    1    0   76    0  102    0  207   36  232  250  234   11  246  255  252  255  140    0  140    0   90   32  105   16  176   17  209  255   44    0  140    0  140    0
142   10   69    1   77    5  246  255    2    0   76    0  101    0  238   31  233  250  235   11  249  255  253  255  140    0  140    0  132   30   99   16  182   17  206  255   46    0  140    0  140    0
142   10   68    1   77    5  245  255    2    0   75    0  101    0  206   34  233  250  235   11  249  255  253  255  140    0  140    0  101   34   94   16  187   17  203  255   49    0  140    0  140    0
142   10   66    1   78    5  242  255    3    0   75    0  100    0  245   34  235  250  236   11  254  255  255  255  140    0  140    0   56   32   94   16  186   17  207  255   45    0  140    0  140    0
142   10   66    1   78    5  244  255    2    0   75    0  100    0   62   34  235  250  236   11  255  255    0    0  140    0  140    0   76   35   96   16  185   17  212  255   40    0  140    0  140    0
142   10   68    1   77    5  249  255    1    0   75    0  100    0  217   33  233  250  235   11  252  255  254  255  140    0  140    0  235   33   85   16  195   17  203  255   49    0  140    0  140    0
142   10   69    1   77    5  252  255    0    0   75    0  100    0  218   31  229  250  233   11  245  255  251  255  140    0  140    0    3   35   85   16  194   17  207  255   45    0  140    0  140    0
142   10   69    1   77    5  254  255    0    0   74    0  100    0    7   33  226  250  232   11  240  255  249  255  140    0  140    0  149   35   89   16  191   17  214  255   39    0  140    0  140    0
142   10   70    1   77    5    0    0    0    0   74    0  100    0  189   33  227  250  232   11  243  255  251  255  140    0  140    0  186   32   89   16  191   17  217  255   36    0  140    0  140    0
142   10   70    1   77    5    0    0    0    0   74    0  100    0   93   35  229  250  233   11  248  255  253  255  140    0  140    0  129   30   95   16  185   17  227  255   27    0  140    0  140    0
142   10   70    1   77    5    0    0    0    0   73    0  100    0  146   34  232  250  234   11  254  255    0    0  140    0  140    0  194   31   95   16  186   17  228  255   26    0  140    0  140    0
142   10   72    1   76    5    3    0    0    0   72    0  100    0  131   34  234  250  235   11    2    0    1    0  140    0  140    0   56   33   93   16  188   17  228  255   26    0  140    0  140    0
142   10   73    1   76    5    7    0  255  255   72    0  100    0  156   34  234  250  235   11    2    0    1    0  140    0  140    0   94   34   88   16  192   17  225  255   29    0  140    0  140    0
142   10   76    1   75    5   11    0  254  255   72    0  100    0  145   34  233  250  235   11    0    0    0    0  140    0  140    0  219   24   86   16  193   17  225  255   29    0  140    0  140    0
142   10   79    1   75    5   16    0  252  255   72    0  100    0   15   32  236  250  236   11    6    0    2    0  140    0  140    0  206   33   92   16  188   17  233  255   21    0  140    0  140    0
142   10   79    1   75    5   15    0  253  255   73    0   99    0   37   35  236  250  236   11    4    0    1    0  140    0  140    0    6   31   87   16  193   17  229  255   25    0  140    0  140    0
142   10   79    1   75    5   13    0  253  255   72    0   99    0  114   29  237  250  237   11    7    0    3    0  140    0  140    0   98   33   89   16  191   17  233  255   21    0  140    0  140    0
142   10   80    1   74    5   13    0  253  255   72    0   99    0  222   29  241  250  238   11   14    0    5    0  140    0  140    0  206   34   98   16  182   17  245  255   10    0  140    0  140    0
142   10   79    1   75    5    9    0  254  255   73    0   99    0   83   32  245  250  240   11   19    0    8    0  140    0  140    0  244   32   96   16  184   17  244  255   11    0  140    0  140    0
142   10   77    1   75    5    4    0  255  255   74    0   99    0   39   31  248  250  241   11   23    0    9    0  140    0  140    0  100   36   89   16  191   17  236  255   19    0  140    0  140    0
142   10   77    1   75    5    3    0    0    0   74    0   99    0  120   32  251  250  242   11   25    0   10    0  140    0  140    0   18   32   86   16  194   17  234  255   20    0  140    0  140    0
142   10   78    1   75    5    5    0  255  255   73    0   99    0  243   32  247  250  241   11   15    0    6    0  140    0  140    0   28   34   79   16  200   17  228  255   26    0  140    0  140    0
142   10   78    1   75    5    3    0    0    0   74    0   98    0  114   34  246  250  240   11   12    0    5    0  140    0  140    0   47   33   79   16  200   17  231  255   23    0  140    0  140    0
142   10   77    1   75    5    0    0    0    0   74    0   98    0   23   36  252  250  243   11   21    0    8    0  140    0  140    0    5   30   72   16  206   17  225  255   29    0  140    0  140    0
142   10   77    1   75    5    0    0    0    0   74    0   98    0   14   31  254  250  244   11   23    0    9    0  140    0  140    0  109   32   70   16  208   17  224  255   29    0  140    0  140    0
142   10   75    1   76    5  253  255    0    0   75    0   97    0   21   31    0  251  245   11   24    0   10    0  140    0  140    0   14   34   75   16  204   17  231  255   22    0  140    0  140    0
142   10   75    1   76    5  253  255    0    0   76    0   97    0   74   34    1  251  245   11   24    0   10    0  140    0  140    0    4   35   69   16  209   17  227  255   27    0  140    0  140    0
142   10   73    1   76    5  250  255    1    0   84    0  102    0  232   35    7  251  247   11   31    0   12    0  140    0  140    0   20   36   69   16  209   17  229  255   25    0  140    0  140    0
142   10   72    1   76    5  248  255    2    0   91    0  106    0  185   34   12  251  249   11   37    0   15    0  140    0  140    0  173   34   75   16  204   17  237  255   17    0  140    0  140    0
142   10   72    1   76    5  250  255    1    0   88    0  105    0  107   32   10  251  249   11   30    0   12    0  140    0  140    0  207   35   74   16  205   17  237  255   17    0  140    0  140    0
142   10   71    1   77    5  248  255    2    0   87    0  104    0  220   35    1  251  245   11   10    0    4    0  140    0  140    0  142   34   77   16  202   17  242  255   13    0  140    0  140    0
142   10   70    1   77    5  248  255    2    0   85    0  103    0   55   33    2  251  246   11   10    0    4    0  140    0  140    0   36   33   79   16  200   17  245  255   10    0  140    0  140    0
142   10   72    1   76    5  252  255    1    0   85    0  102    0  131   30    2  251  245   11    8    0    3    0  140    0  140    0  147   33   81   16  198   17  248  255    7    0  140    0  140    0
142   10   72    1   76    5  253  255    0    0   86    0  101    0  200   34  254  250  244   11    0    0    0    0  140    0  140    0  234   31   78   16  200   17  246  255    9    0  140    0  140    0
142   10   74    1   76    5    0    0    0    0   86    0  100    0  196   30  255  250  244   11    2    0    1    0  140    0  140    0  167   32   78   16  201   17  246  255    9    0  140    0  140    0
142   10   76    1   75    5    6    0  255  255   86    0   99    0   23   34  254  250  243   11  255  255    0    0  140    0  140    0   97   29   81   16  198   17  250  255    5    0  140    0  140    0
142   10   76    1   75    5    3    0    0    0   87    0   98    0  182   32  253  250  243   11  255  255    0    0  140    0  140    0  140   35   80   16  199   17  250  255    5    0  140    0  140    0
142   10   76    1   75    5    3    0    0    0   86    0   97    0  229   32  250  250  242   11  250  255  254  255  140    0  140    0  167   32   82   16  197   17  252  255    4    0  140    0  140    0
142   10   77    1   75    5    7    0  255  255   85    0   97    0  223   30  248  250  241   11  247  255  252  255  140    0  140    0  221   32   86   16  193   17    0    0    0    0  140    0  140    0
142   10   78    1   75    5    8    0  255  255   90    0   92    0  215   33  245  250  240   11  241  255  250  255  140    0  140    0  160   33   76   16  203   17  245  255   10    0  140    0  140    0
142   10   79    1   75    5    8    0  254  255   95    0   87    0  169   32  242  250  239   11  237  255  248  255  140    0  140    0  150   34   78   16  201   17  248  255    7    0  140    0  140    0
142   10   83    1   74    5   16    0  252  255   93    0   88    0   18   34  236  250  236   11  229  255  245  255  140    0  140    0  227   31   90   16  190   17    6    0  251  255  140    0  140    0
142   10   84    1   73    5   17    0  252  255   89    0   87    0    3   33  233  250  235   11  227  255  244  255  140    0  140    0   31   31   86   16  193   17    1    0  255  255  140    0  140    0
142   10   84    1   73    5   15    0  253  255   92    0   83    0   75   35  235  250  236   11  234  255  247  255  140    0  140    0  250   35   94   16  186   17   10    0  247  255  140    0  140    0
142   10   83    1   74    5    9    0  254  255   85    0   83    0  114   33  234  250  235   11  234  255  247  255  140    0  140    0  134   33   93   16  187   17    8    0  248  255  140    0  140    0
142   10   83    1   74    5    8    0  254  255   91    0   90    0   67   36  228  250  233   11  226  255  243  255  140    0  140    0  134   33  103   16  178   17   19    0  239  255  140    0  140    0
142   10   83    1   74    5    7    0  255  255   80    0   90    0  166   33  231  250  234   11  233  255  247  255  140    0  140    0   69   34  111   16  170   17   27    0  231  255  140    0  140    0
142   10   81    1   74    5    2    0    0    0   78    0   88    0  169   32  231  250  234   11  236  255  248  255  140    0  140    0  119   32  121   16  161   17   36    0  222  255  140    0  140    0
142   10   81    1   74    5    0    0    0    0   84    0   84    0    4   34  230  250  234   11  237  255  248  255  140    0  140    0  195   33  118   16  163   17   31    0  227  255  140    0  140    0
142   10   82    1   74    5    2    0    0    0   87    0   81    0   58   30  230  250  233   11  239  255  249  255  140    0  140    0  128   35  118   16  164   17   29    0  229  255  140    0  140    0
142   10   81    1   74    5    1    0    0    0   93    0   88    0  111   34  227  250  232   11  235  255  247  255  140    0  140    0  115   34  117   16  165   17   25    0  233  255  140    0  140    0
142   10   82    1   74    5    2    0    0    0   98    0   94    0   93   32  224  250  231   11  232  255  246  255  140    0  140    0  141   34  120   16  161   17   27    0  231  255  140    0  140    0
142   10   82    1   74    5    3    0    0    0  103    0   99    0   15   33  224  250  231   11  236  255  248  255  140    0  140    0   68   34  127   16  155   17   33    0  225  255  140    0  140    0
142   10   81    1   74    5    0    0    0    0  107    0  104    0   55   35  221  250  230   11  232  255  246  255  140    0  140    0   92   35  123   16  159   17   26    0  232  255  140    0  140    0
142   10   81    1   74    5    0    0    0    0  111    0  108    0  102   34  226  250  232   11  244  255  251  255  140    0  140    0   26   37  117   16  165   17   17    0  240  255  140    0  140    0
142   10   80    1   74    5  255  255    0    0  114    0  112    0  148   32  230  250  233   11  252  255  255  255  140    0  140    0   23   32  103   16  178   17    1    0    0    0  140    0  140    0
142   10   80    1   74    5    0    0    0    0  111    0  110    0  215   32  233  250  235   11    2    0    0    0  140    0  140    0   83   30   97   16  184   17  251  255    5    0  140    0  140    0
142   10   81    1   74    5    0    0    0    0  107    0  108    0    7   35  232  250  234   11    0    0    0    0  140    0  140    0   21   34  102   16  179   17    0    0    0    0  140    0  140    0
142   10   82    1   74    5    3    0    0    0  104    0  106    0   68   31  228  250  233   11  249  255  253  255  140    0  140    0  178   33  103   16  178   17    1    0  255  255  140    0  140    0
142   10   81    1   74    5  255  255    0    0  100    0  105    0   95   32  230  250  234   11  255  255    0    0  140    0  140    0   89   34  101   16  179   17    0    0    0    0  140    0  140    0
142   10   79    1   75    5  253  255    0    0   98    0  104    0   94   35  234  250  235   11    5    0    2    0  140    0  140    0   63   32   99   16  181   17  254  255    2    0  140    0  140    0
142   10   80    1   74    5  254  255    0    0   95    0  103    0  237   33  228  250  233   11  250  255  254  255  140    0  140    0  161   33  107   16  174   17    6    0  250  255  140    0  140    0
142   10   79    1   75    5  252  255    1    0   93    0  102    0  193   32  230  250  233   11  254  255  255  255  140    0  140    0  219   33  104   16  177   17    2    0  254  255  140    0  140    0
142   10   79    1   75    5  253  255    0    0   91    0  101    0  220   35  229  250  233   11  254  255  255  255  140    0  140    0   66   33  104   16  177   17    2    0  254  255  140    0  140    0
142   10   77    1   75    5  250  255    1    0   89    0  100    0  155   31  226  250  232   11  248  255  253  255  140    0  140    0  136   33   98   16  183   17  252  255    4    0  140    0  140    0
142   10   77    1   75    5  251  255    1    0   87    0  100    0  132   32  223  250  230   11  243  255  251  255  140    0  140    0   92   34  104   16  177   17    2    0  254  255  140    0  140    0
142   10   78    1   75    5  253  255    0    0   85    0  100    0  101   34  220  250  229   11  239  255  249  255  140    0  140    0  190   31   90   16  190   17  243  255   12    0  140    0  140    0
142   10   77    1   75    5  251  255    1    0   83    0  100    0  150   36  218  250  228   11  238  255  248  255  140    0  140    0  206   35   87   16  192   17  241  255   14    0  140    0  140    0
142   10   77    1   75    5  253  255    0    0   82    0  100    0  133   32  217  250  228   11  238  255  249  255  140    0  140    0  191   34   92   16  188   17  248  255    8    0  140    0  140    0
142   10   78    1   75    5    0    0    0    0   80    0  100    0  128   33  214  250  227   11  235  255  247  255  140    0  140    0  127   32   84   16  195   17  239  255   16    0  140    0  140    0
142   10   79    1   75    5    1    0    0    0   79    0  100    0  255   33  213  250  226   11  235  255  247  255  140    0  140    0  148   34   71   16  208   17  225  255   29    0  140    0  140    0
142   10   78    1   75    5  255  255    0    0   79    0   99    0   27   31  210  250  225   11  231  255  245  255  140    0  140    0  181   33   60   16  217   17  215  255   38    0  140    0  140    0
142   10   78    1   75    5    0    0    0    0   78    0   99    0  189   34  208  250  224   11  230  255  245  255  140    0  140    0   56   34   60   16  218   17  217  255   35    0  140    0  140    0
142   10   79    1   75    5    0    0    0    0   76    0   99    0   14   34  210  250  225   11  237  255  248  255  140    0  140    0  232   34   59   16  218   17  219  255   33    0  140    0  140    0
142   10   82    1   74    5    6    0  255  255   74    0   99    0  144   34  213  250  226   11  244  255  251  255  140    0  140    0   45   37   58   16  220   17  220  255   33    0  140    0  140    0
142   10   83    1   74    5    8    0  254  255   74    0   99    0   45   35  217  250  228   11  254  255  255  255  140    0  140    0  225   30   48   16  228   17  212  255   40    0  140    0  140    0
142   10   83    1   74    5    8    0  254  255   74    0   99    0  222   36  226  250  232   11   14    0    6    0  140    0  140    0  103   32   52   16  225   17  219  255   34    0  140    0  140    0
142   10   83    1   74    5    6    0  255  255   73    0   99    0  171   34  224  250  231   11    8    0    3    0  140    0  140    0    9   35   49   16  227   17  219  255   34    0  140    0  140    0
142   10   85    1   73    5   10    0  254  255   72    0   99    0  196   31  223  250  231   11    7    0    3    0  140    0  140    0  157   32   50   16  227   17  222  255   31    0  140    0  140    0
142   10   87    1   73    5   13    0  253  255   70    0   99    0    8   35  221  250  230   11    2    0    0    0  140    0  140    0  131   28   56   16  221   17  231  255   22    0  140    0  140    0  246   35  185  253  109    3   33    2  194  254  100    0  114    0
142   10   87    1   73    5   11    0  254  255   70    0   99    0  218   30  224  250  231   11    7    0    3    0  140    0  140    0   56   34   57   16  221   17  233  255   20    0  140    0  140    0   65   33  218  253   90    3   33    2  194  254  100    0  114    0
142   10   88    1   72    5   11    0  254  255   71    0   99    0   21   36  228  250  233   11   13    0    6    0  140    0  140    0  149   33   57   16  220   17  236  255   18    0  140    0  140    0
142   10   86    1   73    5    7    0  255  255   72    0   98    0  181   34  241  250  236   11   35    0   15    0  140    0  140    0  229   31   54   16  223   17  233  255   21    0  140    0  140    0  209   32   37  254   58    3   59    2  172  254  105    0  117    0
142   10   87    1   73    5    7    0  255  255   73    0   97    0  101   35  243  250  237   11   35    0   15    0  140    0  140    0   76   33   54   16  223   17  235  255   19    0  140    0  140    0    4   32   71  254   37    3   59    2  172  254  105    0  117    0
142   10   85    1   73    5    1    0    0    0   74    0   97    0  165   33  245  250  238   11   35    0   15    0  140    0  140    0  252   31   63   16  215   17  246  255    9    0  140    0  140    0  229   33  121  254   27    3   89    2  230  254   99    0  111    0
142   10   85    1   73    5    1    0    0    0   74    0   97    0  199   33  247  250  239   11   35    0   15    0  140    0  140    0  173   35   61   16  217   17  245  255   10    0  140    0  140    0  240   34  155  254   10    3   86    2  219  254  104    0  114    0
142   10   84    1   73    5    0    0    0    0   75    0   96    0  221   30  249  250  240   11   35    0   15    0  140    0  140    0  144   35   68   16  210   17  254  255    2    0  140    0  140    0   22   35  191  254  249    2   86    2  219  254  104    0  114    0
142   10   83    1   74    5  254  255    0    0   77    0   95    0  167   34  251  250  241   11   35    0   15    0  140    0  140    0  169   32   75   16  204   17    5    0  252  255  140    0  140    0  227   33  227  254  231    2   86    2  219  254  104    0  114    0
142   10   83    1   74    5  254  255    0    0   77    0   95    0   28   36  254  250  242   11   35    0   15    0  140    0  140    0  162   33   70   16  208   17    0    0    0    0  140    0  140    0   53   34    5  255  211    2   80    2  239  254   96    0  113    0
142   10   84    1   73    5    0    0    0    0   78    0   95    0  210   32    0  251  243   11   35    0   15    0  140    0  140    0  251   32   70   16  208   17    0    0    0    0  140    0  140    0  221   35   41  255  195    2   80    2  239  254   96    0  113    0
142   10   83    1   74    5  255  255    0    0   77    0   95    0   44   33    2  251  244   11   35    0   15    0  140    0  140    0  143   33   74   16  205   17    3    0  253  255  140    0  140    0   25   34   77  255  179    2   80    2    8  255  108    0  114    0
142   10   85    1   73    5    1    0    0    0   76    0   95    0   93   35    4  251  244   11   35    0   15    0  140    0  140    0   78   34   68   16  210   17  254  255    2    0  140    0  140    0   47   33  112  255  164    2   80    2    8  255  108    0  114    0
142   10   85    1   73    5    2    0    0    0   74    0   96    0   47   32    6  251  245   11   35    0   15    0  140    0  140    0  158   34   80   16  199   17    9    0  247  255  140    0  140    0   89   31  140  255  146    2   67    2   30  255  112    0  117    0
142   10   84    1   73    5    0    0    0    0   74    0   96    0   13   33   79   16  200   17    8    0  249  255  140    0  140    0  237   31  175  255  133    2   67    2   30  255  112    0  117    0
142   10   84    1   73    5    0    0    0    0   67    0   98    0    0   33   93   16  187   17   23    0  235  255  140    0  140    0   34   35  209  255  119    2   67    2   30  255  112    0  117    0
142   10   82    1   74    5  251  255    1    0   76    0  103    0   40   31   87   16  193   17   14    0  243  255  140    0  140    0  137   30    4    0  115    2   98    2  121  255  117    0  130    0
142   10   76    1   85    5  236  255    5    0   67    0  105    0   40   35   85   16  195   17   11    0  246  255  140    0  140    0   29   35   40    0  107    2   98    2  121  255  117    0  130    0
142   10   69    1   93    5  221  255    8    0   76    0  109    0  170   33   80   16  199   17    5    0  252  255  140    0  140    0  225   33   67    0   94    2   82    2  126  255  119    0  131    0
142   10   67    1   94    5  221  255    8    0   76    0  109    0   81   31  102    0   83    2   83    2  151  255  121    0  132    0  237   31   89   16  191   17   15    0  243  255  140    0  140    0
142   10   89    1   96    5   13    0  255  255   84    0  112    0  243   31  135    0   80    2   83    2  183  255  123    0  133    0  153   32   80   16  199   17    4    0  252  255  140    0  140    0
142   10   90    1   96    5   13    0  255  255   84    0  112    0  120   34  171    0   76    2   83    2  183  255  123    0  133    0  219   35   88   16  192   17   12    0  245  255  140    0  140    0
142   10   91    1   96    5   13    0  255  255   84    0  112    0   92   30  206    0   70    2   82    2  182  255  125    0  133    0  164   31   87   16  192   17   11    0  246  255  140    0  140    0
142   10   92    1   95    5   13    0  255  255   84    0  112    0  186   34  242    0   66    2   82    2  182  255  125    0  133    0  102   36   79   16  200   17    1    0    0    0  140    0  140    0
142   10   92    1   95    5   13    0  255  255   84    0  112    0  102   34  243    0   66    2   41    2   44    0  116    0  119    0   29   34   76   16  202   17  255  255    1    0  140    0  140    0
142   10   93    1   95    5   13    0  255  255   84    0  112    0  226   33   21    1   69    2   41    2   44    0  116    0  119    0   36   32   82   16  197   17    4    0  252  255  140    0  140    0
142   10   94    1   95    5   13    0  255  255   84    0  112    0  248   33   61    1   67    2   58    2   54    0  119    0  121    0  212   31   85   16  194   17    7    0  249  255  140    0  140    0
142   10   95    1   95    5   13    0  255  255   84    0  112    0   79   35   95    1   70    2   58    2   54    0  119    0  121    0  230   35   88   16  192   17   10    0  247  255  140    0  140    0
142   10   96    1   95    5   13    0  255  255   84    0  112    0  102   32  129    1   74    2   58    2   54    0  119    0  121    0  237   34   88   16  191   17   10    0  247  255  140    0  140    0
142   10   96    1   95    5   13    0  255  255   84    0  112    0  112   32  164    1   77    2   58    2   54    0  119    0  121    0   63   34   89   16  191   17   10    0  247  255  140    0  140    0  132   34   92    0   82    2   46    0   51    0  119    0   91    0
142   10   97    1   95    5   13    0  255  255   84    0  112    0  116   33  198    1   80    2   58    2   54    0  119    0  121    0   18   31   90   16  190   17   10    0  247  255  140    0  140    0   96   34   99    0   84    2   54    0   55    0  121    0   97    0
142   10  232    1   83    2   58    2   54    0  119    0  121    0   77   31   90   16  189   17   10    0  247  255  140    0  140    0   64   35  105    0   86    2   60    0   54    0  123    0  102    0  149   34  210  250  225   11   26    0   11    0  124    0  104    0
52   11  214  250  227   11   31    0   13    0  126    0  108    0  114   34   10    2   87    2   58    2   54    0  119    0  121    0   87   32   91   16  189   17   10    0  247  255  140    0  140    0  183   33  108    0   89    2   60    0   54    0  123    0  102    0
52   11  216  250  228   11   31    0   13    0  127    0  112    0  212   32   44    2   90    2   58    2   54    0  119    0  121    0   83   35   92   16  188   17   10    0  247  255  140    0  140    0  105   36  112    0   93    2   60    0   54    0  123    0  102    0
52   11  219  250  229   11   33    0   14    0  128    0  115    0  228   34   79    2   93    2   58    2   54    0  119    0  121    0   71   35   92   16  188   17   10    0  247  255  140    0  140    0  254   34  116    0   96    2   60    0   54    0  123    0  102    0
52   11  221  250  229   11   32    0   13    0  129    0  118    0  250   32  113    2   96    2   58    2   54    0  119    0  121    0    6   35   93   16  187   17   10    0  247  255  140    0  140    0
52   11  217  250  228   11   21    0    9    0  130    0  120    0   49   34  206    2  100    2  149    2  117    0  121    0  123    0   10   36   93   16  186   17   10    0  247  255  140    0  140    0
52   11  213  250  226   11    9    0    4    0  131    0  122    0  141   32  245    2  107    2  149    2  117    0  121    0  123    0  126   32   94   16  186   17   10    0  247  255  140    0  140    0
52   11  210  250  225   11    2    0    1    0  132    0  124    0   19   32   18    3  114    2  136    2  121    0  123    0  125    0
52   11  209  250  224   11    0    0    0    0  133    0  126    0   48   32   57    3  122    2  136    2  121    0  123    0  125    0
52   11  211  250  225   11    5    0    2    0  133    0  127    0  106   31   96    3  129    2  136    2  121    0  123    0  125    0
52   11  213  250  226   11    8    0    3    0  133    0  128    0  156   33  135    3  136    2  136    2  121    0  123    0  125    0
52   11  219  250  229   11   17    0    7    0  133    0  129    0   99   33  174    3  143    2  136    2  121    0  123    0  125    0
52   11  223  250  231   11   24    0   10    0  133    0  130    0  130   34  213    3  151    2  136    2  121    0  123    0  125    0   79   32   74    1   76    5  254  255    0    0   90    0  106    0
52   11  222  250  230   11   19    0    8    0  133    0  131    0   93   34   70    1   77    5  246  255    2    0   89    0  104    0
52   11  228  250  233   11   28    0   12    0  133    0  132    0  160   35   71    1   76    5  250  255    1    0   89    0  102    0
52   11  230  250  233   11   28    0   12    0  133    0  132    0  157   33   72    1   76    5  252  255    1    0   89    0  101    0
52   11  232  250  234   11   29    0   12    0  133    0  133    0  160   35   71    1   77    5  251  255    1    0   90    0  100    0
52   11  234  250  235   11   29    0   12    0  133    0  133    0    6   35   69    1   77    5  247  255    2    0   89    0   99    0
52   11  237  250  237   11   31    0   13    0  133    0  133    0  187   28   68    1   77    5  245  255    2    0   91    0   97    0
52   11  238  250  237   11   30    0   13    0  133    0  133    0  161   33   68    1   77    5  247  255    2    0   91    0   96    0
52   11  240  250  238   11   30    0   13    0  133    0  133    0  230   31   69    1   77    5  251  255    1    0   89    0   96    0
52   11  242  250  239   11   30    0   13    0  133    0  133    0  192   33   68    1   77    5  250  255    1    0   89    0   95    0
52   11  244  250  239   11   30    0   13    0  133    0  133    0  215   35   69    1   77    5  254  255    0    0   88    0   95    0
52   11  246  250  240   11   30    0   13    0  133    0  133    0   32   34   70    1   77    5  255  255    0    0   87    0   95    0
52   11  245  250  240   11   26    0   11    0  133    0  133    0  123   32   69    1   77    5  254  255    0    0   87    0   95    0
52   11  245  250  240   11   24    0   10    0  133    0  133    0  240   34   68    1   77    5  252  255    1    0   88    0   94    0
52   11  246  250  240   11   24    0   10    0  133    0  133    0  230   31   70    1   77    5    0    0    0    0   87    0   94    0
52   11  246  250  240   11   22    0    9    0  133    0  133    0  195   33   71    1   76    5    3    0    0    0   88    0   93    0
52   11  244  250  239   11   15    0    6    0  133    0  133    0  110   32   71    1   77    5    1    0    0    0   89    0   92    0
52   11  245  250  240   11   15    0    6    0  133    0  133    0  154   34   72    1   76    5    4    0    0    0   91    0   91    0
52   11  240  250  238   11    6    0    2    0  133    0  133    0  221   33   71    1   77    5    0    0    0    0   92    0   91    0   33   33   17    4  174    3  177    1  132    1   98    0  112    0
52   11  246  250  240   11   15    0    6    0  133    0  133    0  153   31   69    1   77    5  254  255    0    0   92    0   91    0  168   32   43    4  197    3  177    1  132    1   98    0  112    0  102   32   75   16  203   17  244  255   11    0  140    0  140    0
52   11  243  250  239   11    9    0    4    0  133    0  133    0   25   36   67    1   78    5  249  255    1    0   92    0   91    0  181   33   74   16  204   17  244  255   11    0  140    0  140    0
52   11  243  250  239   11    9    0    3    0  133    0  133    0   71   33   68    1   77    5  253  255    0    0   92    0   91    0    5   31   59    4   19    4  106    1  120    1  108    0  100    0
52   11  244  250  239   11    8    0    3    0  133    0  133    0  155   34   68    1   77    5  252  255    1    0   92    0   91    0   96   35   81    4   42    4  106    1  120    1  108    0  100    0
52   11  245  250  240   11   10    0    4    0  133    0  133    0  252   33   68    1   77    5  254  255    0    0   92    0   91    0
52   11  248  250  241   11   14    0    6    0  133    0  133    0  153   37   70    1   77    5    0    0    0    0   90    0   92    0   36   36   65    4  143    4   21    1  200    1  112    0  105    0
52   11  252  250  243   11   19    0    8    0  133    0  133    0  128   31   70    1   77    5    2    0    0    0   88    0   92    0  206   33   90    4  157    4   36    1  179    1  115    0  109    0
52   11    2  251  245   11   29    0   12    0  133    0  133    0  135   35   73    1   76    5    7    0  255  255   87    0   92    0   42   33  107    4  183    4   36    1  179    1  115    0  109    0
52   11    4  251  246   11   29    0   12    0  133    0  133    0   46   36   74    1   76    5    9    0  254  255   88    0   92    0  133   33  117    4  216    4   24    1  188    1  118    0  112    0
52   11   10  251  249   11   37    0   15    0  133    0  133    0  178   34   75    1   76    5   10    0  254  255   87    0   92    0   60   35  133    4  243    4   24    1  188    1  118    0  112    0
52   11   11  251  249   11   36    0   15    0  133    0  133    0  222   33   73    1   76    5    5    0  255  255   87    0   92    0  118   29  174    4  240    4   63    1  153    1  113    0  104    0
52   11   14  251  250   11   37    0   15    0  133    0  133    0   69   35   72    1   76    5    0    0    0    0   87    0   92    0   16   35   86   16  193   17  229  255   25    0  140    0  140    0   62   30  193    4    8    5   63    1  153    1  113    0  104    0
52   11   19  251  252   11   41    0   17    0  133    0  133    0   40   36   69    1   77    5  251  255    1    0   87    0   92    0   61   33   87   16  192   17  233  255   21    0  140    0  140    0    8   33  221    4   22    5   79    1  138    1  116    0  108    0
52   11   17  251  251   11   33    0   13    0  133    0  133    0  202   34   68    1   77    5  249  255    1    0   86    0   92    0  151   35   77   16  202   17  220  255   33    0  140    0  140    0   91   35  241    4   46    5   79    1  138    1  116    0  108    0
