15   13  202  244   93   21  233  255  244  255  133    0  133    0
15   13  210  244   97   21  250  255  253  255  133    0  133    0
15   13  209  244   97   21  250  255  253  255  133    0  133    0
15   13  216  244  101   21    6    0    3    0  133    0  133    0
15   13  224  244  105   21   20    0   10    0  133    0  133    0
15   13  231  244  108   21   31    0   16    0  133    0  133    0
15   13  224  244  105   21   14    0    7    0  133    0  133    0
15   13  207  244   96   21  238  255  247  255  133    0  133    0
15   13  207  244   96   21  239  255  247  255  133    0  133    0
15   13  217  244  101   21    3    0    1    0  133    0  133    0
15   13  230  244  108   21   28    0   14    0  133    0  133    0
15   13  241  244  114   21   45    0   23    0  133    0  133    0
15   13  244  244  115   21   46    0   24    0  133    0  133    0
15   13  254  244  120   21   59    0   30    0  133    0  133    0
15   13    7  245  125   21   70    0   35    0  133    0  133    0
15   13    7  245  125   21   62    0   31    0  133    0  133    0
15   13    5  245  124   21   51    0   26    0  133    0  133    0
15   13  253  244  120   21   31    0   16    0  133    0  133    0
15   13  253  244  120   21   26    0   13    0  133    0  133    0
15   13    5  245  124   21   38    0   19    0  133    0  133    0
15   13   26  245  135   21   72    0   37    0  133    0  133    0
15   13   15  245  129   21   44    0   22    0  133    0  133    0
15   13   12  245  127   21   34    0   17    0  133    0  133    0
15   13    6  245  124   21   19    0    9    0  133    0  133    0
15   13  251  244  119   21  254  255  255  255  133    0  133    0
15   13  248  244  117   21  249  255  253  255  133    0  133    0
15   13  239  244  112   21  233  255  244  255  133    0  133    0
15   13  236  244  111   21  231  255  243  255  133    0  133    0
15   13  224  244  105   21  212  255  233  255  133    0  133    0
15   13  220  244  103   21  209  255  232  255  133    0  133    0
15   13  227  244  106   21  227  255  241  255  133    0  133    0
15   13  224  244  105   21  226  255  240  255  133    0  133    0
15   13  224  244  105   21  229  255  242  255  133    0  133    0
15   13  218  244  102   21  220  255  238  255  133    0  133    0
15   13  226  244  106   21  239  255  247  255  132    0  121    0
15   13  229  244  108   21  247  255  252  255  133    0  123    0
15   13  234  244  110   21    0    0    0    0  133    0  125    0
15   13  248  244  117   21   26    0   13    0  133    0  126    0
15   13    0  245  122   21   38    0   20    0  133    0  127    0
15   13    8  245  126   21   49    0   25    0  133    0  128    0
15   13   29  245  136   21   81    0   41    0  133    0  129    0
15   13   49  245  147   21  110    0   55    0  133    0  130    0
15   13   51  245  148   21  102    0   51    0  133    0  131    0
15   13   63  245  154   21  112    0   56    0  133    0  132    0
15   13   71  245  158   21  114    0   56    0  133    0  133    0
15   13   76  245  160   21  111    0   55    0  133    0  133    0
15   13   68  245  156   21   85    0   42    0  133    0  133    0
15   13   67  245  155   21   73    0   36    0  133    0  133    0
15   13   68  245  156   21   67    0   33    0  133    0  133    0
