64   15   47  245  145   21  200  255  228  255  133    0  133    0  163   36   72  252   15    5  234  255  241  255  140    0  140    0
64   15   43  245  143   21  200  255  228  255  133    0  133    0  200   33   70  252   14    5  234  255  241  255  140    0  140    0
64   15   51  245  147   21  221  255  239  255  133    0  133    0  172   32   69  252   13    5  234  255  241  255  140    0  140    0
64   15   48  245  146   21  219  255  238  255  133    0  133    0  122   35   68  252   13    5  234  255  241  255  140    0  140    0
64   15   52  245  148   21  231  255  244  255  133    0  133    0  253   29   66  252   12    5  234  255  241  255  140    0  140    0
64   15   56  245  150   21  242  255  249  255  133    0  133    0   49   32   65  252   11    5  234  255  241  255  140    0  140    0
64   15   54  245  149   21  239  255  248  255  133    0  133    0  119   33   64  252   10    5  234  255  241  255  140    0  140    0
64   15   48  245  146   21  231  255  243  255  133    0  133    0   30   34   62  252    9    5  234  255  241  255  140    0  140    0
64   15   61  245  152   21    1    0    0    0  133    0  133    0  130   34   95  252   29    5   17    0   13    0  140    0  140    0
64   15   84  245  164   21   44    0   22    0  133    0  133    0  108   33   96  252   30    5   17    0   13    0  140    0  140    0
64   15  100  245  172   21   70    0   34    0  133    0  133    0  110   31  118  252   42    5   42    0   30    0  140    0  140    0
64   15  117  245  180   21   94    0   45    0  133    0  133    0  244   35  128  252   45    5   50    0   34    0  140    0  140    0  137   33  216  239  145   26  247  255  251  255  140    0  140    0
64   15  125  245  184   21   98    0   47    0  133    0  133    0  216   35  131  252   48    5   50    0   34    0  140    0  140    0  186   33  199  239  135   26  221  255  235  255  140    0  140    0
64   15  126  245  185   21   89    0   43    0  133    0  133    0   99   35  134  252   50    5   50    0   34    0  140    0  140    0  240   32  197  239  134   26  221  255  235  255  140    0  140    0
64   15  113  245  178   21   53    0   26    0  133    0  133    0   87   32  137  252   52    5   50    0   34    0  140    0  140    0   71   32  194  239  132   26  221  255  235  255  140    0  140    0
64   15  101  245  172   21   26    0   12    0  133    0  133    0   46   33  140  252   54    5   50    0   34    0  140    0  140    0  100   36  225  239  150   26   18    0   12    0  140    0  140    0
64   15  120  245  181   21   57    0   28    0  133    0  133    0  134   36  141  252   51    5   47    0   31    0  140    0  140    0  170   30  226  239  151   26   18    0   12    0  140    0  140    0
64   15  117  245  180   21   47    0   22    0  133    0  133    0  208   34  144  252   53    5   47    0   31    0  140    0  140    0   37   34  227  239  151   26   18    0   12    0  140    0  140    0
64   15  124  245  184   21   54    0   26    0  133    0  133    0  232   33  103  252   31    5  244  255  250  255  140    0  140    0
64   15  120  245  182   21   41    0   19    0  133    0  133    0  189   32  102  252   31    5  244  255  250  255  140    0  140    0   22   33   21  240  188   26   96    0   59    0  140    0  140    0
64   15  133  245  188   21   60    0   29    0  133    0  133    0   38   32  101  252   30    5  244  255  250  255  140    0  140    0  205   35  250  239  177   26   48    0   29    0  140    0  140    0
64   15  138  245  190   21   62    0   29    0  133    0  133    0  183   34   66  252   11    5  197  255  214  255  140    0  140    0  225   33  254  239  184   26   53    0   32    0  140    0  140    0
64   15  133  245  188   21   46    0   22    0  133    0  133    0    4   35   57  252    8    5  191  255  207  255  140    0  140    0  176   34    2  240  186   26   53    0   32    0  140    0  140    0
64   15  147  245  194   21   66    0   31    0  133    0  133    0   37   32   35  252  251    4  166  255  187  255  140    0  140    0   85   35    5  240  188   26   53    0   32    0  140    0  140    0
64   15  130  245  186   21   27    0   13    0  133    0  133    0   54   34   30  252  247    4  166  255  187  255  140    0  140    0  142   34    8  240  190   26   53    0   32    0  140    0  140    0
64   15  105  245  174   21  234  255  246  255  133    0  133    0   24   34   21  252  242    4  162  255  181  255  140    0  140    0
64   15  101  245  172   21  229  255  243  255  133    0  133    0   49   34   15  252  238    4  162  255  181  255  140    0  140    0
64   15   96  245  170   21  223  255  240  255  133    0  133    0  171   36  245  251  219    4  130  255  152  255  140    0  140    0
64   15   98  245  171   21  231  255  244  255  133    0  133    0   49   34  231  251  210    4  121  255  142  255  140    0  140    0   27   37  153  246    4   23  185  255  227  255  140    0  140    0
64   15   98  245  171   21  233  255  245  255  133    0  133    0   32   31  221  251  202    4  119  255  138  255  140    0  140    0  184   29  138  246  253   22  164  255  218  255  140    0  140    0
64   15   72  245  158   21  187  255  222  255  133    0  133    0  254   34  221  251  202    4  133  255  150  255  140    0  140    0   35   34  132  246  251   22  164  255  218  255  140    0  140    0
64   15   68  245  156   21  187  255  222  255  133    0  133    0   81   35  222  251  204    4  148  255  164  255  140    0  140    0  124   35  126  246  249   22  164  255  218  255  140    0  140    0
64   15   70  245  157   21  198  255  228  255  133    0  133    0   46   33  208  251  193    4  136  255  151  255  140    0  140    0
64   15   54  245  149   21  175  255  216  255  133    0  133    0   64   34  200  251  187    4  136  255  151  255  140    0  140    0
64   15   56  245  150   21  188  255  222  255  133    0  133    0  102   35  191  251  179    4  133  255  145  255  140    0  140    0
64   15   52  245  148   21  188  255  222  255  133    0  133    0  120   35  200  251  183    4  159  255  170  255  140    0  140    0
64   15   62  245  153   21  213  255  235  255  133    0  133    0  153   33  194  251  178    4  159  255  170  255  140    0  140    0
64   15   65  245  155   21  224  255  240  255  133    0  133    0   80   33  187  251  173    4  158  255  167  255  140    0  140    0
64   15   61  245  152   21  219  255  238  255  133    0  133    0  212   33  181  251  167    4  158  255  167  255  140    0  140    0
64   15   62  245  153   21  226  255  241  255  133    0  133    0  171   34  151  251  140    4  118  255  124  255  140    0  140    0
64   15   61  245  152   21  227  255  242  255  133    0  133    0    2   35  142  251  132    4  118  255  124  255  140    0  140    0
64   15   56  245  150   21  220  255  238  255  133    0  133    0  212   35  134  251  124    4  118  255  124  255  140    0  140    0
64   15   49  245  146   21  213  255  235  255  133    0  133    0  180   31  120  251  106    4  109  255  105  255  140    0  140    0
64   15   59  245  151   21  236  255  246  255  133    0  133    0   90   30  100  251   87    4   92  255   83  255  140    0  140    0
64   15   59  245  152   21  238  255  247  255  133    0  133    0  114   32   83  251   66    4   80  255   64  255  140    0  140    0
64   15   58  245  151   21  238  255  247  255  133    0  133    0  150   33   73  251   54    4   80  255   64  255  140    0  140    0
64   15   64  245  154   21  250  255  253  255  133    0  133    0  226   34   62  251   42    4   80  255   64  255  140    0  140    0
64   15   50  245  147   21  226  255  241  255  133    0  133    0  213   32   52  251   31    4   80  255   64  255  140    0  140    0
64   15   32  245  138   21  196  255  226  255  133    0  133    0  204   32   41  251   19    4   80  255   64  255  140    0  140    0
64   15   12  245  128   21  165  255  210  255  133    0  133    0  238   33   30  251    8    4   80  255   64  255  140    0  140    0
64   15    0  245  121   21  152  255  203  255  133    0  133    0   57   34   20  251  252    3   80  255   64  255  140    0  140    0
64   15  230  244  108   21  116  255  184  255  133    0  133    0  105   32    9  251  241    3   80  255   64  255  140    0  140    0
64   15  237  244  112   21  143  255  198  255  133    0  133    0  177   34  255  250  229    3   80  255   64  255  140    0  140    0
64   15  255  244  121   21  190  255  223  255  133    0  133    0   34   36  244  250  217    3   80  255   64  255  140    0  140    0
64   15  253  244  120   21  193  255  224  255  133    0  133    0  139   31  233  250  206    3   80  255   64  255  140    0  140    0
64   15   17  245  130   21  238  255  247  255  133    0  133    0
64   15    7  245  125   21  220  255  238  255  133    0  133    0    0   31  236  251  194    4  106    0   91    0  140    0  140    0
64   15   21  245  133   21  252  255  254  255  133    0  133    0   14   35  245  251  204    4  113    0   96    0  140    0  140    0
64   15   17  245  130   21  244  255  250  255  133    0  133    0   31   32    5  252  221    4  134    0  110    0  140    0  140    0
64   15   35  245  139   21   21    0   10    0  133    0  133    0   15   31   13  252  227    4  134    0  110    0  140    0  140    0
64   15   43  245  144   21   34    0   17    0  133    0  133    0  199   31   35  252  242    4  159    0  125    0  140    0  140    0
64   15   58  245  151   21   59    0   29    0  133    0  133    0  100   35   52  252    2    5  175    0  133    0  140    0  140    0
64   15   52  245  148   21   41    0   20    0  133    0  133    0   68   34   63  252   10    5  175    0  133    0  140    0  140    0
64   15   45  245  144   21   22    0   11    0  133    0  133    0  113   32   73  252   18    5  175    0  133    0  140    0  140    0
64   15   59  245  152   21   47    0   23    0  133    0  133    0   24   34   84  252   26    5  175    0  133    0  140    0  140    0
64   15   73  245  159   21   67    0   33    0  133    0  133    0  252   32   79  252   24    5  151    0  110    0  140    0  140    0
64   15   60  245  152   21   35    0   17    0  133    0  133    0  184   34   88  252   30    5  151    0  110    0  140    0  140    0
64   15   54  245  149   21   19    0    9    0  133    0  133    0  201   35   97  252   37    5  151    0  110    0  140    0  140    0
64   15   44  245  144   21    0    0    0    0  133    0  133    0  203   33  123  252   53    5  177    0  120    0  140    0  140    0
64   15   27  245  135   21  225  255  241  255  133    0  133    0   59   36  134  252   60    5  177    0  120    0  140    0  140    0
64   15    3  245  123   21  184  255  220  255  133    0  133    0  134   34  141  252   62    5  170    0  112    0  140    0  140    0
64   15  243  244  115   21  165  255  209  255  133    0  133    0  229   34  151  252   68    5  170    0  112    0  140    0  140    0
64   15  226  244  107   21  144  255  198  255  133    0  133    0  188   34  161  252   75    5  170    0  112    0  140    0  140    0
64   15  232  244  110   21  166  255  210  255  133    0  133    0  162   31  171  252   82    5  170    0  112    0  140    0  140    0
64   15  243  244  115   21  194  255  225  255  133    0  133    0  233   33  182  252   89    5  170    0  112    0  140    0  140    0
64   15  253  244  120   21  220  255  238  255  133    0  133    0  238   33  192  252   95    5  170    0  112    0  140    0  140    0
64   15  250  244  119   21  218  255  237  255  133    0  133    0
64   15  253  244  120   21  228  255  242  255  133    0  133    0
64   15    8  245  126   21  250  255  253  255  133    0  133    0
64   15   29  245  137   21   33    0   17    0  133    0  133    0
64   15   29  245  137   21   29    0   14    0  133    0  133    0
64   15   33  245  139   21   34    0   17    0  133    0  133    0
64   15   47  245  146   21   55    0   28    0  133    0  133    0
64   15   49  245  147   21   53    0   26    0  133    0  133    0
64   15   63  245  154   21   73    0   36    0  133    0  133    0
64   15   64  245  154   21   67    0   33    0  133    0  133    0
64   15   67  245  155   21   64    0   32    0  133    0  133    0
64   15   68  245  156   21   60    0   30    0  133    0  133    0
64   15   56  245  150   21   29    0   14    0  133    0  133    0
64   15   54  245  149   21   23    0   11    0  133    0  133    0
64   15   43  245  143   21    0    0    0    0  133    0  133    0
64   15   29  245  137   21  230  255  243  255  133    0  133    0
64   15   29  245  137   21  233  255  245  255  133    0  133    0
64   15   37  245  141   21  251  255  254  255  133    0  133    0
64   15   56  245  150   21   30    0   15    0  133    0  133    0
64   15   69  245  156   21   51    0   25    0  133    0  133    0
64   15   62  245  153   21   32    0   16    0  133    0  133    0
64   15   36  245  140   21  237  255  247  255  133    0  133    0
64   15   21  245  132   21  209  255  233  255  133    0  133    0
64   15   24  245  134   21  220  255  238  255  133    0  133    0
64   15   30  245  137   21  236  255  246  255  133    0  133    0
64   15   42  245  143   21    5    0    2    0  133    0  133    0
64   15   61  245  153   21   41    0   20    0  133    0  133    0
64   15   86  245  165   21   83    0   41    0  133    0  133    0
64   15   99  245  172   21   98    0   48    0  133    0  133    0
64   15  116  245  180   21  119    0   58    0  133    0  133    0
64   15  129  245  186   21  129    0   62    0  133    0  133    0
64   15  139  245  191   21  134    0   64    0  133    0  133    0
64   15  146  245  195   21  133    0   64    0  133    0  133    0
64   15  148  245  195   21  121    0   58    0  133    0  133    0
64   15  169  245  206   21  147    0   70    0  133    0  133    0
64   15  164  245  203   21  121    0   57    0  133    0  133    0
64   15  170  245  206   21  118    0   56    0  133    0  133    0
64   15  165  245  203   21   94    0   44    0  133    0  133    0
64   15  165  245  203   21   84    0   40    0  133    0  133    0
64   15  159  245  200   21   62    0   30    0  133    0  133    0
64   15  163  245  202   21   63    0   30    0  133    0  133    0
64   15  174  245  207   21   76    0   36    0  133    0  133    0
64   15  179  245  210   21   78    0   37    0  133    0  133    0
64   15  182  245  211   21   75    0   35    0  133    0  133    0
64   15  186  245  213   21   73    0   34    0  133    0  133    0
64   15  180  245  210   21   54    0   25    0  133    0  133    0
64   15  161  245  201   21   12    0    5    0  133    0  133    0
64   15  155  245  198   21  255  255    0    0  133    0  133    0
64   15  148  245  195   21  242  255  250  255  133    0  133    0
64   15  139  245  191   21  228  255  243  255  133    0  133    0
64   15  132  245  188   21  217  255  238  255  133    0  133    0
64   15  129  245  186   21  215  255  237  255  133    0  133    0
64   15  126  245  185   21  215  255  236  255  133    0  133    0
64   15  124  245  183   21  215  255  236  255  133    0  133    0
64   15  121  245  182   21  214  255  236  255  133    0  133    0
64   15  128  245  185   21  232  255  245  255  133    0  133    0
64   15  114  245  179   21  209  255  234  255  133    0  133    0
64   15  109  245  176   21  205  255  231  255  133    0  133    0
64   15  110  245  177   21  212  255  235  255  133    0  133    0
64   15  103  245  173   21  203  255  230  255  133    0  133    0
64   15   87  245  165   21  180  255  219  255  133    0  133    0
64   15   79  245  162   21  174  255  216  255  133    0  133    0
64   15   69  245  156   21  163  255  210  255  133    0  133    0
64   15   59  245  152   21  156  255  207  255  133    0  133    0
64   15   49  245  146   21  148  255  202  255  133    0  133    0
64   15   26  245  135   21  116  255  186  255  133    0  133    0
64   15   13  245  128   21  107  255  180  255  133    0  133    0
