42   33  144    2  207    4  255  255    0    0  140    0  140    0  196   33    7  255  216   11    9    0    0    0   86    0  102    0  151   33  163    2  146    0  250    1  191  253  101    0  102    0  103   34  219  255  253   25   97    2    7    0  140    0  140    0
42   33  149    2  204    4    7    0  252  255  140    0  140    0  178   26    7  255  216   11    9    0    0    0   92    0  106    0   45   34  194    2  112    0  250    1  191  253  101    0  102    0
42   33  153    2  202    4   14    0  249  255  140    0  140    0  178   35    7  255  216   11    8    0    0    0   98    0  110    0   57   33  224    2   77    0  250    1  191  253  101    0  102    0  189   36   22    0  252   25   80    2  255  255  140    0  140    0
42   33  158    2  200    4   21    0  245  255  140    0  140    0   59   35    6  255  215   11    5    0    0    0  103    0  113    0   77   34  254    2   42    0  250    1  191  253  101    0  102    0   18   36   34    0  252   25   50    2  254  255  140    0  140    0
42   33  162    2  197    4   26    0  242  255  140    0  140    0   47   33    6  255  215   11    4    0    0    0  107    0  116    0   89   34   29    3    8    0  250    1  191  253  101    0  102    0  121   34   96    0  251   25   85    2  248  255  140    0  140    0
42   33  168    2  194    4   35    0  237  255  140    0  140    0   39   34    4  255  215   11    0    0    0    0  111    0  119    0  209   32  131    0  250   25   85    2  248  255  140    0  140    0
42   33  172    2  192    4   39    0  235  255  140    0  140    0   95   36    5  255  215   11    2    0    0    0  114    0  121    0  110   32  167    0  250   25   85    2  248  255  140    0  140    0
42   33  173    2  192    4   36    0  236  255  140    0  140    0  194   34    5  255  215   11    2    0    0    0  114    0  121    0    3   30  164    0  249   25   35    2  244  255  140    0  140    0
42   33  177    2  189    4   39    0  234  255  140    0  140    0   30   34    6  255  214   11    2    0    0    0  117    0  123    0  252   32  196    0  248   25   35    2  244  255  140    0  140    0
42   33  179    2  188    4   39    0  234  255  140    0  140    0   54   31    6  255  214   11    2    0    0    0  117    0  123    0  167   37  229    0  248   25   35    2  244  255  140    0  140    0
42   33  178    2  189    4   32    0  238  255  140    0  140    0  116   32    6  255  214   11    2    0    0    0  117    0  123    0   58   33    6    1  247   25   35    2  244  255  140    0  140    0
42   33  182    2  187    4   35    0  236  255  140    0  140    0  158   36    2  255  214   11  253  255    0    0  119    0  125    0
42   33  181    2  187    4   31    0  238  255  140    0  140    0   36   34    3  255  214   11  254  255    0    0  121    0  126    0
42   33  181    2  187    4   27    0  241  255  140    0  140    0  195   35    5  255  214   11    1    0    0    0  123    0  127    0
42   33  182    2  186    4   25    0  242  255  140    0  140    0  167   32    9  255  214   11    7    0    0    0  125    0  128    0
42   33  183    2  186    4   25    0  242  255  140    0  140    0  158   32   10  255  214   11    9    0    0    0  126    0  129    0
42   33  182    2  186    4   20    0  245  255  140    0  140    0  220   32   11  255  214   11    9    0    0    0  126    0  129    0
42   33  180    2  187    4   14    0  248  255  140    0  140    0  158   33   12  255  214   11    9    0    0    0  126    0  129    0    9   33  100    1  242   25  148    1  237  255  140    0  140    0
42   33  178    2  189    4    8    0  252  255  140    0  140    0  225   34   12  255  214   11    9    0    0    0  126    0  129    0   61   33  125    1  240   25  148    1  237  255  140    0  140    0
42   33  179    2  188    4    8    0  252  255  140    0  140    0  237   33   13  255  214   11    9    0    0    0  126    0  129    0
42   33  177    2  189    4    5    0  254  255  140    0  140    0  192   34   13  255  214   11    9    0    0    0  126    0  129    0  123   33   95    1  243   25   66    1  241  255  140    0  140    0
42   33  177    2  189    4    3    0  254  255  140    0  140    0   43   36   14  255  214   11    9    0    0    0  126    0  129    0  230   33   81    1  244   25   31    1  242  255  140    0  140    0
42   33  176    2  190    4    2    0  255  255  140    0  140    0   21   32   14  255  214   11    9    0    0    0  126    0  129    0  246   32   99    1  243   25   31    1  242  255  140    0  140    0
42   33  175    2  190    4    0    0    0    0  140    0  140    0   63   35   15  255  214   11    9    0    0    0  126    0  129    0   29   32  116    1  242   25   31    1  242  255  140    0  140    0
42   33  174    2  191    4  255  255    1    0  140    0  140    0  138   35   16  255  214   11    9    0    0    0  126    0  129    0
42   33  173    2  191    4  253  255    1    0  140    0  140    0  157   34   16  255  214   11    9    0    0    0  126    0  129    0
42   33  174    2  191    4    0    0    0    0  140    0  140    0  220   34    3  255  212   11  249  255    0    0  127    0  130    0
42   33  173    2  192    4  253  255    2    0  140    0  140    0    2   34    3  255  211   11  250  255    0    0  128    0  131    0
42   33  171    2  193    4  249  255    4    0  140    0  140    0   14   34    9  255  212   11    0    0    0    0  129    0  132    0
42   33  169    2  194    4  247  255    5    0  140    0  140    0   15   37    8  255  211   11    0    0    0    0  130    0  133    0
42   33  167    2  195    4  244  255    7    0  140    0  140    0  115   28    3  255  211   11  249  255    0    0  131    0  133    0
42   33  165    2  196    4  241  255    8    0  140    0  140    0  112   31    6  255  211   11  255  255    0    0  132    0  133    0
42   33  165    2  196    4  243  255    7    0  140    0  140    0  194   34  252  254  210   11  238  255  255  255  115    0  122    0
42   33  167    2  195    4  249  255    4    0  140    0  140    0   72   34  251  254  210   11  238  255  255  255  118    0  124    0
42   33  167    2  195    4  250  255    3    0  140    0  140    0   50   31  253  254  210   11  244  255  255  255  120    0  126    0
42   33  168    2  195    4  252  255    2    0  140    0  140    0  221   33  251  254  210   11  243  255  255  255  122    0  127    0
42   33  168    2  194    4  253  255    2    0  140    0  140    0  250   34  252  254  210   11  245  255    0    0  124    0  128    0
42   33  167    2  195    4  252  255    2    0  140    0  140    0  132   34  251  254  209   11  245  255    0    0  124    0  128    0
42   33  169    2  194    4  255  255    0    0  140    0  140    0   19   34  246  254  209   11  237  255  255  255  126    0  129    0
42   33  171    2  193    4    3    0  255  255  140    0  140    0  248   33  247  254  209   11  241  255  255  255  127    0  130    0
42   33  175    2  190    4   10    0  251  255  140    0  140    0  194   34  246  254  209   11  241  255  255  255  127    0  130    0
42   33  175    2  190    4    9    0  251  255  140    0  140    0  227   33  251  254  209   11  252  255    0    0  128    0  131    0
42   33  175    2  190    4    8    0  252  255  140    0  140    0  120   33  249  254  209   11  249  255    0    0  129    0  132    0
42   33  176    2  190    4    8    0  252  255  140    0  140    0    7   33  249  254  209   11  250  255    0    0  130    0  133    0  167   34   47    0  253   25  203  255    0    0  140    0  140    0
42   33  177    2  190    4    9    0  251  255  140    0  140    0  210   34  250  254  209   11  252  255    0    0  131    0  133    0  134   32   44    0  253   25  203  255    0    0  140    0  140    0
42   33  176    2  190    4    7    0  252  255  140    0  140    0  129   33  249  254  209   11  250  255    0    0  132    0  133    0  113   31   69    0  252   25  237  255    0    0  140    0  140    0
42   33  172    2  192    4  255  255    1    0  140    0  140    0   73   33  250  254  209   11  254  255    0    0  133    0  133    0   28   36   26    0  252   25  186  255    0    0  140    0  140    0
42   33  168    2  194    4  249  255    4    0  140    0  140    0   86   30  254  254  210   11    4    0    0    0  133    0  133    0  136   31   22    0  252   25  186  255    0    0  140    0  140    0
42   33  170    2  194    4  252  255    2    0  140    0  140    0  176   34  255  254  210   11    5    0    0    0  133    0  133    0  129   33   58    0  251   25  238  255    0    0  140    0  140    0
42   33  170    2  194    4  252  255    2    0  140    0  140    0  127   30    0  255  210   11    7    0    0    0  133    0  133    0  203   33   93    0  251   25   28    0    0    0  140    0  140    0   73   30  209  249   82   19   74    0   24    0  136    0  130    0
42   33  170    2  193    4  254  255    1    0  140    0  140    0  225   29  251  254  209   11  253  255    0    0  117    0  122    0   33   35   90    0  250   25   22    0    0    0  140    0  140    0  147   34  214  249   84   19   74    0   24    0  136    0  130    0
42   33  169    2  194    4  252  255    2    0  140    0  140    0  215   34  252  254  209   11    0    0    0    0  119    0  124    0   84   31   91    0  250   25   22    0    0    0  140    0  140    0
42   33  169    2  194    4  252  255    2    0  140    0  140    0  241   36  250  254  209   11  252  255    0    0  121    0  126    0   36   33   71    0  250   25  250  255    0    0  140    0  140    0
42   33  170    2  193    4  255  255    0    0  140    0  140    0  181   33  250  254  209   11  252  255    0    0  123    0  127    0   15   33   71    0  250   25  250  255    0    0  140    0  140    0
42   33  171    2  193    4    0    0    0    0  140    0  140    0  206   33  250  254  209   11  254  255    0    0  125    0  128    0   17   32   71    0  250   25  250  255    0    0  140    0  140    0
42   33  171    2  193    4    0    0    0    0  140    0  140    0  242   34  248  254  209   11  248  255    0    0  126    0  129    0  114   31   70    0  250   25  250  255    0    0  140    0  140    0
42   33  171    2  193    4    0    0    0    0  140    0  140    0  218   32  247  254  209   11  248  255    0    0  126    0  129    0   18   34   70    0  250   25  250  255    0    0  140    0  140    0
42   33  143    2  209    4  206  255   28    0  140    0  140    0  107   36  247  254  209   11  249  255    0    0  127    0  130    0  215   32   69    0  250   25  250  255    0    0  140    0  140    0
42   33  146    2  207    4  218  255   21    0  140    0  140    0    4   33  243  254  209   11  241  255  255  255  112    0  119    0   67   32   69    0  250   25  250  255    0    0  140    0  140    0
42   33  144    2  208    4  218  255   21    0  140    0  140    0   94   33  235  254  208   11  226  255  254  255  100    0  110    0  169   34   69    0  250   25  250  255    0    0  140    0  140    0
42   33  142    2  209    4  218  255   21    0  140    0  140    0   66   29  241  254  208   11  246  255    0    0   90    0  101    0
42   33  139    2  211    4  218  255   21    0  140    0  140    0  123   34  246  254  209   11    3    0    0    0   81    0   94    0
42   33  134    2  214    4  212  255   23    0  140    0  140    0  203   33  244  254  209   11  253  255    0    0   71    0   88    0
42   33  128    2  217    4  207  255   25    0  140    0  140    0  182   33  239  254  208   11  241  255  255  255   64    0   83    0
42   33  110    2  226    4  183  255   36    0  140    0  140    0   18   34  238  254  208   11  239  255  255  255   56    0   78    0
42   33   98    2  232    4  172  255   41    0  140    0  140    0  188   34  244  254  209   11    3    0    0    0   51    0   73    0
42   33   80    2  241    4  149  255   50    0  140    0  140    0   77   35  253  254  209   11   29    0    2    0   48    0   69    0
42   33   73    2  244    4  149  255   50    0  140    0  140    0   92   34    8  255  210   11   58    0    4    0   48    0   65    0
42   33   76    2  243    4  164  255   42    0  140    0  140    0  170   36   13  255  211   11   61    0    5    0   59    0   74    0
42   33   79    2  241    4  180  255   36    0  140    0  140    0   44   34   16  255  211   11   61    0    5    0   59    0   74    0
42   33   71    2  245    4  174  255   38    0  140    0  140    0   36   31   15  255  211   11   49    0    3    0   69    0   82    0
42   33   65    2  248    4  171  255   38    0  140    0  140    0  191   31   18  255  211   11   49    0    3    0   69    0   82    0
42   33   50    2  254    4  154  255   45    0  140    0  140    0  219   34   21  255  212   11   49    0    3    0   69    0   82    0
42   33   45    2    0    5  152  255  240  255  140    0  140    0  214   34   15  255  208   11   28    0  197  255   60    0   77    0
42   33   38    2  255    4  152  255  240  255  140    0  140    0  140   33   44  255  207   11   89    0  200  255   60    0   72    0
42   33   38    2  254    4  166  255   35    0  140    0  140    0  234   33   68  255  207   11  133    0    2    0   60    0   68    0
42   33   33    2    0    5  166  255   35    0  140    0  140    0  129   33   81  255  208   11  147    0   65    0   61    0   64    0
42   33   46    2  253    4  203  255   88    0  140    0  140    0   93   35   90  255  212   11  147    0   65    0   61    0   64    0
42   33   43    2    2    5  203  255   88    0  140    0  140    0  191   35   99  255  216   11  147    0   65    0   61    0   64    0
42   33   39    2    8    5  203  255   88    0  140    0  140    0  248   34  108  255  220   11  147    0   65    0   61    0   64    0
42   33   36    2   13    5  203  255   88    0  140    0  140    0  130   31  117  255  224   11  147    0   65    0   61    0   64    0
42   33   74    2  244    4    4    0  192  255  140    0  140    0    9   34   51  255  207   11  241  255  136  255   53    0   61    0
42   33   74    2  241    4    4    0  192  255  140    0  140    0   22   34   57  255  205   11    0    0  187  255   48    0   59    0
42   33   74    2  237    4    4    0  192  255  140    0  140    0  252   34   89  255  206   11   77    0  255  255   44    0   57    0
42   33   75    2  233    4    4    0  192  255  140    0  140    0    5   32   92  255  208   11   71    0   61    0   41    0   55    0
42   33   55    2  251    4  241  255   74    0  140    0  140    0  158   35   92  255  212   11   60    0   66    0   53    0   65    0
42   33   54    2  255    4  241  255   74    0  140    0  140    0  115   37   96  255  216   11   60    0   66    0   53    0   65    0
42   33   53    2    3    5  241  255   74    0  140    0  140    0   35   35  108  255  218   11   84    0    7    0   63    0   74    0
42   33   52    2    8    5  241  255   74    0  140    0  140    0    0   32  113  255  219   11   84    0    7    0   63    0   74    0
42   33   51    2   12    5  241  255   74    0  140    0  140    0  251   30   87  255  215   11    9    0  197  255   58    0   70    0
42   33   50    2   17    5  241  255   74    0  140    0  140    0  175   32   96  255  213   11   31    0  195  255   54    0   66    0
42   33   49    2   21    5  241  255   74    0  140    0  140    0  165   30  116  255  211   11   79    0  254  255   56    0   63    0
42   33   48    2   26    5  241  255   74    0  140    0  140    0  214   30  114  255  212   11   59    0   59    0   53    0   60    0
42   33   96    2    1    5   44    0   51    0  140    0  140    0  111   34   92  255  215   11  241  255   63    0   47    0   58    0
42   33   99    2    4    5   44    0   51    0  140    0  140    0  191   33   91  255  219   11  241  255   63    0   47    0   58    0
42   33  102    2    7    5   44    0   51    0  140    0  140    0   33   36   90  255  222   11  241  255   63    0   47    0   58    0
42   33   66    2   13    5  245  255  198  255  140    0  140    0  247   32   85  255  218   11  233  255  196  255   58    0   68    0
42   33   65    2    9    5  245  255  198  255  140    0  140    0  238   32   97  255  215   11    9    0  194  255   55    0   65    0
42   33   65    2    5    5  245  255  198  255  140    0  140    0  224   32   98  255  213   11    9    0  251  255   50    0   62    0
42   33   64    2    2    5  245  255  198  255  140    0  140    0  184   33  107  255  214   11   30    0   58    0   51    0   59    0
42   33   63    2  254    4  245  255  198  255  140    0  140    0  222   31  108  255  217   11   30    0   58    0   51    0   59    0
42   33   63    2  251    4  245  255  198  255  140    0  140    0   47   32  110  255  221   11   30    0   58    0   51    0   59    0
42   33   62    2  247    4  245  255  198  255  140    0  140    0   76   37  112  255  224   11   30    0   58    0   51    0   59    0
42   33   55    2  247    4  237  255  195  255  140    0  140    0  206   34  114  255  228   11   30    0   58    0   51    0   59    0
42   33   66    2  239    4  251  255  189  255  140    0  140    0  195   35   44  255  213   11  127  255  190  255   44    0   57    0
42   33   65    2  235    4  251  255  189  255  140    0  140    0   46   31   66  255  212   11  196  255  190  255   44    0   55    0
42   33   68    2  234    4    2    0  251  255  140    0  140    0  215   32   79  255  211   11  238  255  249  255   43    0   53    0
42   33   68    2  234    4    2    0  251  255  140    0  140    0    7   34   91  255  212   11   16    0   58    0   44    0   51    0
42   33   72    2  236    4   13    0   59    0  140    0  140    0   52   33   92  255  216   11   16    0   58    0   44    0   51    0
42   33   73    2  239    4   13    0   59    0  140    0  140    0    4   30   93  255  219   11   16    0   58    0   44    0   51    0
42   33   74    2  243    4   13    0   59    0  140    0  140    0  243   33   94  255  223   11   16    0   58    0   44    0   51    0
42   33   75    2  246    4   13    0   59    0  140    0  140    0   57   33   95  255  226   11   16    0   58    0   44    0   51    0
42   33   48    2  251    4  219  255  208  255  140    0  140    0  159   31   35  255  212   11  132  255  189  255   39    0   50    0
42   33   45    2  248    4  219  255  208  255  140    0  140    0  102   32   36  255  210   11  151  255  185  255   36    0   49    0
42   33   43    2  245    4  219  255  208  255  140    0  140    0   49   34   60  255  209   11  227  255  249  255   33    0   48    0
42   33   41    2  242    4  219  255  208  255  140    0  140    0   37   34   74  255  211   11   13    0   58    0   33    0   47    0
42   33   60    2  243    4    0    0   65    0  140    0  140    0  218   32   50  255  213   11  196  255   59    0   30    0   46    0   71   34   98  247   28   12  228  255  255  254  134    0  127    0
42   33   60    2  247    4    0    0   65    0  140    0  140    0  210   33   46  255  217   11  196  255   59    0   30    0   46    0  195   34   97  247   13   12  228  255  255  254  134    0  127    0
42   33   60    2  251    4    0    0   65    0  140    0  140    0   82   32   43  255  221   11  196  255   59    0   30    0   46    0  240   34  114  247    9   12   19    0  216  254  134    0  128    0
42   33   88    2  234    4   30    0  179  255  140    0  140    0   57   33   36  255  216   11  189  255  192  255   43    0   57    0  143   33   93  247  237   11  246  255  118  254  134    0  129    0
42   33   90    2  229    4   30    0  179  255  140    0  140    0   73   36   55  255  214   11  248  255  193  255   44    0   55    0  208   32   91  247  249   11   16    0  128  254  118    0  119    0
42   33   91    2  225    4   30    0  179  255  140    0  140    0   55   35   58  255  211   11    0    0  250  255   44    0   53    0  246   31   91  247  226   11   16    0  128  254  118    0  119    0
42   33   93    2  220    4   30    0  179  255  140    0  140    0  112   33   67  255  212   11   23    0   58    0   43    0   51    0  100   34   92  247  203   11   16    0  128  254  118    0  119    0
42   33   76    2  238    4   13    0   61    0  140    0  140    0  119   33   68  255  216   11   23    0   58    0   43    0   51    0  124   36   93  247  179   11   16    0  128  254  118    0  119    0
42   33   77    2  241    4   13    0   61    0  140    0  140    0   32   36   69  255  219   11   23    0   58    0   43    0   51    0   45   31   94  247  156   11   16    0  128  254  118    0  119    0
42   33   78    2  245    4   13    0   61    0  140    0  140    0  207   33   71  255  223   11   23    0   58    0   43    0   51    0
42   33   78    2  249    4   13    0   61    0  140    0  140    0  219   34   72  255  226   11   23    0   58    0   43    0   51    0
42   33   65    2  246    4  242  255  197  255  140    0  140    0   32   36   55  255  214   11  238  255  194  255   55    0   62    0
42   33   64    2  243    4  242  255  197  255  140    0  140    0  237   33   42  255  211   11  212  255  190  255   52    0   59    0
42   33   63    2  239    4  242  255  197  255  140    0  140    0   78   30   32  255  208   11  194  255  246  255   48    0   57    0
42   33   63    2  235    4  242  255  197  255  140    0  140    0   52   33   28  255  209   11  193  255   52    0   44    0   55    0
42   33   84    2  235    4   23    0   54    0  140    0  140    0  169   35   16  255  211   11  170  255   56    0   40    0   53    0
42   33   86    2  238    4   23    0   54    0  140    0  140    0   12   34   11  255  215   11  170  255   56    0   40    0   53    0
42   33   81    2  241    4   11    0  255  255  140    0  140    0  233   32    6  255  218   11  170  255   56    0   40    0   53    0
42   33   82    2  241    4   11    0  255  255  140    0  140    0  133   32    0  255  222   11  170  255   56    0   40    0   53    0
42   33   78    2  241    4    0    0  191  255  140    0  140    0  156   34  238  254  211   11  138  255  185  255   35    0   52    0   64   31   47  248   11   11   67    0  195  253  122    0  120    0
42   33   78    2  237    4    0    0  191  255  140    0  140    0  196   34    8  255  210   11  220  255  190  255   33    0   51    0  111   33   75  248  240   10  107    0   27  254  108    0  114    0
42   33   60    2  244    4  233  255    7    0  140    0  140    0  237   35   38  255  210   11   49    0  255  255   31    0   50    0   27   34   82  248  211   10  107    0   27  254  108    0  114    0
42   33   58    2  244    4  233  255    7    0  140    0  140    0  207   33   59  255  212   11  101    0   64    0   30    0   49    0  254   28   88  248  182   10  107    0   27  254  108    0  114    0
42   33   66    2  244    4  251  255   67    0  140    0  140    0    4   34   46  255  214   11   43    0   66    0   27    0   48    0   70   31  111  248  168   10  132    0  127  254  112    0  117    0
42   33   66    2  248    4  251  255   67    0  140    0  140    0  157   33   48  255  218   11   43    0   66    0   27    0   48    0   30   36  119  248  145   10  132    0  127  254  112    0  117    0
42   33   57    2  253    4  234  255   14    0  140    0  140    0  155   36   51  255  222   11   43    0   66    0   27    0   48    0   81   33  127  248  122   10  132    0  127  254  112    0  117    0
42   33   55    2  254    4  234  255   14    0  140    0  140    0   61   34   54  255  226   11   43    0   66    0   27    0   48    0   75   36  139  248   89   10  154    0  250  253  115    0  119    0
42   33   69    2  245    4  252  255  193  255  140    0  140    0  153   28   52  255  217   11   33    0  198  255   29    0   47    0  145   32  148  248   58   10  154    0  250  253  115    0  119    0
42   33   68    2  242    4  252  255  193  255  140    0  140    0  252   33   57  255  214   11   40    0  195  255   29    0   46    0   24   33  186  248   42   10  200    0   21  254  118    0  121    0
42   33   68    2  238    4  252  255  193  255  140    0  140    0  114   34   64  255  211   11   52    0  254  255   31    0   45    0  222   27  198  248   13   10  200    0   21  254  118    0  121    0
42   33   68    2  234    4  252  255  193  255  140    0  140    0   52   30   67  255  212   11   50    0   60    0   30    0   45    0    6   30  210  248  239    9  200    0   21  254  118    0  121    0
42   33   65    2  244    4    0    0   66    0  140    0  140    0   75   34   64  255  215   11   34    0   65    0   43    0   56    0  157   35  254  248  237    9  241    0  127  254  120    0  123    0
42   33   65    2  248    4    0    0   66    0  140    0  140    0   76   35   66  255  219   11   34    0   65    0   43    0   56    0  122   31   12  249  213    9  241    0  127  254  120    0  123    0
42   33   65    2  252    4    0    0   66    0  140    0  140    0  111   34   68  255  223   11   34    0   65    0   43    0   56    0  215   35   27  249  190    9  241    0  127  254  120    0  123    0
42   33   62    2  248    4  244  255  198  255  140    0  140    0  229   32   70  255  227   11   34    0   65    0   43    0   56    0  202   37   91  249  191    9   71    1   40  254  122    0  125    0
42   33   61    2  245    4  244  255  198  255  140    0  140    0   34   34   58  255  217   11    1    0  196  255   41    0   54    0   96   34  134  249  176    9  105    1   56  254  124    0  126    0
42   33   61    2  241    4  244  255  198  255  140    0  140    0  158   33   61  255  214   11    8    0  193  255   40    0   52    0  139   32  175  249  162    9  134    1   73  254  126    0  127    0
42   33   60    2  238    4  244  255  198  255  140    0  140    0  107   34   83  255  213   11   61    0  254  255   37    0   51    0   15   33  210  249  143    9  151    1   83  254  127    0  128    0
42   33   59    2  234    4  244  255  198  255  140    0  140    0   82   32   98  255  214   11   93    0   62    0   38    0   50    0  176   33  231  249  113    9  139    1  143  254  128    0  129    0
42   33   69    2  243    4   10    0   61    0  140    0  140    0  200   35  104  255  218   11   93    0   62    0   38    0   50    0  131   35  249  249   80    9  125    1  142  254  129    0  130    0
42   33   70    2  247    4   10    0   61    0  140    0  140    0  213   34  110  255  221   11   93    0   62    0   38    0   50    0  170   35   11  250   54    9  124    1   75  254  130    0  131    0
42   33   82    2  242    4   21    0  251  255  140    0  140    0  104   33  115  255  225   11   93    0   62    0   38    0   50    0   51   33   33  250   23    9  120    1   64  254  131    0  132    0
42   33   83    2  242    4   21    0  251  255  140    0  140    0  215   34  121  255  229   11   93    0   62    0   38    0   50    0    8   36   55  250  250    8  127    1  255  253  132    0  133    0
42   33   57    2  251    4  234  255  202  255  140    0  140    0  231   33   61  255  215   11  196  255  195  255   36    0   49    0  222   33   74  250  214    8  118    1  241  253  133    0  133    0
42   33   55    2  248    4  234  255  202  255  140    0  140    0  254   35   48  255  211   11  173  255  187  255   34    0   48    0  235   35  111  250  189    8  145    1    1  254  133    0  133    0
42   33   53    2  248    4  236  255    4    0  140    0  140    0   20   32   69  255  210   11  239  255  250  255   35    0   47    0   97   35  143  250  161    8  156    1    8  254  133    0  133    0
42   33   52    2  248    4  236  255    4    0  140    0  140    0  108   33   85  255  212   11   28    0   59    0   34    0   46    0  133   34  167  250  130    8  156    1    8  254  133    0  133    0
42   33   56    2  249    4  248  255   69    0  140    0  140    0   34   34   68  255  215   11  231  255   62    0   35    0   45    0  145   31  184  250   97    8  135    1   66  254  133    0  133    0
42   33   68    2  247    4   12    0   64    0  140    0  140    0   51   34   67  255  218   11  231  255   62    0   35    0   45    0  142   35  197  250   62    8  113    1   57  254  133    0  133    0
42   33   69    2  251    4   12    0   64    0  140    0  140    0  180   33   65  255  222   11  231  255   62    0   35    0   45    0  194   32  219  250   34    8  113    1   57  254  133    0  133    0
42   33   69    2  255    4   12    0   64    0  140    0  140    0  155   34   64  255  226   11  231  255   62    0   35    0   45    0  146   35  237  250  255    7  120    1  176  253  133    0  133    0
42   33   88    2  241    4   32    0  178  255  140    0  140    0   36   33   35  255  215   11  162  255  189  255   31    0   45    0  169   33    8  251  219    7  125    1  170  253  133    0  133    0
42   33   90    2  236    4   32    0  178  255  140    0  140    0  165   34   46  255  212   11  205  255  189  255   32    0   44    0  203   32   52  251  196    7  163    1  193  253  133    0  133    0
42   33   92    2  232    4   32    0  178  255  140    0  140    0  140   31   68  255  211   11   14    0  252  255   29    0   44    0    2   33   98  251  169    7  197    1  212  253  129    0  125    0
42   33   94    2  227    4   32    0  178  255  140    0  140    0  219   32   69  255  211   11   14    0  252  255   29    0   44    0    8   35  135  251  142    7  208    1   27  254  130    0  126    0
42   33   88    2  238    4   30    0   52    0  140    0  140    0  215   33   66  255  213   11    1    0   60    0   31    0   43    0  227   33  168  251  115    7  216    1   38  254  131    0  127    0
42   33   90    2  241    4   30    0   52    0  140    0  140    0  123   34   66  255  217   11    1    0   60    0   31    0   43    0   16   33  196  251   87    7  216    1   38  254  131    0  127    0
42   33   92    2  245    4   30    0   52    0  140    0  140    0  225   32   66  255  220   11    1    0   60    0   31    0   43    0  170   34  206  251   42    7  187    1  210  253  120    0  124    0
42   33   94    2  248    4   30    0   52    0  140    0  140    0   54   30   66  255  224   11    1    0   60    0   31    0   43    0  205   31  232  251   14    7  196    1  144  253  107    0  113    0
42   33   96    2  251    4   30    0   52    0  140    0  140    0  121   34   38  255  214   11  192  255  192  255   28    0   43    0   10   36    3  252  232    6  196    1  144  253  107    0  113    0
42   33   97    2  254    4   30    0   52    0  140    0  140    0   60   36   43  255  211   11  213  255  190  255   27    0   43    0  163   31   30  252  195    6  196    1  144  253  107    0  113    0
42   33   99    2    1    5   30    0   52    0  140    0  140    0  137   35   41  255  207   11  213  255  190  255   27    0   43    0   25   33   58  252  157    6  197    1  135  253  111    0  116    0
42   33  101    2    4    5   30    0   52    0  140    0  140    0   67   33   98  255  213   11  108    0   66    0   28    0   43    0  178   34   95  252  126    6  214    1  209  253  114    0  119    0
42   33  103    2    7    5   30    0   52    0  140    0  140    0  250   35   97  255  216   11   89    0   68    0   30    0   43    0  195   33  122  252   93    6  212    1  214  253  103    0  108    0
42   33  101    2    3    5   27    0   56    0  140    0  140    0   21   32  102  255  221   11   89    0   68    0   30    0   43    0  219   30  155  252   53    6  216    1  216  253   96    0  101    0
42   33  103    2    6    5   27    0   56    0  140    0  140    0  246   29  108  255  225   11   89    0   68    0   30    0   43    0  157   32  182  252   21    6  219    1  153  253  101    0  105    0
42   33  104    2   10    5   27    0   56    0  140    0  140    0  132   32  113  255  229   11   89    0   68    0   30    0   43    0  212   29  213  252  241    5  232    1   86  253   94    0   98    0
42   33  106    2   13    5   27    0   56    0  140    0  140    0   57   35   72  255  218   11  232  255  196  255   29    0   43    0  203   34  244  252  201    5  239    1   80  253   85    0  100    0
42   33  108    2   17    5   27    0   56    0  140    0  140    0  180   34   79  255  215   11  253  255  193  255   29    0   43    0  108   32   33  253  173    5   30    2  102  253   76    0   96    0
42   33  109    2   20    5   27    0   56    0  140    0  140    0   49   32   79  255  211   11  253  255  193  255   29    0   43    0   40   35   63  253  132    5   19    2  158  253   71    0  103    0
42   33  111    2   23    5   27    0   56    0  140    0  140    0   21   33  116  255  214   11   90    0   62    0   33    0   43    0  152   34  115  253  117    5   75    2  252  253   66    0   95    0
42   33   89    2   22    5    4    0   67    0  140    0  140    0   95   30  122  255  218   11   90    0   62    0   33    0   43    0  108   36  147  253   85    5   67    2  251  253   75    0  100    0
42   33   90    2   15    5    8    0   66    0  140    0  140    0  189   34  114  255  221   11   58    0   66    0   46    0   55    0  145   30  182  253   54    5   67    2  251  253   75    0  100    0
42   33   90    2   19    5    8    0   66    0  140    0  140    0  151   30  118  255  225   11   58    0   66    0   46    0   55    0   77   35  213  253   17    5   61    2  175  253   77    0   91    0
42   33  112    2    1    5   27    0  182  255  140    0  140    0   21   32  121  255  229   11   58    0   66    0   46    0   55    0   14   34  243  253  234    4   53    2  102  253   84    0   97    0
42   33  104    2  253    4   14    0  180  255  140    0  140    0   61   33   69  255  220   11  195  255  195  255   42    0   53    0  168   34   21  254  194    4   53    2  102  253   84    0   97    0
42   33  105    2  248    4   14    0  180  255  140    0  140    0  246   36   80  255  217   11  227  255  191  255   41    0   52    0  187   34   46  254  149    4   33    2   81  253   93    0  105    0
42   33  106    2  244    4   14    0  180  255  140    0  140    0  253   31   93  255  214   11    7    0  251  255   39    0   51    0  237   33   79  254  108    4   33    2   81  253   93    0  105    0
42   33   81    2    1    5  244  255   72    0  140    0  140    0  226   36  113  255  216   11   59    0   60    0   40    0   50    0   79   33   94  254   60    4  249    1  128  253   83    0  107    0
42   33   74    2    5    5  236  255   79    0  140    0  140    0  116   31  116  255  219   11   59    0   60    0   40    0   50    0   15   33  129  254   28    4    4    2  131  253   80    0  103    0
42   33   68    2   10    5  230  255   82    0  140    0  140    0   39   30  111  255  223   11   33    0   65    0   52    0   61    0  245   32  157  254  244    3  255    1  126  253   87    0  116    0
42   33   67    2   15    5  230  255   82    0  140    0  140    0  246   33  113  255  226   11   33    0   65    0   52    0   61    0   26   33  191  254  206    3    6    2  123  253   94    0  119    0
42   33   65    2   19    5  230  255   82    0  140    0  140    0   71   36  115  255  230   11   33    0   65    0   52    0   61    0  145   28  222  254  167    3    6    2  123  253   94    0  119    0
42   33   77    2    7    5  245  255  198  255  140    0  140    0   37   34   71  255  222   11  178  255  194  255   48    0   59    0  191   35    1  255  127    3   15    2   49  253   96    0  125    0
42   33   76    2    3    5  245  255  198  255  140    0  140    0   12   36   75  255  217   11  200  255  190  255   46    0   57    0  241   35   33  255   84    3   15    2   49  253   96    0  125    0
42   33   75    2    0    5  245  255  198  255  140    0  140    0   43   32  102  255  216   11   20    0  252  255   45    0   55    0   71   33   79  255   46    3   41    2   93  253  101    0  126    0
42   33   75    2  252    4  245  255  198  255  140    0  140    0  155   31  103  255  216   11   20    0  252  255   45    0   55    0   68   36  112  255    5    3   41    2   93  253  101    0  126    0
42   33   71    2    5    5  249  255   69    0  140    0  140    0  107   35  105  255  215   11   20    0  252  255   45    0   55    0  151   34  145  255  221    2   40    2  131  253  109    0  134    0
