7    3   24    1   87    5    6    0  255  255  130    0  101    0  203   32   94  250  172   11  213  255  235  255  140    0  140    0  130   32  186   15   76   18  243  255   12    0  140    0  140    0   16   36   79    2  196    5  224  255   13    0  140    0  140    0
7    3   23    1   87    5    2    0    0    0  127    0   97    0   11   30   86  250  168   11  203  255  230  255  140    0  140    0  145   34  182   15   80   18  239  255   15    0  140    0  140    0  152   31   77    2  197    5  224  255   13    0  140    0  140    0
7    3   25    1   87    5    5    0  255  255  124    0   93    0  211   29   82  250  166   11  201  255  229  255  140    0  140    0   49   32  190   15   73   18  249  255    6    0  140    0  140    0  137   34   75    2  198    5  224  255   13    0  140    0  140    0
7    3   25    1   87    5    5    0  255  255  120    0   90    0   13   34   79  250  164   11  203  255  230  255  140    0  140    0   84   34  196   15   68   18    0    0    0    0  140    0  140    0  223   33   73    2  198    5  224  255   13    0  140    0  140    0
7    3   24    1   87    5    3    0    0    0  118    0   87    0   65   32   80  250  165   11  210  255  234  255  140    0  140    0  248   32  200   15   64   18    4    0  252  255  140    0  140    0  214   34   71    2  199    5  224  255   13    0  140    0  140    0
7    3   26    1   87    5    6    0  255  255  115    0   84    0  229   32   74  250  162   11  204  255  231  255  140    0  140    0  139   34  209   15   56   18   14    0  243  255  140    0  140    0  249   35   69    2  200    5  224  255   13    0  140    0  140    0
7    3   25    1   87    5    2    0    0    0  113    0   82    0  104   32   70  250  160   11  203  255  230  255  140    0  140    0  248   34  210   15   55   18   15    0  243  255  140    0  140    0   46   33   67    2  201    5  224  255   13    0  140    0  140    0
7    3   24    1   87    5    0    0    0    0  113    0   80    0  237   33   67  250  159   11  204  255  230  255  140    0  140    0  120   34  199   15   65   18    1    0    0    0  140    0  140    0
7    3   25    1   87    5    3    0    0    0  113    0   78    0   57   35   60  250  155   11  196  255  227  255  140    0  140    0   93   35  203   15   62   18    5    0  252  255  140    0  140    0
7    3   26    1   87    5    5    0  255  255  112    0   76    0   87   34   58  250  154   11  200  255  228  255  140    0  140    0  166   34  205   15   60   18    7    0  250  255  140    0  140    0
7    3   26    1   87    5    3    0    0    0  112    0   74    0  188   35   60  250  155   11  210  255  233  255  140    0  140    0  240   36  202   15   63   18    3    0  254  255  140    0  140    0
7    3   24    1   87    5    0    0    0    0  113    0   72    0  124   32   59  250  155   11  213  255  235  255  140    0  140    0  228   30  198   15   66   18    0    0    0    0  140    0  140    0
7    3   24    1   87    5  255  255    0    0  113    0   71    0   80   34   60  250  155   11  219  255  238  255  140    0  140    0   86   36  192   15   71   18  249  255    6    0  140    0  140    0
7    3   24    1   87    5  255  255    0    0  113    0   70    0   99   36   63  250  157   11  230  255  243  255  140    0  140    0   17   32  185   15   78   18  241  255   13    0  140    0  140    0
7    3   26    1   87    5    3    0    0    0  113    0   69    0  251   33   64  250  157   11  234  255  246  255  140    0  140    0   92   34  182   15   80   18  238  255   15    0  140    0  140    0
7    3   23    1   87    5  254  255    0    0  115    0   68    0  132   33   65  250  158   11  240  255  248  255  140    0  140    0  224   33  173   15   87   18  230  255   22    0  140    0  140    0
7    3   20    1   88    5  248  255    1    0  116    0   67    0   62   35   68  250  159   11  247  255  252  255  140    0  140    0   45   37  166   15   93   18  224  255   27    0  140    0  140    0
7    3   19    1   88    5  246  255    2    0  116    0   66    0   17   33   74  250  162   11    3    0    1    0  140    0  140    0   18   36  163   15   96   18  223  255   28    0  140    0  140    0
7    3   19    1   88    5  248  255    1    0  117    0   65    0   37   33   78  250  164   11    9    0    4    0  140    0  140    0   45   31  154   15  104   18  215  255   35    0  140    0  140    0
7    3   20    1   88    5  250  255    1    0  118    0   64    0   40   31   77  250  164   11    6    0    3    0  140    0  140    0   35   32  159   15   99   18  224  255   27    0  140    0  140    0
7    3   20    1   88    5  252  255    0    0  119    0   63    0  126   35   77  250  164   11    6    0    3    0  140    0  140    0   43   33  157   15  101   18  223  255   28    0  140    0  140    0
7    3   20    1   88    5  253  255    0    0  120    0   62    0   66   32   77  250  163   11    4    0    2    0  140    0  140    0  116   33  162   15   97   18  231  255   21    0  140    0  140    0
7    3   20    1   88    5  253  255    0    0  123    0   61    0   96   31   73  250  161   11  254  255  255  255  140    0  140    0   19   32  164   15   95   18  235  255   18    0  140    0  140    0
7    3   20    1   88    5  253  255    0    0  125    0   60    0  179   32   73  250  161   11  254  255  255  255  140    0  140    0   32   35  167   15   93   18  239  255   14    0  140    0  140    0
7    3   20    1   88    5  254  255    0    0  126    0   59    0   63   32   73  250  162   11  255  255    0    0  140    0  140    0  255   32  161   15   97   18  235  255   18    0  140    0  140    0
7    3   20    1   88    5  254  255    0    0  126    0   59    0  202   33   69  250  159   11  247  255  252  255  140    0  140    0  123   36  164   15   95   18  239  255   14    0  140    0  140    0
7    3   19    1   88    5  252  255    0    0  127    0   59    0  201   35   66  250  158   11  243  255  250  255  140    0  140    0   57   30  162   15   97   18  238  255   16    0  140    0  140    0
7    3   19    1   88    5  253  255    0    0  129    0   58    0  226   32   65  250  158   11  243  255  250  255  140    0  140    0   82   35  155   15  103   18  231  255   21    0  140    0  140    0
7    3   19    1   88    5  253  255    0    0  131    0   57    0  222   33   64  250  157   11  243  255  250  255  140    0  140    0  213   32  147   15  110   18  224  255   27    0  140    0  140    0
7    3   19    1   88    5  254  255    0    0  132    0   56    0  249   30   66  250  158   11  248  255  252  255  140    0  140    0  130   33  141   15  115   18  219  255   31    0  140    0  140    0
7    3   19    1   88    5  253  255    0    0  133    0   66    0  238   34   70  250  160   11  254  255  255  255  140    0  140    0   91   34  133   15  121   18  214  255   36    0  140    0  140    0
7    3   17    1   88    5  251  255    1    0  135    0   64    0    4   31   77  250  163   11   10    0    5    0  140    0  140    0  152   31  131   15  123   18  214  255   36    0  140    0  140    0
7    3   16    1   89    5  249  255    1    0  136    0   62    0   48   38   79  250  164   11   12    0    6    0  140    0  140    0   99   33  149   15  108   18  236  255   17    0  140    0  140    0
7    3   17    1   89    5  251  255    1    0  136    0   61    0   75   32   76  250  163   11    6    0    3    0  140    0  140    0  180   30  161   15   98   18  251  255    4    0  140    0  140    0
7    3   17    1   89    5  252  255    0    0  136    0   60    0   72   34   80  250  165   11   12    0    6    0  140    0  140    0  199   34  160   15   98   18  251  255    4    0  140    0  140    0
7    3   16    1   89    5  252  255    0    0  137    0   59    0  219   36   78  250  164   11    7    0    3    0  140    0  140    0   75   32  165   15   94   18    0    0    0    0  140    0  140    0
7    3   16    1   89    5  251  255    1    0  138    0   58    0  164   31   79  250  164   11    8    0    4    0  140    0  140    0    5   33  172   15   88   18    8    0  249  255  140    0  140    0
7    3   16    1   89    5  252  255    0    0  137    0   58    0   18   34   81  250  165   11   10    0    5    0  140    0  140    0  137   32  182   15   80   18   18    0  240  255  140    0  140    0
7    3   15    1   89    5  251  255    1    0  138    0   57    0  221   35   84  250  167   11   16    0    7    0  140    0  140    0    8   33  177   15   84   18   11    0  246  255  140    0  140    0
7    3   14    1   89    5  251  255    1    0  139    0   56    0  183   33   86  250  168   11   17    0    8    0  140    0  140    0  228   35  174   15   87   18    7    0  250  255  140    0  140    0
7    3   15    1   89    5  253  255    0    0  139    0   55    0  154   35   88  250  169   11   19    0    9    0  140    0  140    0  185   34  179   15   82   18   13    0  245  255  140    0  140    0
7    3   13    1   89    5  250  255    1    0  140    0   55    0   42   35   90  250  170   11   20    0   10    0  140    0  140    0  117   33  173   15   87   18    5    0  252  255  140    0  140    0
7    3   15    1   89    5  253  255    0    0  140    0   55    0  177   35   93  250  171   11   24    0   11    0  140    0  140    0  219   32  175   15   86   18    6    0  251  255  140    0  140    0
7    3   16    1   89    5  255  255    0    0  139    0   55    0   31   32   94  250  172   11   24    0   11    0  140    0  140    0   55   31  174   15   87   18    4    0  252  255  140    0  140    0
7    3   17    1   88    5    1    0    0    0  138    0   55    0  178   34   90  250  170   11   13    0    6    0  140    0  140    0   80   37  180   15   81   18   12    0  246  255  140    0  140    0
7    3   18    1   88    5    3    0    0    0  138    0   55    0  251   32   92  250  171   11   16    0    8    0  140    0  140    0  103   30  187   15   76   18   18    0  240  255  140    0  140    0
7    3   19    1   88    5    4    0    0    0  138    0   55    0   38   34   93  250  171   11   15    0    7    0  140    0  140    0   75   35  181   15   80   18   11    0  247  255  140    0  140    0
7    3   20    1   88    5    5    0  255  255  138    0   55    0   62   35   87  250  169   11    3    0    1    0  140    0  140    0   93   35  184   15   78   18   13    0  245  255  140    0  140    0
7    3   20    1   88    5    5    0  255  255  138    0   55    0  150   32   85  250  167   11  255  255    0    0  140    0  140    0  150   34  189   15   73   18   18    0  240  255  140    0  140    0
7    3   20    1   88    5    3    0    0    0  138    0   65    0  183   31   78  250  164   11  243  255  250  255  140    0  140    0   56   36  195   15   69   18   23    0  236  255  140    0  140    0
7    3   18    1   88    5    0    0    0    0  138    0   63    0   84   33   82  250  166   11  251  255  254  255  140    0  140    0  114   33  197   15   67   18   24    0  235  255  140    0  140    0
7    3   18    1   88    5    0    0    0    0  139    0   61    0   22   36   81  250  166   11  251  255  254  255  140    0  140    0  200   34  198   15   65   18   24    0  235  255  140    0  140    0
7    3   16    1   89    5  254  255    0    0  139    0   60    0  227   31   76  250  163   11  241  255  249  255  140    0  140    0  194   32  203   15   61   18   28    0  232  255  140    0  140    0
7    3   15    1   89    5  250  255    1    0  138    0   59    0   32   35   74  250  162   11  239  255  248  255  140    0  140    0   94   35  208   15   57   18   31    0  229  255  140    0  140    0
7    3   14    1   89    5  250  255    1    0  137    0   59    0  249   35   77  250  163   11  247  255  252  255  140    0  140    0   41   36  213   15   53   18   34    0  226  255  140    0  140    0
7    3   13    1   89    5  249  255    1    0  137    0   58    0  123   35   80  250  165   11  254  255  255  255  140    0  140    0  166   32  204   15   61   18   22    0  237  255  140    0  140    0
7    3   16    1   89    5  255  255    0    0  137    0   57    0  222   32   78  250  164   11  251  255  254  255  140    0  140    0   62   34  199   15   65   18   14    0  244  255  140    0  140    0
7    3   16    1   89    5  255  255    0    0  137    0   57    0  205   34   77  250  164   11  250  255  253  255  140    0  140    0  143   34  201   15   63   18   16    0  242  255  140    0  140    0
7    3   15    1   89    5  253  255    0    0  137    0   57    0   36   31   72  250  161   11  240  255  248  255  140    0  140    0  234   31  201   15   63   18   15    0  243  255  140    0  140    0
7    3   16    1   89    5    0    0    0    0  137    0   57    0   11   32   70  250  160   11  239  255  248  255  140    0  140    0  216   31  201   15   63   18   14    0  244  255  140    0  140    0
7    3   16    1   89    5    0    0    0    0  137    0   57    0  113   30   68  250  159   11  237  255  247  255  140    0  140    0   82   36  197   15   66   18    9    0  249  255  140    0  140    0
7    3   16    1   89    5    0    0    0    0  136    0   57    0   51   32   64  250  157   11  231  255  244  255  140    0  140    0  180   30  195   15   68   18    6    0  251  255  140    0  140    0
7    3   17    1   89    5    0    0    0    0  136    0   56    0  165   30   63  250  157   11  233  255  245  255  140    0  140    0   78   34  199   15   65   18   10    0  248  255  140    0  140    0
7    3   17    1   88    5    1    0    0    0  136    0   56    0   88   33   55  250  152   11  220  255  238  255  140    0  140    0   18   33  190   15   73   18    0    0    0    0  140    0  140    0
7    3   18    1   88    5    3    0    0    0  135    0   56    0   46   33   53  250  151   11  220  255  238  255  140    0  140    0   78   34  188   15   75   18  253  255    3    0  140    0  140    0
7    3   20    1   88    5    5    0  255  255  134    0   56    0  187   31   55  250  152   11  227  255  242  255  140    0  140    0   42   30  194   15   69   18    4    0  253  255  140    0  140    0
7    3   21    1   88    5    7    0  255  255  133    0   56    0    8   33   58  250  154   11  237  255  247  255  140    0  140    0  240   31  201   15   63   18   11    0  246  255  140    0  140    0
7    3   21    1   88    5    7    0  255  255  133    0   56    0  232   33   58  250  154   11  239  255  248  255  140    0  140    0   49   34  189   15   73   18  254  255    2    0  140    0  140    0
7    3   21    1   88    5    5    0  255  255  133    0   56    0  218   32   54  250  152   11  234  255  245  255  140    0  140    0  111   34  188   15   74   18  253  255    3    0  140    0  140    0
7    3   21    1   88    5    5    0  255  255  132    0   56    0   78   36   54  250  152   11  237  255  247  255  140    0  140    0  138   33  192   15   71   18    0    0    0    0  140    0  140    0
7    3   20    1   88    5    3    0    0    0  131    0   56    0   53   34   57  250  153   11  243  255  250  255  140    0  140    0   99   35  196   15   68   18    5    0  252  255  140    0  140    0
7    3   20    1   88    5    2    0    0    0  131    0   56    0  241   33   60  250  155   11  250  255  253  255  140    0  140    0  216   31  193   15   70   18    2    0  255  255  140    0  140    0
7    3   18    1   88    5  255  255    0    0  132    0   56    0  156   31   64  250  157   11    2    0    1    0  140    0  140    0   33   31  192   15   71   18    0    0    0    0  140    0  140    0
7    3   18    1   88    5  254  255    0    0  131    0   56    0  127   28   63  250  157   11    0    0    0    0  140    0  140    0  140   33  183   15   79   18  247  255    8    0  140    0  140    0
7    3   19    1   88    5    0    0    0    0  132    0   56    0  179   30   62  250  156   11  255  255    0    0  140    0  140    0   98   34  189   15   73   18  255  255    1    0  140    0  140    0
7    3   18    1   88    5  255  255    0    0  133    0   56    0  203   29   62  250  156   11  255  255    0    0  140    0  140    0  140   33  196   15   67   18    5    0  251  255  140    0  140    0
7    3   18    1   88    5  255  255    0    0  133    0   56    0  215   31   64  250  157   11    2    0    1    0  140    0  140    0  241   34  194   15   69   18    3    0  253  255  140    0  140    0
7    3   18    1   88    5    0    0    0    0  133    0   56    0  138   31   67  250  158   11    6    0    3    0  140    0  140    0  105   33  193   15   70   18    1    0  255  255  140    0  140    0
7    3   20    1   88    5    2    0    0    0  133    0   56    0  252   33   66  250  158   11    5    0    2    0  140    0  140    0   23   32  197   15   66   18    6    0  251  255  140    0  140    0
7    3   19    1   88    5    0    0    0    0  133    0   56    0  187   30   65  250  157   11    1    0    0    0  140    0  140    0  224   32  205   15   60   18   14    0  244  255  140    0  140    0
7    3   18    1   88    5  255  255    0    0  133    0   56    0    4   32   64  250  157   11    0    0    0    0  140    0  140    0  236   35  207   15   58   18   16    0  242  255  140    0  140    0
7    3   18    1   88    5  255  255    0    0  132    0   56    0   81   36   68  250  159   11    7    0    3    0  140    0  140    0  224   33  216   15   50   18   24    0  235  255  140    0  140    0
7    3   18    1   88    5    0    0    0    0  132    0   56    0  187   34   74  250  162   11   18    0    9    0  140    0  140    0  110   32  218   15   49   18   24    0  235  255  140    0  140    0
7    3   19    1   88    5    1    0    0    0  132    0   56    0   90   34   74  250  162   11   16    0    8    0  140    0  140    0   50   29  223   15   44   18   28    0  231  255  140    0  140    0
7    3   21    1   88    5    5    0  255  255  132    0   56    0   54   32   78  250  164   11   22    0   10    0  140    0  140    0  163   31  232   15   36   18   36    0  224  255  140    0  140    0
7    3   20    1   88    5    2    0    0    0  132    0   56    0   51   34   75  250  162   11   13    0    6    0  140    0  140    0   97   36  237   15   31   18   40    0  221  255  140    0  140    0
7    3   19    1   88    5    0    0    0    0  133    0   56    0  126   34   74  250  162   11   10    0    5    0  140    0  140    0  177   34  237   15   31   18   37    0  223  255  140    0  140    0
7    3   19    1   88    5    0    0    0    0  134    0   56    0  100   31   74  250  162   11    9    0    4    0  140    0  140    0  241   35  236   15   33   18   33    0  227  255  140    0  140    0
7    3   18    1   88    5  254  255    0    0  134    0   56    0  118   32   77  250  163   11   13    0    6    0  140    0  140    0   59   35  227   15   40   18   21    0  238  255  140    0  140    0
7    3   18    1   88    5  254  255    0    0  134    0   56    0   97   34   79  250  164   11   15    0    7    0  140    0  140    0  176   35  231   15   37   18   24    0  235  255  140    0  140    0
7    3   16    1   89    5  250  255    1    0  134    0   56    0  172   31   75  250  163   11    7    0    3    0  140    0  140    0   66   31  236   15   32   18   28    0  231  255  140    0  140    0
7    3   16    1   89    5  251  255    1    0  133    0   56    0  236   34   77  250  164   11   10    0    5    0  140    0  140    0   87   34  241   15   29   18   31    0  229  255  140    0  140    0
7    3   15    1   89    5  250  255    1    0  133    0   56    0   67   31   75  250  162   11    5    0    2    0  140    0  140    0  160   34  242   15   27   18   31    0  229  255  140    0  140    0
7    3   15    1   89    5  250  255    1    0  133    0   56    0   53   35   75  250  162   11    4    0    1    0  140    0  140    0  123   35  237   15   32   18   22    0  237  255  140    0  140    0
7    3   15    1   89    5  251  255    0    0  134    0   56    0  142   33   73  250  162   11    0    0    0    0  140    0  140    0    3   34  231   15   37   18   14    0  244  255  140    0  140    0
7    3   15    1   89    5  252  255    0    0  134    0   56    0  150   34   72  250  161   11  255  255    0    0  140    0  140    0  104   34  224   15   44   18    5    0  252  255  140    0  140    0
7    3   16    1   89    5  255  255    0    0  133    0   56    0  192   33   68  250  159   11  247  255  252  255  140    0  140    0  118   36  217   15   49   18  254  255    2    0  140    0  140    0
7    3   15    1   89    5  254  255    0    0  134    0   56    0  150   33   64  250  157   11  240  255  248  255  140    0  140    0  198   30  212   15   54   18  249  255    6    0  140    0  140    0
7    3   17    1   89    5    0    0    0    0  135    0   55    0  251   32   62  250  156   11  238  255  247  255  140    0  140    0   49   36  211   15   54   18  248  255    7    0  140    0  140    0
7    3   17    1   88    5    0    0    0    0  135    0   55    0  118   35   59  250  154   11  235  255  246  255  140    0  140    0   41   34  205   15   60   18  241  255   13    0  140    0  140    0
7    3   19    1   88    5    3    0    0    0  136    0   54    0  161   33   59  250  155   11  238  255  247  255  140    0  140    0  229   35  198   15   66   18  235  255   18    0  140    0  140    0
7    3   19    1   88    5    4    0    0    0  135    0   54    0   97   35   59  250  154   11  239  255  248  255  140    0  140    0   25   33  192   15   72   18  229  255   23    0  140    0  140    0
7    3   19    1   88    5    3    0    0    0  135    0   54    0  217   31   63  250  156   11  248  255  252  255  140    0  140    0   41   34  186   15   77   18  224  255   27    0  140    0  140    0
7    3   20    1   88    5    5    0  255  255  135    0   54    0  127   36   62  250  156   11  248  255  252  255  140    0  140    0  197   35  171   15   89   18  211  255   39    0  140    0  140    0
7    3   20    1   88    5    5    0  255  255  135    0   54    0  134   33   63  250  156   11  250  255  253  255  140    0  140    0   12   34  173   15   88   18  215  255   35    0  140    0  140    0
7    3   21    1   88    5    5    0  255  255  135    0   54    0   24   35   68  250  159   11    5    0    2    0  140    0  140    0  152   34  181   15   81   18  227  255   25    0  140    0  140    0
7    3   21    1   88    5    5    0  255  255  133    0   55    0  248   33   69  250  160   11    6    0    3    0  140    0  140    0  246   31  191   15   72   18  240  255   13    0  140    0  140    0
7    3   21    1   88    5    4    0    0    0  133    0   55    0  102   36   71  250  160   11    9    0    4    0  140    0  140    0  198   32  186   15   76   18  236  255   17    0  140    0  140    0
7    3   20    1   88    5    2    0    0    0  132    0   55    0   81   30   73  250  161   11   11    0    5    0  140    0  140    0  250   35  175   15   86   18  225  255   27    0  140    0  140    0
7    3   21    1   88    5    4    0    0    0  131    0   55    0   58   33   75  250  162   11   13    0    6    0  140    0  140    0  239   34  170   15   90   18  221  255   30    0  140    0  140    0
7    3   21    1   88    5    3    0    0    0  131    0   55    0  203   29   75  250  162   11   12    0    5    0  140    0  140    0   29   33  172   15   88   18  226  255   25    0  140    0  140    0
7    3   19    1   88    5    0    0    0    0  132    0   55    0  151   35   76  250  163   11   14    0    6    0  140    0  140    0   43   32  173   15   87   18  230  255   22    0  140    0  140    0
7    3   19    1   88    5  255  255    0    0  130    0   56    0  128   33   75  250  163   11   10    0    5    0  140    0  140    0  231   27  181   15   81   18  240  255   14    0  140    0  140    0
7    3   20    1   88    5    0    0    0    0  129    0   56    0  218   32   78  250  164   11   14    0    7    0  140    0  140    0  199   32  183   15   79   18  243  255   11    0  140    0  140    0
7    3   18    1   88    5  253  255    0    0  129    0   56    0   94   36   80  250  165   11   16    0    7    0  140    0  140    0  151   35  184   15   78   18  245  255    9    0  140    0  140    0
7    3   17    1   88    5  252  255    0    0  128    0   56    0  104   30   80  250  165   11   13    0    6    0  140    0  140    0  105   33  188   15   74   18  251  255    5    0  140    0  140    0
7    3   14    1   89    5  247  255    1    0  129    0   56    0  189   33   81  250  166   11   15    0    7    0  140    0  140    0  215   34  183   15   79   18  245  255   10    0  140    0  140    0
7    3   15    1   89    5  249  255    1    0  128    0   56    0  159   33   79  250  164   11    8    0    4    0  140    0  140    0   43   34  190   15   72   18  254  255    1    0  140    0  140    0
7    3   14    1   89    5  248  255    1    0  128    0   56    0   47   34   82  250  166   11   14    0    7    0  140    0  140    0  196   34  198   15   66   18    6    0  251  255  140    0  140    0
7    3   14    1   89    5  250  255    1    0  127    0   56    0  238   32   86  250  168   11   19    0    9    0  140    0  140    0   95   34  198   15   65   18    6    0  251  255  140    0  140    0
7    3   13    1   89    5  248  255    1    0  128    0   56    0   79   32   87  250  168   11   19    0    9    0  140    0  140    0  223   30  196   15   67   18    3    0  253  255  140    0  140    0
7    3   13    1   89    5  249  255    1    0  128    0   56    0   90   32   83  250  166   11    9    0    4    0  140    0  140    0  112   32  210   15   56   18   18    0  241  255  140    0  140    0
7    3   14    1   89    5  251  255    1    0  128    0   56    0   49   31   79  250  164   11    0    0    0    0  140    0  140    0  129   35  216   15   50   18   24    0  235  255  140    0  140    0
7    3   14    1   89    5  252  255    0    0  127    0   56    0   29   34   73  250  161   11  247  255  252  255  140    0  140    0   90   32  215   15   51   18   21    0  238  255  140    0  140    0
7    3   13    1   89    5  252  255    0    0  127    0   56    0    4   33   72  250  161   11  246  255  251  255  140    0  140    0  228   34  211   15   55   18   15    0  243  255  140    0  140    0
7    3   15    1   89    5  255  255    0    0  126    0   56    0  196   34   72  250  161   11  247  255  252  255  140    0  140    0  234   35  204   15   61   18    6    0  251  255  140    0  140    0
7    3   15    1   89    5    0    0    0    0  126    0   56    0  131   31   77  250  163   11    0    0    0    0  140    0  140    0   56   34  192   15   71   18  249  255    6    0  140    0  140    0
7    3   16    1   89    5    0    0    0    0  126    0   56    0   96   35   77  250  163   11    0    0    0    0  140    0  140    0   67   33  193   15   70   18  251  255    4    0  140    0  140    0
7    3   16    1   89    5    0    0    0    0  127    0   56    0  164   30   76  250  163   11    0    0    0    0  140    0  140    0   58   35  186   15   76   18  244  255   11    0  140    0  140    0
7    3   14    1   89    5  254  255    0    0  128    0   56    0  160   35   78  250  164   11    1    0    0    0  140    0  140    0   10   31  179   15   83   18  236  255   17    0  140    0  140    0
7    3   14    1   89    5  253  255    0    0  127    0   56    0  137   36   81  250  165   11    7    0    3    0  140    0  140    0    5   35  178   15   83   18  237  255   16    0  140    0  140    0
7    3   15    1   89    5    0    0    0    0  126    0   57    0  162   33   86  250  168   11   16    0    7    0  140    0  140    0   20   34  189   15   73   18  251  255    4    0  140    0  140    0
7    3   15    1   89    5    0    0    0    0  126    0   57    0  182   34   89  250  169   11   20    0    9    0  140    0  140    0  243   25  192   15   71   18  254  255    1    0  140    0  140    0
7    3   16    1   89    5    1    0    0    0  126    0   57    0   93   32   95  250  172   11   29    0   14    0  140    0  140    0  154   33  192   15   71   18  255  255    1    0  140    0  140    0
7    3   17    1   88    5    4    0    0    0  125    0   57    0  228   31  102  250  175   11   39    0   18    0  140    0  140    0   58   34  197   15   66   18    4    0  253  255  140    0  140    0
7    3   20    1   88    5   10    0  254  255  123    0   58    0  172   34  103  250  176   11   36    0   17    0  140    0  140    0  222   32  206   15   59   18   13    0  245  255  140    0  140    0
7    3   19    1   88    5    5    0  255  255  123    0   58    0  173   31  105  250  177   11   37    0   17    0  140    0  140    0  115   37  202   15   63   18    7    0  250  255  140    0  140    0
7    3   19    1   88    5    4    0    0    0  123    0   58    0  247   33  106  250  177   11   33    0   16    0  140    0  140    0  158   34  197   15   67   18    1    0  255  255  140    0  140    0
7    3   17    1   88    5    0    0    0    0  124    0   58    0   58   34  106  250  177   11   29    0   14    0  140    0  140    0  105   35  187   15   75   18  247  255    8    0  140    0  140    0
7    3   16    1   89    5  255  255    0    0  125    0   58    0   60   35  107  250  178   11   29    0   14    0  140    0  140    0  176   37  180   15   81   18  240  255   13    0  140    0  140    0
7    3   15    1   89    5  253  255    0    0  126    0   58    0  201   34  113  250  181   11   37    0   17    0  140    0  140    0  138   34  180   15   81   18  242  255   12    0  140    0  140    0
7    3   13    1   89    5  250  255    1    0  127    0   58    0  248   33  118  250  183   11   42    0   20    0  140    0  140    0   46   34  192   15   71   18  255  255    0    0  140    0  140    0
7    3   13    1   89    5  250  255    1    0  127    0   58    0  127   33  121  250  184   11   42    0   19    0  140    0  140    0  255   33  199   15   65   18    6    0  251  255  140    0  140    0
7    3   15    1   89    5  255  255    0    0  126    0   58    0  101   35  117  250  183   11   30    0   14    0  140    0  140    0  199   33  200   15   64   18    7    0  250  255  140    0  140    0
7    3   13    1   89    5  252  255    0    0  126    0   58    0  117   33  119  250  184   11   31    0   14    0  140    0  140    0  156   32  199   15   65   18    6    0  251  255  140    0  140    0
7    3   12    1   89    5  251  255    1    0  126    0   58    0    9   36  120  250  184   11   29    0   13    0  140    0  140    0  167   33  195   15   68   18    1    0  255  255  140    0  140    0
7    3   11    1   90    5  248  255    1    0  126    0   58    0  191   33  128  250  188   11   40    0   18    0  140    0  140    0  224   34  209   15   56   18   16    0  242  255  140    0  140    0    5   35  195  252  193    4   26    2    0  255  112    0  105    0
7    3   10    1   90    5  247  255    1    0  125    0   58    0   42   34  129  250  188   11   38    0   18    0  140    0  140    0  140   33  215   15   51   18   22    0  237  255  140    0  140    0    5   35  234  252  180    4   42    2    3  255  115    0  109    0
7    3   12    1   90    5  252  255    0    0  124    0   58    0  214   34  128  250  188   11   32    0   15    0  140    0  140    0  111   32  222   15   45   18   28    0  232  255  140    0  140    0   60   33   12  253  164    4   42    2    3  255  115    0  109    0
7    3   14    1   89    5    1    0    0    0  123    0   58    0  131   33  130  250  189   11   32    0   15    0  140    0  140    0   93   32  227   15   41   18   31    0  229  255  140    0  140    0  118   29   45  253  149    4   42    2    3  255  115    0  109    0
7    3   16    1   89    5    4    0    0    0  123    0   58    0  245   33  130  250  189   11   29    0   13    0  140    0  140    0  248   33  216   15   50   18   18    0  241  255  140    0  140    0
7    3   17    1   88    5    7    0  255  255  123    0   58    0  141   33  130  250  189   11   26    0   12    0  140    0  140    0  234   33  213   15   52   18   13    0  245  255  140    0  140    0
7    3   19    1   88    5   10    0  254  255  122    0   58    0  114   31  132  250  190   11   26    0   12    0  140    0  140    0   49   33  214   15   52   18   13    0  245  255  140    0  140    0
7    3   19    1   88    5    9    0  255  255  123    0   58    0  222   33  134  250  190   11   26    0   12    0  140    0  140    0  114   35  204   15   61   18    1    0  255  255  140    0  140    0
7    3   19    1   88    5    7    0  255  255  124    0   58    0   43   35  135  250  191   11   26    0   12    0  140    0  140    0  231   31  204   15   61   18    1    0  255  255  140    0  140    0
7    3   20    1   88    5    8    0  255  255  124    0   58    0   79   35  137  250  192   11   26    0   12    0  140    0  140    0   61   29  200   15   64   18  253  255    2    0  140    0  140    0
7    3   21    1   88    5    8    0  255  255  124    0   58    0  112   32  138  250  193   11   26    0   12    0  140    0  140    0   19   34  199   15   65   18  252  255    3    0  140    0  140    0
7    3   20    1   88    5    6    0  255  255  123    0   58    0   59   33  140  250  193   11   26    0   12    0  140    0  140    0   15   35  187   15   75   18  239  255   15    0  140    0  140    0
7    3   23    1   87    5   10    0  254  255  122    0   58    0   96   35  141  250  194   11   26    0   12    0  140    0  140    0  156   31  196   15   68   18  250  255    5    0  140    0  140    0
7    3   20    1   88    5    3    0    0    0  122    0   58    0   88   31  143  250  195   11   26    0   12    0  140    0  140    0   34   35  193   15   71   18  247  255    8    0  140    0  140    0  220   33   80  254  195    3  142    1  197  254  112    0   91    0
7    3   22    1   87    5    7    0  255  255  122    0   58    0   86   33  145  250  196   11   26    0   12    0  140    0  140    0   55   35  196   15   68   18  251  255    4    0  140    0  140    0   26   38  119  254  177    3  173    1  203  254  107    0   92    0
7    3   21    1   88    5    4    0    0    0  123    0   58    0  127   34  146  250  196   11   26    0   12    0  140    0  140    0   33   34  201   15   63   18    1    0  255  255  140    0  140    0   67   35  140  254  155    3  162    1  194  254  111    0   98    0
7    3   19    1   88    5    0    0    0    0  124    0   58    0  242   35  207   15   58   18    8    0  249  255  140    0  140    0  216   31  165  254  136    3  161    1  189  254  133    0  145    0
7    3   19    1   88    5    0    0    0    0  124    0   58    0   79   33  190  254  117    3  159    1  244  254  151    0  169    0   61   35  204   15   61   18    3    0  253  255  140    0  140    0
7    3   17    1   88    5  253  255    0    0  125    0   58    0   66   34  215  254  100    3  159    1  245  254  155    0  175    0   95   36  216   15   50   18   18    0  240  255  140    0  140    0
7    3   15    1   89    5  250  255    1    0  125    0   58    0  168   33  235  254   82    3  149    1  238  254  152    0  174    0   20   33  218   15   48   18   19    0  239  255  140    0  140    0
7    3   13    1   89    5  245  255    2    0  124    0   58    0  128   34  255  254   63    3  141    1  230  254  159    0  169    0  122   36  220   15   47   18   19    0  239  255  140    0  140    0
7    3   10    1   90    5  242  255    2    0  125    0   58    0   28   37   25  255   46    3  145    1  224  254  157    0  166    0   64   31  229   15   39   18   29    0  231  255  140    0  140    0
7    3   13    1   89    5  248  255    1    0  125    0   58    0  170   34   51  255   30    3  149    1  217  254  155    0  157    0   47   36  239   15   30   18   38    0  223  255  140    0  140    0
7    3   13    1   89    5  251  255    1    0  123    0   59    0   49   31   75  255   12    3  149    1  217  254  155    0  157    0  201   33  247   15   23   18   45    0  217  255  140    0  140    0
7    3   14    1   89    5  252  255    0    0  122    0   59    0  164   33   89  255  248    2  132    1  202  254  154    0  145    0  184   34  248   15   22   18   43    0  218  255  140    0  140    0
7    3   13    1   89    5  251  255    1    0  124    0   69    0   82   32  113  255  229    2  132    1  202  254  154    0  145    0   96   34    3   16   12   18   53    0  209  255  140    0  140    0
7    3   11    1   90    5  248  255    1    0  123    0   71    0   78   34  142  255  214    2  142    1  246  254  158    0  138    0  208   34    9   16    7   18   55    0  207  255  140    0  140    0
7    3   12    1   89    5  252  255    0    0  125    0   69    0  178   34  153  255  198    2  121    1  242  254  151    0  129    0   50   34    6   16   10   18   48    0  214  255  140    0  140    0
7    3   14    1   89    5  255  255    0    0  125    0   71    0  100   35  175  255  182    2  121    1  242  254  151    0  129    0  243   31    1   16   14   18   39    0  221  255  140    0  140    0
7    3   16    1   89    5    3    0    0    0  126    0   79    0   87   31  183  255  165    2   95    1  228  254  141    0  128    0  118   33  253   15   18   18   32    0  228  255  140    0  140    0
7    3   17    1   89    5    3    0    0    0  126    0   79    0   37   34  204  255  148    2   95    1  228  254  141    0  128    0  252   28  248   15   22   18   25    0  235  255  140    0  140    0
7    3   17    1   89    5    3    0    0    0  126    0   79    0   24   32  225  255  130    2   95    1  228  254  141    0  128    0  148   34  238   15   31   18   12    0  246  255  140    0  140    0
7    3   17    1   88    5    3    0    0    0  126    0   79    0   45   34  240  255  114    2   85    1  200  254  136    0  135    0   11   33  240   15   30   18   13    0  245  255  140    0  140    0
7    3   17    1   88    5    3    0    0    0  126    0   79    0  118   36    3    0   95    2   85    1  200  254  136    0  135    0   16   33  242   15   28   18   14    0  244  255  140    0  140    0
7    3   17    1   88    5    3    0    0    0  126    0   79    0  199   33   24    0   76    2   85    1  200  254  136    0  135    0  169   34  243   15   27   18   14    0  244  255  140    0  140    0
7    3   18    1   88    5    3    0    0    0  126    0   79    0   61   35   44    0   58    2   85    1  200  254  136    0  135    0   53   35  242   15   27   18   13    0  245  255  140    0  140    0
7    3   18    1   88    5    3    0    0    0  126    0   79    0   41   35   65    0   39    2   85    1  200  254  136    0  135    0  155   29  238   15   31   18    8    0  250  255  140    0  140    0
7    3   18    1   88    5    3    0    0    0  126    0   79    0  208   34   85    0   20    2   85    1  200  254  136    0  135    0  179   34  245   15   24   18   15    0  243  255  140    0  140    0
7    3   26    1  141    5    5    0  135  255  127    0   86    0   43   33  106    0    1    2   85    1  200  254  136    0  135    0   18   35  239   15   30   18    7    0  250  255  140    0  140    0
7    3   26    1  133    5    5    0  135  255  127    0   86    0   32   32  126    0  239    1   85    1  200  254  136    0  135    0  105   35  239   15   30   18    7    0  250  255  140    0  140    0  243   35  115  250  182   11    8    0    4    0  140    0  140    0
7    3   14    1  214    5  237  255  132  255  128    0   92    0  162   32  195    0  248    1  139    1  160  254  120    0  120    0  138   34  241   15   29   18    8    0  249  255  140    0  140    0  206   34  103  250  176   11  240  255  249  255  140    0  140    0
7    3   13    1  207    5  237  255  132  255  128    0   92    0   67   33  216    0  224    1  126    1  132  254  114    0  113    0  235   32  241   15   28   18    8    0  249  255  140    0  140    0    7   33  105  250  177   11  245  255  251  255  140    0  140    0
7    3   12    1  200    5  237  255  132  255  128    0   92    0  119   35  238    0  201    1  117    1  103  254  112    0  111    0  168   34  242   15   28   18    8    0  249  255  140    0  140    0   85   33  105  250  177   11  248  255  252  255  140    0  140    0
7    3   11    1  192    5  237  255  132  255  128    0   92    0   85   32    4    1  176    1  117    1  103  254  112    0  111    0   31   33  242   15   27   18    8    0  249  255  140    0  140    0  139   29  101  250  175   11  239  255  248  255  140    0  140    0
7    3   10    1  185    5  237  255  132  255  128    0   92    0  126   34   27    1  151    1  117    1  103  254  112    0  111    0  239   33  243   15   27   18    8    0  249  255  140    0  140    0  126   36   95  250  172   11  231  255  244  255  140    0  140    0
7    3    9    1  177    5  237  255  132  255  128    0   92    0    7   33   47    1  123    1  106    1   60  254  113    0  112    0  238   30  243   15   26   18    8    0  249  255  140    0  140    0  141   33   94  250  172   11  232  255  245  255  140    0  140    0
7    3    7    1  170    5  237  255  132  255  128    0   92    0  152   34   63    1   98    1   84    1   39  254  116    0  115    0  160   33  244   15   26   18    8    0  249  255  140    0  140    0  176   33   96  250  172   11  237  255  247  255  140    0  140    0
7    3    6    1  162    5  237  255  132  255  128    0   92    0  175   32   84    1   69    1   84    1   39  254  116    0  115    0  229   35  244   15   26   18    8    0  249  255  140    0  140    0  120   34  100  250  174   11  248  255  252  255  140    0  140    0
7    3    5    1  155    5  237  255  132  255  128    0   92    0  131   37  104    1   41    1   84    1   39  254  116    0  115    0  187   35  245   15   25   18    8    0  249  255  140    0  140    0  154   32   97  250  173   11  244  255  250  255  140    0  140    0
7    3    4    1  147    5  237  255  132  255  128    0   92    0  139   31  125    1   13    1   84    1   39  254  116    0  115    0    2   33  245   15   25   18    8    0  249  255  140    0  140    0   53   36   99  250  174   11  248  255  252  255  140    0  140    0
7    3    3    1  140    5  237  255  132  255  128    0   92    0  149   34  145    1  240    0   84    1   39  254  116    0  115    0   48   33  246   15   24   18    8    0  249  255  140    0  140    0   88   32   26    0  119    6   57    0    0    0  140    0  140    0    1   38   98  250  173   11  247  255  252  255  140    0  140    0
7    3  165    1  212    0   84    1   39  254  116    0  115    0  205   32   30    0  119    6   57    0    0    0  140    0  140    0  123   37   96  250  173   11  245  255  251  255  140    0  140    0
191    5   92  250  171   11  239  255  248  255  140    0  140    0  152   33  186    1  183    0   84    1   39  254  116    0  115    0
191    5   94  250  172   11  245  255  251  255  140    0  140    0   49   34  206    1  155    0   84    1   39  254  116    0  115    0
191    5   95  250  172   11  247  255  252  255  140    0  140    0  179   33  227    1  127    0   84    1   39  254  116    0  115    0
191    5   96  250  172   11  250  255  253  255  140    0  140    0  107   34  247    1   98    0   84    1   39  254  116    0  115    0
191    5   94  250  172   11  247  255  252  255  140    0  140    0   49   31   12    2   70    0   84    1   39  254  116    0  115    0
191    5  102  250  175   11    7    0    3    0  140    0  140    0
191    5  106  250  177   11   14    0    6    0  140    0  140    0
191    5  103  250  176   11    7    0    3    0  140    0  140    0
191    5  104  250  176   11    7    0    3    0  140    0  140    0  196   34   26    1   17    1   24    0  152  255  107    0  115    0
191    5  100  250  174   11    0    0    0    0  140    0  140    0  149   35   28    1   11    1   24    0  152  255  107    0  115    0
191    5   95  250  172   11  247  255  252  255  140    0  140    0  126   37   28    1    6    1   18    0  144  255  111    0  118    0
191    5   96  250  172   11  249  255  253  255  140    0  140    0  209   34   30    1    0    1   18    0  144  255  111    0  118    0
191    5   94  250  172   11  247  255  252  255  140    0  140    0  197   33   35    1  250    0   38    0  202  255  114    0  120    0   50   35   16    1   89    5  253  255    0    0  140    0  140    0
191    5   92  250  171   11  245  255  251  255  140    0  140    0  115   35   37    1  246    0   38    0  202  255  114    0  120    0   81   34   15    1   89    5  252  255    0    0  140    0  140    0
191    5   92  250  170   11  245  255  251  255  140    0  140    0   15   34   39    1  243    0   38    0  202  255  114    0  120    0    5   32   14    1   89    5  250  255    1    0  140    0  129    0
191    5   92  250  171   11  247  255  252  255  140    0  140    0   71   36   42    1  240    0   38    0  202  255  114    0  120    0  165   33   20    1   88    5    7    0  255  255  134    0  121    0
191    5   92  250  171   11  247  255  252  255  140    0  140    0  211   33   42    1  242    0   35    0  214  255  117    0  122    0   46   35   19    1   88    5    4    0    0    0  132    0  113    0
191    5   94  250  171   11  251  255  254  255  140    0  140    0  230   35   47    1  236    0   23    0  141  255  119    0  124    0  140   33   20    1   88    5    6    0  255  255  129    0  107    0
191    5   93  250  171   11  251  255  254  255  140    0  140    0   52   27   55    1  224    0   46    0  177  255  121    0  126    0  251   31   21    1   88    5    6    0  255  255  131    0  100    0
191    5  105  250  177   11   15    0    7    0  140    0  140    0   84   34   58    1  219    0   46    0  177  255  121    0  126    0  154   35   21    1   88    5    5    0  255  255  131    0   94    0
