88   17  156  245  199   21  235  255  246  255  133    0  133    0
88   17  140  245  191   21  206  255  232  255  133    0  133    0
88   17  116  245  180   21  167  255  213  255  133    0  133    0
88   17  112  245  178   21  170  255  215  255  133    0  133    0
88   17  111  245  177   21  177  255  218  255  133    0  133    0
88   17   96  245  170   21  158  255  208  255  133    0  133    0
88   17   94  245  169   21  165  255  212  255  133    0  133    0
88   17   93  245  168   21  174  255  216  255  133    0  133    0
88   17   93  245  168   21  184  255  221  255  133    0  133    0
88   17   91  245  167   21  188  255  223  255  133    0  133    0
88   17   86  245  165   21  186  255  222  255  133    0  133    0
88   17   66  245  155   21  156  255  207  255  133    0  133    0
88   17   49  245  147   21  136  255  196  255  133    0  133    0
88   17   35  245  139   21  124  255  190  255  133    0  133    0
88   17   25  245  134   21  119  255  187  255  133    0  133    0
88   17   22  245  133   21  129  255  192  255  133    0  133    0
88   17   19  245  131   21  137  255  196  255  133    0  133    0
88   17   21  245  132   21  154  255  204  255  133    0  133    0
88   17   37  245  140   21  194  255  225  255  133    0  133    0
88   17   56  245  150   21  235  255  246  255  133    0  133    0
88   17   65  245  154   21  252  255  255  255  133    0  133    0
88   17   75  245  160   21   15    0    7    0  133    0  133    0
88   17   91  245  168   21   42    0   20    0  133    0  133    0
88   17  110  245  177   21   72    0   35    0  133    0  133    0
88   17  115  245  180   21   74    0   36    0  133    0  133    0
88   17  118  245  181   21   72    0   35    0  133    0  133    0
88   17  116  245  180   21   59    0   28    0  133    0  133    0
88   17  117  245  181   21   54    0   26    0  133    0  133    0   35   37   53   10   72   23  155  255   44    0  140    0  140    0
88   17  116  245  180   21   46    0   22    0  133    0  133    0  198   31   38   10   78   23  142  255   50    0  140    0  140    0
88   17  128  245  186   21   62    0   30    0  133    0  133    0   87   32   31   10   81   23  142  255   50    0  140    0  140    0
88   17  127  245  185   21   54    0   26    0  133    0  133    0   84   35   24   10   84   23  142  255   50    0  140    0  140    0
88   17  123  245  183   21   40    0   19    0  133    0  133    0
88   17  122  245  183   21   33    0   16    0  133    0  133    0
88   17  120  245  182   21   27    0   13    0  133    0  133    0
88   17  121  245  182   21   25    0   12    0  133    0  133    0
88   17  134  245  188   21   46    0   22    0  133    0  133    0
88   17  122  245  183   21   19    0    9    0  133    0  133    0
88   17  123  245  183   21   18    0    9    0  133    0  133    0
88   17  128  245  185   21   25    0   12    0  133    0  133    0
88   17  123  245  183   21   13    0    6    0  133    0  133    0
88   17  108  245  176   21  239  255  248  255  133    0  133    0
88   17  104  245  174   21  234  255  246  255  133    0  133    0   51   33  119  252   76    5   52    0   35    0  140    0  140    0
88   17   97  245  170   21  224  255  241  255  133    0  133    0  151   32  114  252   72    5   39    0   27    0  140    0  140    0
88   17   87  245  166   21  209  255  233  255  133    0  133    0  118   35  116  252   74    5   39    0   27    0  140    0  140    0
88   17   65  245  154   21  171  255  214  255  133    0  133    0   55   34  119  252   76    5   39    0   27    0  140    0  140    0
88   17   54  245  149   21  160  255  209  255  133    0  133    0
88   17   45  245  145   21  155  255  206  255  133    0  133    0  112   28   71  252   44    5  214  255  230  255  140    0  140    0
88   17   26  245  135   21  130  255  192  255  133    0  133    0  251   35   76  252   42    5  223  255  233  255  140    0  140    0
88   17   15  245  129   21  123  255  188  255  133    0  133    0   55   30   60  252   32    5  202  255  217  255  140    0  140    0
88   17  246  244  117   21   92  255  172  255  133    0  133    0  165   33   45  252   21    5  182  255  201  255  140    0  140    0
88   17  239  244  113   21   96  255  174  255  133    0  133    0  174   33   43  252   20    5  187  255  204  255  140    0  140    0
88   17  241  244  114   21  118  255  185  255  133    0  133    0  228   30   34  252   14    5  180  255  198  255  140    0  140    0
88   17  252  244  120   21  156  255  205  255  133    0  133    0   33   32   30  252   10    5  180  255  198  255  140    0  140    0
88   17    6  245  125   21  186  255  221  255  133    0  133    0  193   33   25  252    7    5  180  255  198  255  140    0  140    0
88   17   16  245  130   21  213  255  234  255  133    0  133    0  141   33   20  252    3    5  180  255  198  255  140    0  140    0
88   17   14  245  129   21  214  255  235  255  133    0  133    0   75   35   16  252  255    4  180  255  198  255  140    0  140    0
88   17   15  245  129   21  220  255  238  255  133    0  133    0   87   32   16  252  255    4  187  255  202  255  140    0  140    0
88   17    9  245  126   21  213  255  235  255  133    0  133    0    3   33   24  252    6    5  207  255  218  255  140    0  140    0
88   17  249  244  118   21  188  255  221  255  133    0  133    0   17   38   37  252   17    5  232  255  239  255  140    0  140    0
88   17  241  244  114   21  182  255  218  255  133    0  133    0   94   35   40  252   20    5  240  255  244  255  140    0  140    0
88   17  254  244  121   21  214  255  235  255  133    0  133    0   10   34   52  252   29    5    4    0    3    0  140    0  140    0
88   17   12  245  128   21  246  255  251  255  133    0  133    0  129   33   64  252   38    5   24    0   18    0  140    0  140    0
88   17   17  245  131   21    0    0    0    0  133    0  133    0   77   31   66  252   40    5   24    0   18    0  140    0  140    0
88   17   15  245  130   21  253  255  255  255  133    0  133    0  221   35   70  252   42    5   29    0   21    0  140    0  140    0
88   17   26  245  135   21   16    0    8    0  133    0  133    0  211   31   77  252   47    5   38    0   27    0  140    0  140    0
88   17   37  245  141   21   34    0   17    0  133    0  133    0   17   34   79  252   49    5   38    0   27    0  140    0  140    0
88   17   36  245  140   21   29    0   14    0  133    0  133    0  142   33   89  252   57    5   52    0   37    0  140    0  140    0
88   17   47  245  146   21   46    0   23    0  133    0  133    0   45   32   92  252   59    5   52    0   37    0  140    0  140    0
88   17   49  245  147   21   45    0   22    0  133    0  133    0   95   31   92  252   58    5   46    0   32    0  140    0  140    0
88   17   53  245  149   21   48    0   24    0  133    0  133    0    8   36   97  252   62    5   50    0   34    0  140    0  140    0
88   17   68  245  156   21   70    0   35    0  133    0  133    0   42   36   93  252   59    5   37    0   26    0  140    0  140    0
88   17   77  245  161   21   79    0   39    0  133    0  133    0  158   34   88  252   55    5   24    0   17    0  140    0  140    0
88   17   79  245  162   21   74    0   36    0  133    0  133    0   28   32   89  252   56    5   24    0   17    0  140    0  140    0
88   17   77  245  161   21   61    0   30    0  133    0  133    0   78   34   91  252   57    5   24    0   17    0  140    0  140    0
88   17   77  245  161   21   56    0   27    0  133    0  133    0  160   32   92  252   58    5   24    0   17    0  140    0  140    0
88   17   75  245  159   21   44    0   21    0  133    0  133    0   40   35   94  252   59    5   24    0   17    0  140    0  140    0
88   17   75  245  160   21   40    0   19    0  133    0  133    0  153   35   95  252   61    5   24    0   17    0  140    0  140    0
88   17   78  245  161   21   41    0   20    0  133    0  133    0  216   35   97  252   62    5   24    0   17    0  140    0  140    0
88   17   77  245  160   21   34    0   16    0  133    0  133    0  158   33   98  252   63    5   24    0   17    0  140    0  140    0
88   17   68  245  156   21   14    0    7    0  133    0  133    0  181   33  100  252   64    5   24    0   17    0  140    0  140    0
88   17   73  245  159   21   21    0   10    0  133    0  133    0   34   36   61  252   34    5  228  255  237  255  140    0  140    0
88   17   77  245  160   21   26    0   13    0  133    0  133    0   96   34   64  252   37    5  235  255  241  255  140    0  140    0
88   17   74  245  159   21   17    0    8    0  133    0  133    0  148   34   63  252   36    5  235  255  241  255  140    0  140    0
88   17   74  245  159   21   16    0    8    0  133    0  133    0  157   36   62  252   35    5  235  255  241  255  140    0  140    0
88   17   72  245  158   21   10    0    5    0  133    0  133    0   32   33   60  252   34    5  235  255  241  255  140    0  140    0
88   17   86  245  165   21   35    0   17    0  133    0  133    0  211   36   59  252   33    5  235  255  241  255  140    0  140    0
88   17   87  245  165   21   33    0   16    0  133    0  133    0    4   34   58  252   33    5  235  255  241  255  140    0  140    0
88   17   89  245  166   21   33    0   16    0  133    0  133    0  129   33   55  252   31    5  233  255  239  255  140    0  140    0
88   17   97  245  170   21   44    0   21    0  133    0  133    0   25   35   67  252   40    5  251  255  252  255  140    0  140    0
88   17  101  245  172   21   46    0   22    0  133    0  133    0  123   35   74  252   45    5    3    0    2    0  140    0  140    0
88   17  108  245  175   21   54    0   26    0  133    0  133    0  201   36   74  252   45    5    3    0    2    0  140    0  140    0
88   17  103  245  173   21   39    0   19    0  133    0  133    0  213   31   70  252   42    5  253  255  254  255  140    0  140    0
88   17   90  245  167   21    9    0    4    0  133    0  133    0  249   29   75  252   46    5    5    0    4    0  140    0  140    0
88   17   82  245  163   21  251  255  254  255  133    0  133    0  169   31   76  252   46    5    5    0    4    0  140    0  140    0
88   17   75  245  159   21  238  255  247  255  133    0  133    0  237   33   78  252   48    5    9    0    6    0  140    0  140    0
88   17   82  245  163   21  254  255  255  255  133    0  133    0  170   33   79  252   48    5    9    0    6    0  140    0  140    0
88   17   73  245  158   21  237  255  247  255  133    0  133    0   94   33   86  252   53    5   20    0   14    0  140    0  140    0
88   17   77  245  160   21  246  255  251  255  133    0  133    0  130   32   87  252   54    5   19    0   13    0  140    0  140    0
88   17   76  245  160   21  245  255  251  255  133    0  133    0  224   31   89  252   56    5   21    0   15    0  140    0  140    0
88   17   83  245  163   21    2    0    1    0  133    0  133    0  190   35   78  252   48    5    0    0    0    0  140    0  140    0
88   17   91  245  167   21   17    0    8    0  133    0  133    0  145   34   69  252   41    5  240  255  245  255  140    0  140    0
88   17  105  245  174   21   41    0   20    0  133    0  133    0  114   34   75  252   45    5  252  255  254  255  140    0  140    0
88   17  107  245  175   21   40    0   19    0  133    0  133    0  217   33   74  252   45    5  252  255  254  255  140    0  140    0
88   17  106  245  175   21   35    0   17    0  133    0  133    0  243   30   68  252   41    5  242  255  246  255  140    0  140    0
88   17  116  245  179   21   49    0   23    0  133    0  133    0   89   33   55  252   31    5  220  255  230  255  140    0  140    0
88   17  138  245  190   21   85    0   41    0  133    0  133    0  192   30   48  252   26    5  211  255  223  255  140    0  140    0
88   17  133  245  188   21   66    0   32    0  133    0  133    0  180   33   45  252   24    5  211  255  223  255  140    0  140    0
88   17  134  245  188   21   61    0   29    0  133    0  133    0   27   32   43  252   22    5  211  255  223  255  140    0  140    0  244   31   30   10   81   23   93  255   71    0  140    0  140    0
88   17  120  245  181   21   27    0   13    0  133    0  133    0   47   31   40  252   20    5  211  255  223  255  140    0  140    0   20   34  247    9   98   23   53  255   87    0  140    0  140    0
88   17  127  245  185   21   37    0   17    0  133    0  133    0  105   35   37  252   18    5  211  255  223  255  140    0  140    0   42   34  235    9  103   23   52  255   87    0  140    0  140    0
88   17  131  245  187   21   41    0   19    0  133    0  133    0  194   36   68  252   42    5    7    0    8    0  140    0  140    0   21   32  238    9  102   23   73  255   78    0  140    0  140    0
88   17  127  245  185   21   29    0   14    0  133    0  133    0  146   34   79  252   51    5   25    0   18    0  140    0  140    0  125   33  252    9   95   23  106  255   64    0  140    0  140    0
88   17  119  245  181   21    9    0    4    0  133    0  133    0   70   33   81  252   52    5   25    0   18    0  140    0  140    0   76   32    4   10   92   23  129  255   55    0  140    0  140    0
88   17  109  245  176   21  246  255  252  255  133    0  133    0  189   33  100  252   66    5   53    0   37    0  140    0  140    0  221   33  252    9   95   23  129  255   55    0  140    0  140    0
88   17   99  245  171   21  230  255  243  255  133    0  133    0    2   31  104  252   68    5   53    0   37    0  140    0  140    0   99   36  245    9   99   23  129  255   55    0  140    0  140    0
88   17   88  245  165   21  211  255  234  255  133    0  133    0  202   32  107  252   71    5   53    0   37    0  140    0  140    0  121   35  237    9  102   23  129  255   55    0  140    0  140    0
88   17   68  245  156   21  180  255  219  255  133    0  133    0  148   37   83  252   48    5   10    0    7    0  140    0  140    0   81   29  229    9  105   23  129  255   55    0  140    0  140    0
88   17   49  245  146   21  151  255  204  255  133    0  133    0  125   35   92  252   50    5   20    0   14    0  140    0  140    0  115   35  222    9  109   23  129  255   55    0  140    0  140    0
88   17   42  245  143   21  150  255  203  255  133    0  133    0   71   33   95  252   48    5   21    0   15    0  140    0  140    0  125   33  250    9   96   23  173  255   35    0  140    0  140    0
88   17   42  245  143   21  163  255  209  255  133    0  133    0   28   33   99  252   47    5   23    0   16    0  140    0  140    0  137   34  245    9   98   23  173  255   35    0  140    0  140    0
88   17   35  245  139   21  160  255  208  255  133    0  133    0   14   33  107  252   50    5   33    0   23    0  140    0  140    0  115   31  240    9  100   23  173  255   35    0  140    0  140    0
88   17   28  245  136   21  157  255  206  255  133    0  133    0   78   31  109  252   52    5   33    0   23    0  140    0  140    0   59   36  235    9  102   23  173  255   35    0  140    0  140    0
88   17    9  245  126   21  134  255  194  255  133    0  133    0  200   34  146  252  102    5  106    0   73    0  123    0  132    0
88   17  252  244  119   21  123  255  188  255  133    0  133    0   28   33  152  252  106    5  106    0   73    0  123    0  132    0
88   17  248  244  118   21  131  255  192  255  133    0  133    0  238   34  159  252  110    5  106    0   73    0  123    0  132    0
88   17  242  244  115   21  134  255  193  255  133    0  133    0  194   31  165  252  115    5  106    0   73    0  123    0  132    0
88   17  240  244  114   21  144  255  199  255  133    0  133    0  243   31  172  252  119    5  106    0   73    0  123    0  132    0
88   17  238  244  112   21  151  255  202  255  133    0  133    0   78   32  178  252  124    5  106    0   73    0  123    0  132    0
88   17  253  244  120   21  190  255  223  255  133    0  133    0  118   32  167  252  107    5   75    0   45    0  125    0  133    0
88   17  252  244  120   21  196  255  226  255  133    0  133    0  151   35  171  252  110    5   75    0   45    0  125    0  133    0
88   17  254  244  121   21  207  255  231  255  133    0  133    0  224   32  176  252  113    5   75    0   45    0  125    0  133    0
88   17    3  245  123   21  221  255  238  255  133    0  133    0  133   36  185  252  144    5   91    0   55    0  111    0  127    0
88   17  254  244  121   21  216  255  235  255  133    0  133    0   15   33  191  252  147    5   91    0   55    0  111    0  127    0
88   17  247  244  117   21  208  255  232  255  133    0  133    0   46   33  196  252  151    5   91    0   55    0  111    0  127    0
88   17  239  244  113   21  198  255  226  255  133    0  133    0  145   34  168  252  125    5   33    0   21    0  114    0  128    0
88   17  245  244  116   21  215  255  235  255  133    0  133    0  132   33  158  252  113    5   11    0    7    0  117    0  129    0
88   17  236  244  111   21  204  255  230  255  133    0  133    0   15   36  159  252  113    5   11    0    7    0  117    0  129    0
88   17  244  244  115   21  224  255  240  255  133    0  133    0  249   23  159  252  114    5   11    0    7    0  117    0  129    0
88   17  236  244  111   21  213  255  234  255  133    0  133    0  244   37  136  252   94    5  227  255  238  255  119    0  130    0
88   17  241  244  114   21  228  255  242  255  133    0  133    0  197   33  134  252   92    5  227  255  238  255  119    0  130    0
88   17    1  245  122   21    4    0    2    0  133    0  133    0  203   35  132  252   91    5  227  255  238  255  119    0  130    0
88   17   14  245  129   21   28    0   14    0  133    0  133    0  141   30  131  252   90    5  227  255  238  255  119    0  130    0
88   17   21  245  133   21   38    0   19    0  133    0  133    0   16   35  129  252   89    5  227  255  238  255  119    0  130    0
88   17   11  245  127   21   14    0    7    0  133    0  133    0   38   33  127  252   88    5  227  255  238  255  119    0  130    0
88   17  246  244  116   21  231  255  243  255  133    0  133    0  104   36  125  252   87    5  227  255  238  255  119    0  130    0
88   17  244  244  115   21  229  255  242  255  133    0  133    0   73   35  124  252   86    5  227  255  238  255  119    0  130    0
88   17  249  244  118   21  242  255  249  255  133    0  133    0   71   29  122  252   85    5  227  255  238  255  119    0  130    0
88   17    3  245  123   21    6    0    3    0  133    0  133    0  151   34  120  252   83    5  227  255  238  255  119    0  130    0
88   17  253  244  120   21  251  255  254  255  133    0  133    0  114   31  118  252   82    5  227  255  238  255  119    0  130    0
88   17  254  244  121   21  253  255  255  255  133    0  133    0
88   17  241  244  114   21  228  255  242  255  133    0  133    0
88   17  241  244  114   21  232  255  244  255  133    0  133    0
88   17  230  244  108   21  214  255  235  255  133    0  133    0
88   17  221  244  104   21  203  255  229  255  133    0  133    0
88   17  215  244  100   21  196  255  225  255  133    0  133    0
88   17  216  244  101   21  206  255  230  255  133    0  133    0
88   17  218  244  102   21  215  255  235  255  133    0  133    0
88   17  221  244  103   21  225  255  240  255  133    0  133    0
88   17  228  244  107   21  242  255  249  255  133    0  133    0
88   17  250  244  118   21   28    0   14    0  133    0  133    0
88   17  249  244  118   21   23    0   11    0  133    0  133    0
88   17    9  245  126   21   50    0   25    0  133    0  133    0
88   17    0  245  122   21   28    0   14    0  133    0  133    0
88   17  253  244  120   21   18    0    9    0  133    0  133    0
88   17    1  245  122   21   24    0   12    0  133    0  133    0
88   17    7  245  125   21   33    0   17    0  133    0  133    0
88   17   15  245  129   21   44    0   22    0  133    0  133    0
88   17   13  245  128   21   35    0   18    0  133    0  133    0
88   17   21  245  132   21   46    0   23    0  133    0  133    0
88   17   31  245  137   21   59    0   30    0  133    0  133    0
88   17   33  245  138   21   57    0   28    0  133    0  133    0
88   17   41  245  142   21   65    0   32    0  133    0  133    0
88   17   57  245  150   21   87    0   43    0  133    0  133    0
88   17   58  245  151   21   80    0   40    0  133    0  133    0   93   30  253   10  236   22   48    0  234  255  140    0  140    0
88   17   61  245  152   21   76    0   38    0  133    0  133    0  129   34  230   10  246   22   13    0  250  255  140    0  140    0
88   17   57  245  150   21   59    0   29    0  133    0  133    0  132   34  231   10  246   22   13    0  250  255  140    0  140    0  237   34   18  252  245    4  178  255  195  255  140    0  140    0
88   17   51  245  147   21   43    0   21    0  133    0  133    0  249   34  231   10  246   22   13    0  250  255  140    0  140    0  199   34   17  252  246    4  187  255  201  255  140    0  140    0
88   17   51  245  147   21   37    0   18    0  133    0  133    0   31   32   21  252  250    4  202  255  214  255  140    0  140    0
88   17   43  245  143   21   18    0    9    0  133    0  133    0  215   30  147   10   30   23  162  255   45    0  140    0  140    0  230   30   17  252  247    4  202  255  214  255  140    0  140    0
88   17   37  245  140   21    6    0    3    0  133    0  133    0   46   36  142   10   32   23  162  255   45    0  140    0  140    0   30   33   18  252  248    4  209  255  219  255  140    0  140    0
88   17   42  245  143   21   15    0    7    0  133    0  133    0  128   34  139   10   33   23  166  255   41    0  140    0  140    0   43   37   15  252  246    4  209  255  219  255  140    0  140    0
88   17   54  245  149   21   35    0   17    0  133    0  133    0  214   33  134   10   36   23  166  255   41    0  140    0  140    0  218   31   10  252  243    4  207  255  217  255  140    0  140    0
88   17   58  245  151   21   37    0   18    0  133    0  133    0  205   31  128   10   38   23  166  255   41    0  140    0  140    0  255   32    7  252  241    4  207  255  217  255  140    0  140    0
88   17   65  245  154   21   47    0   23    0  133    0  133    0  171   32   87   10   57   23  121  255   60    0  140    0  140    0  109   33   21  252  252    4  235  255  240  255  140    0  140    0
88   17   82  245  163   21   72    0   35    0  133    0  133    0  251   31   98   10   52   23  145  255   49    0  140    0  140    0  222   32   19  252  251    4  235  255  240  255  140    0  140    0
88   17   67  245  155   21   37    0   18    0  133    0  133    0   91   33   69   10   65   23  117  255   62    0  140    0  140    0  152   34   18  252  250    4  235  255  240  255  140    0  140    0
88   17   65  245  154   21   29    0   14    0  133    0  133    0   24   35   19  252  252    4  239  255  242  255  140    0  140    0   20   34   61   10   69   23  117  255   62    0  140    0  140    0
88   17   80  245  162   21   54    0   26    0  133    0  133    0  118   33   18  252  251    4  239  255  242  255  140    0  140    0  143   36   53   10   72   23  117  255   62    0  140    0  140    0
88   17   75  245  159   21   38    0   18    0  133    0  133    0  233   34   26  252    3    5  254  255  254  255  140    0  140    0    1   32   44   10   76   23  117  255   62    0  140    0  140    0
88   17   55  245  149   21  253  255  255  255  133    0  133    0   81   35   43  252   17    5   23    0   18    0  140    0  140    0  164   35   52   10   72   23  137  255   52    0  140    0  140    0
88   17   57  245  150   21    0    0    0    0  133    0  133    0  104   32   44  252   18    5   23    0   18    0  140    0  140    0   23   35   44   10   76   23  137  255   52    0  140    0  140    0
88   17   62  245  153   21    9    0    4    0  133    0  133    0  154   35   46  252   19    5   23    0   18    0  140    0  140    0    2   34   34   10   80   23  132  255   54    0  140    0  140    0
88   17   73  245  158   21   28    0   14    0  133    0  133    0  121   34   47  252   20    5   23    0   18    0  140    0  140    0  174   31   26   10   83   23  132  255   54    0  140    0  140    0
88   17   86  245  164   21   50    0   24    0  133    0  133    0  227   33   49  252   21    5   23    0   18    0  140    0  140    0  238   34   58   10   69   23  183  255   32    0  140    0  140    0
88   17   98  245  171   21   67    0   33    0  133    0  133    0   54   38   50  252   22    5   23    0   18    0  140    0  140    0  104   33   53   10   71   23  183  255   32    0  140    0  140    0
88   17  104  245  173   21   70    0   34    0  133    0  133    0  119   31   31  252    7    5  251  255  253  255  140    0  140    0  134   31   49   10   73   23  183  255   32    0  140    0  140    0
88   17  110  245  176   21   73    0   35    0  133    0  133    0   79   38    9  252  246    4  221  255  229  255  140    0  140    0   37   36   82   10   59   23  230  255   11    0  140    0  140    0
88   17  118  245  180   21   81    0   39    0  133    0  133    0  172   36   14  252  251    4  231  255  237  255  140    0  140    0  119   30  113   10   45   23   14    0  250  255  140    0  140    0
88   17  130  245  186   21   93    0   45    0  133    0  133    0  221   33   12  252  250    4  231  255  237  255  140    0  140    0  155   33  119   10   42   23   21    0  247  255  140    0  140    0
88   17  148  245  195   21  118    0   56    0  133    0  133    0  145   36    7  252  246    4  227  255  233  255  140    0  140    0  116   33  136   10   35   23   41    0  238  255  140    0  140    0
88   17  160  245  201   21  126    0   60    0  133    0  133    0  254   32   11  252  250    4  235  255  240  255  140    0  140    0  222   34  167   10   21   23   79    0  220  255  140    0  140    0
88   17  171  245  206   21  133    0   63    0  133    0  133    0   11   32    8  252  247    4  232  255  237  255  140    0  140    0   98   35  185   10   13   23   96    0  212  255  140    0  140    0
88   17  169  245  205   21  115    0   54    0  133    0  133    0  112   34    6  252  246    4  232  255  237  255  140    0  140    0  124   34  191   10   10   23   96    0  212  255  140    0  140    0
88   17  161  245  201   21   86    0   41    0  133    0  133    0  199   35   20  252    1    5    0    0    1    0  140    0  140    0    5   35  197   10    7   23   96    0  212  255  140    0  140    0
88   17  154  245  197   21   62    0   29    0  133    0  133    0  155   34   30  252    9    5   18    0   14    0  140    0  140    0   34   38  216   10  254   22  114    0  203  255  140    0  140    0
88   17  141  245  191   21   30    0   14    0  133    0  133    0  121   30   36  252   14    5   26    0   20    0  140    0  140    0  155   29  223   10  251   22  114    0  203  255  140    0  140    0
88   17  128  245  185   21    3    0    1    0  133    0  133    0  239   34   38  252   15    5   26    0   20    0  140    0  140    0  160   34  230   10  248   22  114    0  203  255  140    0  140    0
88   17  131  245  187   21    8    0    4    0  133    0  133    0  120   34   39  252   17    5   26    0   20    0  140    0  140    0  211   35  237   10  244   22  114    0  203  255  140    0  140    0
88   17  112  245  178   21  228  255  243  255  133    0  133    0   96   34   41  252   18    5   26    0   20    0  140    0  140    0  243   35  190   10   10   23   48    0  235  255  140    0  140    0
88   17   93  245  169   21  196  255  227  255  133    0  133    0  135   34   42  252   19    5   26    0   20    0  140    0  140    0  179   35  193   10    9   23   48    0  235  255  140    0  140    0
88   17   81  245  163   21  180  255  219  255  133    0  133    0  118   35   44  252   20    5   26    0   20    0  140    0  140    0  246   35  196   10    8   23   48    0  235  255  140    0  140    0
88   17   86  245  165   21  197  255  227  255  133    0  133    0   23   34   46  252   22    5   26    0   20    0  140    0  140    0  167   32  155   10   27   23  250  255    3    0  140    0  140    0
88   17   82  245  163   21  197  255  227  255  133    0  133    0  128   35   47  252   23    5   26    0   20    0  140    0  140    0  185   33  155   10   27   23  250  255    3    0  140    0  140    0
88   17   79  245  161   21  197  255  227  255  133    0  133    0  106   34   49  252   24    5   26    0   20    0  140    0  140    0  157   36  131   10   38   23  220  255   17    0  140    0  140    0
88   17   75  245  160   21  197  255  227  255  133    0  133    0   99   32   50  252   25    5   26    0   20    0  140    0  140    0    6   35  129   10   39   23  220  255   17    0  140    0  140    0
88   17   72  245  158   21  197  255  227  255  133    0  133    0  133   34   52  252   27    5   26    0   20    0  140    0  140    0  174   36  126   10   40   23  220  255   17    0  140    0  140    0
88   17   68  245  156   21  197  255  227  255  133    0  133    0  178   29  102   10   51   23  192  255   29    0  140    0  140    0
88   17   65  245  154   21  197  255  227  255  133    0  133    0  226   34  136   10   35   23  240  255    7    0  140    0  140    0
88   17   61  245  153   21  197  255  227  255  133    0  133    0  101   36  110   10   47   23  207  255   22    0  140    0  140    0
88   17   57  245  151   21  197  255  227  255  133    0  133    0  104   34  114   10   45   23  217  255   17    0  140    0  140    0
88   17   54  245  149   21  197  255  227  255  133    0  133    0  179   31  111   10   46   23  217  255   17    0  140    0  140    0
88   17   50  245  147   21  197  255  227  255  133    0  133    0  171   29  139   10   34   23    0    0    0    0  140    0  140    0
88   17  149   10   29   23   12    0  251  255  140    0  140    0
88   17  128   10   38   23  241  255    7    0  140    0  140    0
88   17  115   10   44   23  226  255   14    0  140    0  140    0
218   17  132  255  132    1   70    0  212  255  117    0  123    0   78   30  114   10   45   23  226  255   14    0  140    0  140    0
218   17  136  255  130    1   70    0  212  255  117    0  123    0    4   34  113   10   45   23  227  255   13    0  140    0  140    0
195   17  115   10   44   23  232  255   10    0  140    0  140    0
195   17  110   10   46   23  227  255   13    0  140    0  140    0  209   35  160  255  132    1  105    0  219  255  113    0  109    0  179   35   52    6  142   17  183    1  107  255  140    0  139    0
195   17  108   10   47   23  227  255   13    0  140    0  140    0  215   31  166  255  130    1  105    0  219  255  113    0  109    0    9   36   78    6  133   17  183    1  107  255  140    0  139    0
195   17  106   10   48   23  227  255   13    0  140    0  140    0  235   35  176  255  130    1  112    0  215  255  116    0  112    0
195   17  104   10   49   23  227  255   13    0  140    0  140    0   90   35  182  255  127    1  112    0  215  255  116    0  112    0
195   17  103   10   49   23  227  255   13    0  140    0  140    0  106   30  197  255  125    1  125    0   16    0  101    0  109    0
195   17  101   10   50   23  227  255   13    0  140    0  140    0  144   33  205  255  132    1  128    0   17    0   89    0  104    0
195   17   99   10   51   23  227  255   13    0  140    0  140    0  192   31  213  255  133    1  128    0   17    0   89    0  104    0
195   17   97   10   52   23  227  255   13    0  140    0  140    0  147   32  220  255  134    1  128    0   17    0   89    0  104    0
195   17   96   10   53   23  227  255   13    0  140    0  140    0  209   35  228  255  131    1  126    0    9    0   81    0  102    0
195   17   94   10   53   23  227  255   13    0  140    0  140    0  218   34  234  255  130    1  124    0    7    0   88    0  106    0
195   17   92   10   54   23  227  255   13    0  140    0  140    0   75   33  242  255  129    1  123    0    5    0   94    0  110    0
218   17  247  255  127    1  120    0    3    0   94    0  108    0
218   17  253  255  126    1  116    0    1    0   99    0  112    0
218   17    3    0  126    1  116    0    1    0   99    0  112    0
218   17    6    0  126    1  108    0  255  255  104    0  115    0
218   17   12    0  125    1  108    0  255  255  104    0  115    0
218   17   19    0  125    1  108    0  255  255  104    0  115    0
218   17   24    0  124    1  105    0  250  255  108    0  118    0
218   17   27    0  123    1   99    0  250  255  112    0  120    0   76   36   54  245  148   21  240  255  248  255   69    0   88    0
218   17   36    0  124    1  105    0  247  255  115    0  122    0   96   34   60  245  151   21    0    0    0    0   77    0   94    0
218   17   43    0  123    1  105    0  247  255  115    0  122    0  129   35   67  245  155   21   15    0    7    0   84    0   99    0
218   17   47    0  125    1  102    0  244  255  118    0  124    0   22   36   80  239   56   26  203  255  223  255  140    0  140    0  102   34   76  245  159   21   30    0   15    0   91    0  104    0
218   17   53    0  124    1  102    0  244  255  118    0  124    0   57   33   76  245  160   21   28    0   14    0   97    0  108    0  130   32   77  239   54   26  203  255  223  255  140    0  140    0
218   17   53    0  126    1   90    0  244  255  120    0  126    0   86   33   83  245  163   21   38    0   18    0  102    0  112    0
218   17   58    0  125    1   90    0  244  255  120    0  126    0   48   35   84  245  164   21   36    0   17    0  106    0  115    0   87   33   99  239   69   26  253  255  255  255  140    0  140    0
218   17   63    0  124    1   90    0  244  255  120    0  126    0  143   35   76  245  159   21   14    0    7    0  110    0  118    0  111   33   98  239   69   26  251  255  253  255  140    0  140    0
218   17   73    0  125    1   97    0  238  255  122    0  127    0  203   34   76  245  160   21   14    0    7    0  113    0  120    0   36   35   98  239   68   26  251  255  253  255  140    0  140    0
218   17   79    0  123    1   97    0  238  255  122    0  127    0   74   33   91  245  167   21   40    0   20    0  116    0  122    0  255   33   98  239   68   26  251  255  253  255  140    0  140    0
218   17   85    0  122    1   97    0  238  255  122    0  127    0  136   35   71  245  157   21  255  255    0    0  111    0  114    0
218   17   91    0  121    1   97    0  238  255  122    0  127    0  232   34   72  245  157   21    0    0    0    0  114    0  117    0
218   17   97    0  120    1   97    0  238  255  122    0  127    0  145   33   73  245  158   21    2    0    1    0  117    0  119    0
218   17  103    0  119    1   97    0  238  255  122    0  127    0  221   33   75  245  159   21    5    0    2    0  119    0  121    0   64   32   86  239   61   26  234  255  243  255  140    0  140    0
218   17  108    0  118    1   97    0  238  255  122    0  127    0  160   33   74  245  158   21    2    0    1    0  121    0  123    0   69   35   85  239   60   26  234  255  243  255  140    0  140    0
218   17  114    0  117    1   97    0  238  255  122    0  127    0  155   31   65  245  154   21  243  255  250  255  123    0  125    0
218   17  120    0  116    1   97    0  238  255  122    0  127    0   16   33   62  245  153   21  239  255  248  255  125    0  126    0  239   33  232  238  247   25   88  255  148  255  140    0  140    0
218   17  126    0  115    1   97    0  238  255  122    0  127    0  250   32   60  245  152   21  237  255  247  255  126    0  127    0   13   32  222  238  240   25   88  255  148  255  140    0  140    0
218   17  132    0  113    1   97    0  238  255  122    0  127    0  136   36   73  245  158   21    7    0    3    0  127    0  128    0
218   17   81  245  162   21   21    0   10    0  128    0  129    0
218   17   76  245  159   21    8    0    4    0  129    0  130    0
218   17   85  245  164   21   25    0   12    0  130    0  131    0
218   17  105  245  174   21   61    0   30    0  131    0  132    0
218   17  105  245  174   21   53    0   26    0  132    0  133    0
233   17  114  245  178   21   64    0   31    0  133    0  133    0
233   17  113  245  178   21   55    0   27    0  133    0  133    0
233   17  114  245  178   21   51    0   24    0  133    0  133    0
233   17  107  245  175   21   32    0   15    0  133    0  133    0
233   17  102  245  172   21   18    0    9    0  133    0  133    0
233   17  105  245  173   21   20    0   10    0  133    0  133    0
233   17  107  245  175   21   23    0   11    0  133    0  133    0   47   31  226  255  155    1   18    0    1    0  123    0   90    0
233   17  108  245  175   21   23    0   11    0  133    0  133    0   56   36  227  255  155    1   18    0    1    0  123    0   90    0
233   17  103  245  172   21    9    0    4    0  133    0  133    0  195   32  229  255  155    1   19    0    1    0  125    0   96    0
233   17   88  245  166   21  238  255  247  255  133    0  133    0  247   33  231  255  155    1   20    0    1    0  126    0  101    0
233   17   79  245  161   21  222  255  240  255  133    0  133    0  184   37   86  239   67   26   21    0   14    0  140    0  140    0   93   32  233  255  155    1   21    0    1    0  127    0  105    0
233   17   71  245  157   21  211  255  234  255  133    0  133    0  170   33  234  255  155    1   21    0    1    0  128    0  109    0  124   35   87  239   68   26   21    0   14    0  140    0  140    0
233   17   50  245  147   21  176  255  216  255  133    0  133    0   12   35  235  255  155    1   21    0    1    0  128    0  109    0   43   34   73  239   59   26  252  255  254  255  140    0  140    0
233   17   45  245  144   21  177  255  217  255  133    0  133    0  114   35  237  255  155    1   21    0    1    0  128    0  109    0  251   30   72  239   59   26  252  255  254  255  140    0  140    0
233   17   39  245  141   21  175  255  215  255  133    0  133    0  159   34  237  255  155    1   20    0    0    0  129    0  112    0  210   34  105  239   79   26   50    0   32    0  140    0  140    0
233   17   34  245  139   21  174  255  215  255  133    0  133    0  198   34  243  255  155    1   28    0    1    0  130    0  115    0   72   35   89  239   68   26   18    0   11    0  140    0  140    0
233   17   51  245  147   21  216  255  236  255  133    0  133    0  150   31  249  255  156    1   35    0    0    0  131    0  118    0   69   30  120  239   87   26   67    0   42    0  140    0  140    0
233   17   57  245  150   21  230  255  243  255  133    0  133    0  103   35  253  255  156    1   39    0    0    0  132    0  120    0   51   36  135  239   96   26   85    0   53    0  140    0  140    0
233   17   66  245  154   21  250  255  253  255  133    0  133    0   59   34  255  255  156    1   39    0    0    0  132    0  120    0  154   33  140  239  100   26   85    0   53    0  140    0  140    0
233   17   78  245  161   21   17    0    8    0  133    0  133    0  238   33    1    0  156    1   39    0    0    0  132    0  120    0   85   36  145  239  103   26   85    0   53    0  140    0  140    0
233   17   77  245  160   21   13    0    6    0  133    0  133    0  141   32    3    0  156    1   39    0    0    0  132    0  120    0  107   30  150  239  106   26   85    0   53    0  140    0  140    0
233   17   75  245  159   21    8    0    4    0  133    0  133    0  150   33    5    0  156    1   39    0    0    0  132    0  120    0  140   36  155  239  109   26   85    0   53    0  140    0  140    0
233   17   75  245  159   21    7    0    3    0  133    0  133    0  199   33    8    0  156    1   39    0    0    0  133    0  108    0   85   32  160  239  112   26   85    0   53    0  140    0  140    0
233   17   88  245  166   21   31    0   15    0  133    0  133    0  161   33   10    0  156    1   39    0    0    0  133    0  108    0   17   33  165  239  116   26   85    0   53    0  140    0  140    0
233   17   93  245  168   21   37    0   18    0  133    0  133    0    1   34   12    0  156    1   38    0  255  255  133    0  112    0
233   17   83  245  163   21   13    0    6    0  133    0  133    0  247   33   14    0  155    1   38    0  255  255  133    0  112    0   45   33  191  239  131   26  105    0   64    0  140    0  140    0
