118    2   31    1   86    5   14    0  253  255   89    0   76    0   84   30  179   15   82   18  249  255    6    0  140    0  140    0  219   37  129  250  188   11   36    0   17    0  140    0  140    0
118    2   31    1   86    5   13    0  254  255   89    0   75    0  127   35  177   15   84   18  247  255    8    0  140    0  140    0   23   33  136  250  192   11   46    0   21    0  140    0  140    0
118    2   32    1   85    5   13    0  254  255   88    0   74    0   88   34  164   15   95   18  233  255   20    0  140    0  140    0   63   30  141  250  194   11   50    0   23    0  140    0  140    0
118    2   30    1   86    5    7    0  255  255   88    0   73    0   59   34  160   15   98   18  231  255   21    0  140    0  140    0  235   35  146  250  196   11   52    0   24    0  140    0  140    0
118    2   28    1   86    5    1    0    0    0   88    0   73    0  198   32  162   15   97   18  234  255   19    0  140    0  140    0  173   33  151  250  198   11   56    0   25    0  140    0  140    0
118    2   27    1   86    5    0    0    0    0   88    0   73    0  179   32  168   15   92   18  243  255   11    0  140    0  140    0  146   32  153  250  199   11   53    0   24    0  140    0  140    0
118    2   29    1   86    5    2    0    0    0   87    0   73    0  222   33  176   15   85   18  252  255    3    0  140    0  140    0  133   33  152  250  199   11   46    0   21    0  140    0  140    0
118    2   28    1   86    5    1    0    0    0   86    0   73    0  192   34  182   15   80   18    2    0  254  255  140    0  140    0  122   35  151  250  199   11   39    0   18    0  140    0  140    0
118    2   26    1   87    5  252  255    1    0   86    0   73    0  106   34  183   15   79   18    3    0  253  255  140    0  140    0   45   37  155  250  201   11   43    0   19    0  140    0  140    0
118    2   25    1   87    5  250  255    1    0   86    0   73    0   80   32  186   15   76   18    6    0  251  255  140    0  140    0   97   34  154  250  200   11   35    0   16    0  140    0  140    0
118    2   23    1   87    5  245  255    2    0   85    0   73    0  175   34  192   15   71   18   13    0  245  255  140    0  140    0  128   33  153  250  199   11   29    0   13    0  140    0  140    0
118    2   23    1   87    5  248  255    1    0   84    0   73    0  192   35  195   15   69   18   15    0  243  255  140    0  140    0  186   34  151  250  199   11   22    0   10    0  140    0  140    0
118    2   22    1   88    5  246  255    2    0   84    0   73    0  138   33  187   15   75   18    5    0  252  255  140    0  140    0  191   31  151  250  199   11   20    0    9    0  140    0  140    0
118    2   22    1   87    5  249  255    1    0   84    0   73    0  198   34  174   15   87   18  247  255    8    0  140    0  140    0   13   32  149  250  198   11   14    0    6    0  140    0  140    0
118    2   23    1   87    5  251  255    1    0   84    0   73    0  158   32  162   15   97   18  234  255   19    0  140    0  140    0    1   34  151  250  198   11   15    0    7    0  140    0  140    0
118    2   22    1   87    5  250  255    1    0   84    0   73    0   35   35  156   15  102   18  229  255   23    0  140    0  140    0   21   35  148  250  197   11    8    0    3    0  140    0  140    0
118    2   22    1   88    5  250  255    1    0   85    0   72    0   30   37  151   15  106   18  226  255   26    0  140    0  140    0  134   34  144  250  195   11    0    0    0    0  140    0  140    0
118    2   20    1   88    5  247  255    1    0   86    0   71    0  145   35  146   15  111   18  222  255   29    0  140    0  140    0  240   33  142  250  194   11  252  255  254  255  140    0  140    0
118    2   21    1   88    5  252  255    0    0   86    0   71    0  167   28  148   15  109   18  227  255   25    0  140    0  140    0  143   33  140  250  194   11  250  255  253  255  140    0  140    0
118    2   22    1   88    5  253  255    0    0   86    0   71    0  134   34  158   15  100   18  240  255   13    0  140    0  140    0  164   31  140  250  193   11  249  255  253  255  140    0  140    0
118    2   22    1   87    5    0    0    0    0   86    0   71    0  146   32  165   15   94   18  249  255    6    0  140    0  140    0  234   33  137  250  192   11  245  255  251  255  140    0  140    0
118    2   22    1   87    5    0    0    0    0   86    0   71    0  141   35  156   15  102   18  239  255   14    0  140    0  140    0  105   35  133  250  190   11  238  255  248  255  140    0  140    0
118    2   23    1   87    5    0    0    0    0   86    0   71    0  252   35  151   15  106   18  235  255   18    0  140    0  140    0  130   34  132  250  190   11  239  255  248  255  140    0  140    0
118    2   23    1   87    5    1    0    0    0   92    0   79    0  233   35  151   15  106   18  236  255   17    0  140    0  140    0   25   35  131  250  189   11  240  255  249  255  140    0  140    0
118    2   24    1   87    5    3    0    0    0   90    0   78    0   75   33  156   15  102   18  243  255   11    0  140    0  140    0   41   33  130  250  189   11  238  255  248  255  140    0  140    0
118    2   27    1   87    5    8    0  255  255   89    0   77    0  222   32  155   15  102   18  243  255   11    0  140    0  140    0  240   35  129  250  188   11  240  255  249  255  140    0  140    0
118    2   29    1   86    5   11    0  254  255   89    0   76    0  203   32  164   15   95   18  253  255    2    0  140    0  140    0   29   35  131  250  189   11  245  255  251  255  140    0  140    0
118    2   29    1   86    5   10    0  254  255   89    0   75    0  120   31  163   15   96   18  253  255    3    0  140    0  140    0  242   33  135  250  191   11  254  255  255  255  140    0  140    0
118    2   30    1   86    5   11    0  254  255   87    0   75    0  251   34  159   15   99   18  249  255    6    0  140    0  140    0   58   37  134  250  191   11  253  255  255  255  140    0  140    0
118    2   31    1   86    5   11    0  254  255   93    0   83    0  107   35  171   15   89   18    5    0  251  255  140    0  140    0   17   33  135  250  191   11  255  255    0    0  140    0  140    0
118    2   28    1   86    5    4    0    0    0   91    0   82    0  254   33  176   15   85   18   11    0  246  255  140    0  140    0   53   35  137  250  192   11    2    0    1    0  140    0  140    0
118    2   30    1   86    5    7    0  255  255   89    0   81    0   92   32  178   15   83   18   13    0  245  255  140    0  140    0   20   33  140  250  194   11    7    0    3    0  140    0  140    0
118    2   30    1   86    5    8    0  255  255   95    0   88    0   69   35  175   15   86   18    8    0  249  255  140    0  140    0  255   32  143  250  195   11   12    0    5    0  140    0  140    0
118    2   31    1   86    5    7    0  255  255   93    0   86    0  128   34  179   15   82   18   12    0  245  255  140    0  140    0  126   31  141  250  194   11    6    0    3    0  140    0  140    0
118    2   29    1   86    5    2    0    0    0   92    0   84    0  248   32  179   15   82   18   12    0  246  255  140    0  140    0  132   34  141  250  194   11    6    0    2    0  140    0  140    0
118    2   30    1   86    5    3    0    0    0   90    0   83    0  152   31  180   15   81   18   12    0  246  255  140    0  140    0  162   34  148  250  197   11   18    0    8    0  140    0  140    0
118    2   33    1   85    5   10    0  254  255   88    0   82    0   51   33  171   15   89   18    1    0  255  255  140    0  140    0  220   32  154  250  200   11   27    0   12    0  140    0  140    0
118    2   31    1   86    5    5    0  255  255   87    0   81    0  246   32  175   15   86   18    5    0  252  255  140    0  140    0  184   34  160  250  203   11   37    0   17    0  140    0  140    0
118    2   30    1   86    5    1    0    0    0   86    0   80    0  237   33  168   15   92   18  254  255    2    0  140    0  140    0  206   32  164  250  204   11   39    0   17    0  140    0  140    0
118    2   29    1   86    5    0    0    0    0   86    0   79    0  161   34  169   15   91   18  254  255    1    0  140    0  140    0   37   33  161  250  203   11   29    0   13    0  140    0  140    0
118    2   28    1   86    5  253  255    0    0   86    0   78    0  224   32  165   15   94   18  251  255    5    0  140    0  140    0  145   32  160  250  203   11   24    0   10    0  140    0  140    0
118    2   27    1   86    5  251  255    1    0   86    0   77    0   45   30  164   15   95   18  250  255    5    0  140    0  140    0    0   33  158  250  202   11   17    0    8    0  140    0  140    0
118    2   26    1   87    5  249  255    1    0   86    0   76    0   28   32  156   15  101   18  241  255   12    0  140    0  140    0  213   33  163  250  204   11   24    0   11    0  140    0  140    0
118    2   27    1   86    5  253  255    0    0   86    0   75    0   57   35  146   15  110   18  231  255   22    0  140    0  140    0   41   34  160  250  203   11   16    0    7    0  140    0  140    0
118    2   28    1   86    5    0    0    0    0   85    0   75    0   16   32  139   15  116   18  225  255   27    0  140    0  140    0  212   32  156  250  201   11    7    0    3    0  140    0  140    0
118    2   31    1   86    5    5    0  255  255   83    0   75    0  114   31  136   15  119   18  222  255   28    0  140    0  140    0    1   32  154  250  200   11    1    0    0    0  140    0  140    0
118    2   30    1   86    5    3    0    0    0   82    0   75    0  215   34  124   15  129   18  212  255   37    0  140    0  140    0   18   34  149  250  198   11  250  255  254  255  140    0  140    0
118    2   30    1   86    5    3    0    0    0   82    0   75    0  239   34  113   15  138   18  202  255   45    0  140    0  140    0  120   33  144  250  195   11  241  255  249  255  140    0  140    0
118    2   31    1   86    5    5    0  255  255   82    0   74    0  208   34  109   15  142   18  201  255   46    0  140    0  140    0  104   34  142  250  194   11  238  255  248  255  140    0  140    0
118    2   31    1   86    5    4    0    0    0   83    0   73    0  122   35  105   15  145   18  201  255   46    0  140    0  140    0  123   32  138  250  193   11  233  255  246  255  140    0  140    0
118    2   30    1   86    5    0    0    0    0   83    0   73    0  102   35  105   15  145   18  205  255   43    0  140    0  140    0  252   31  136  250  191   11  231  255  245  255  140    0  140    0
118    2   31    1   86    5    2    0    0    0   83    0   73    0  147   35  116   15  135   18  221  255   29    0  140    0  140    0   67   36  141  250  194   11  244  255  251  255  140    0  140    0
118    2   31    1   86    5    2    0    0    0   83    0   73    0    5   36  108   15  142   18  214  255   35    0  140    0  140    0  233   33  143  250  195   11  250  255  254  255  140    0  140    0
118    2   32    1   85    5    4    0  255  255   83    0   73    0   36   36  113   15  138   18  221  255   29    0  140    0  140    0    7   31  141  250  194   11  246  255  252  255  140    0  140    0
118    2   33    1   85    5    7    0  255  255   83    0   73    0  107   36  118   15  134   18  230  255   22    0  140    0  140    0  151   34  134  250  191   11  234  255  246  255  140    0  140    0
118    2   31    1   86    5    0    0    0    0   83    0   73    0   58   29  129   15  125   18  244  255   10    0  140    0  140    0  224   33  129  250  188   11  228  255  243  255  140    0  140    0
118    2   30    1   86    5  255  255    0    0   83    0   73    0  145   29  143   15  113   18    3    0  253  255  140    0  140    0  232   35  126  250  187   11  225  255  242  255  140    0  140    0
118    2   27    1   86    5  248  255    1    0   84    0   73    0  174   34  140   15  115   18    0    0    0    0  140    0  140    0  192   34  126  250  187   11  228  255  243  255  140    0  140    0
118    2   25    1   87    5  243  255    2    0   84    0   73    0  123   35  140   15  116   18    0    0    0    0  140    0  140    0  146   31  128  250  188   11  236  255  247  255  140    0  140    0
118    2   24    1   87    5  244  255    2    0   91    0   81    0   39   32  139   15  116   18    0    0    0    0  140    0  140    0   32   33  132  250  190   11  245  255  251  255  140    0  140    0
118    2   23    1   87    5  243  255    2    0   90    0   80    0   94   33  134   15  120   18  251  255    4    0  140    0  140    0    6   35  132  250  190   11  246  255  251  255  140    0  140    0
118    2   20    1   88    5  239  255    3    0   90    0   79    0   34   33  133   15  122   18  249  255    6    0  140    0  140    0  197   34  131  250  189   11  245  255  251  255  140    0  140    0
118    2   18    1   88    5  235  255    4    0   90    0   78    0  193   33  127   15  126   18  243  255   11    0  140    0  140    0   35   35  133  250  190   11  251  255  254  255  140    0  140    0
118    2   17    1   89    5  235  255    4    0   89    0   77    0  190   35  128   15  125   18  245  255    9    0  140    0  140    0  183   35  136  250  191   11    0    0    0    0  140    0  140    0
118    2   15    1   89    5  235  255    4    0   89    0   76    0  159   35  123   15  130   18  240  255   13    0  140    0  140    0  155   36  141  250  194   11   10    0    4    0  140    0  140    0
118    2   16    1   89    5  239  255    3    0   89    0   75    0   36   36  114   15  137   18  231  255   21    0  140    0  140    0   43   35  144  250  195   11   15    0    6    0  140    0  140    0
118    2   16    1   89    5  242  255    2    0   89    0   74    0  142   35  113   15  138   18  232  255   20    0  140    0  140    0  182   35  146  250  196   11   16    0    7    0  140    0  140    0
118    2   16    1   89    5  245  255    2    0   88    0   74    0   95   35  107   15  143   18  227  255   24    0  140    0  140    0  251   33  147  250  197   11   16    0    7    0  140    0  140    0
118    2   17    1   88    5  249  255    1    0   88    0   73    0  101   33   92   15  156   18  212  255   36    0  140    0  140    0   60   31  145  250  196   11   11    0    5    0  140    0  140    0
118    2   18    1   88    5  252  255    0    0   87    0   73    0  177   29   82   15  164   18  204  255   43    0  140    0  140    0  158   28  144  250  195   11    7    0    3    0  140    0  140    0
118    2   18    1   88    5  253  255    0    0   86    0   73    0   57   36   75   15  170   18  200  255   46    0  140    0  140    0   10   33  147  250  197   11   13    0    6    0  140    0  140    0
118    2   19    1   88    5  255  255    0    0   85    0   73    0  218   30   65   15  178   18  193  255   52    0  140    0  140    0  162   33  146  250  196   11    8    0    4    0  140    0  140    0
118    2   21    1   88    5    4    0    0    0   84    0   73    0  158   32   57   15  185   18  188  255   56    0  140    0  140    0   97   35  144  250  195   11    4    0    2    0  140    0  140    0
118    2   23    1   87    5    7    0  255  255   84    0   73    0   59   31   59   15  183   18  194  255   50    0  140    0  140    0  108   34  141  250  194   11  254  255  255  255  140    0  140    0
118    2   25    1   87    5   10    0  254  255   84    0   73    0   55   34   56   15  185   18  196  255   49    0  140    0  140    0   35   34  144  250  195   11    3    0    1    0  140    0  140    0
118    2   25    1   87    5    9    0  254  255   84    0   73    0  101   31   52   15  188   18  196  255   49    0  140    0  140    0  131   31  139  250  193   11  251  255  254  255  140    0  140    0
118    2   26    1   87    5   10    0  254  255   84    0   73    0  169   27   57   15  185   18  204  255   42    0  140    0  140    0  254   31  140  250  193   11  253  255  255  255  140    0  140    0
118    2   26    1   87    5    9    0  255  255   83    0   73    0  214   33   62   15  180   18  214  255   34    0  140    0  140    0  225   34  138  250  193   11  251  255  254  255  140    0  140    0
118    2   25    1   87    5    6    0  255  255   83    0   73    0   88   36   69   15  174   18  224  255   26    0  140    0  140    0   96   34  133  250  190   11  241  255  249  255  140    0  140    0
118    2   23    1   87    5    0    0    0    0   84    0   72    0  144   35   65   15  178   18  222  255   27    0  140    0  140    0   67   33  128  250  188   11  233  255  245  255  140    0  140    0
118    2   23    1   87    5    0    0    0    0   84    0   72    0   72   33   65   15  178   18  224  255   26    0  140    0  140    0  182   32  121  250  185   11  223  255  241  255  140    0  140    0
118    2   23    1   87    5    0    0    0    0   84    0   72    0  204   31   76   15  168   18  239  255   14    0  140    0  140    0  185   33  117  250  183   11  219  255  239  255  140    0  140    0
118    2   24    1   87    5    3    0    0    0   84    0   72    0  156   35   88   15  159   18  253  255    2    0  140    0  140    0   19   38  116  250  182   11  221  255  240  255  140    0  140    0
118    2   24    1   87    5    0    0    0    0   84    0   72    0  221   32   82   15  164   18  246  255    8    0  140    0  140    0   87   36  123  250  185   11  238  255  248  255  140    0  140    0
118    2   25    1   87    5    4    0    0    0   83    0   72    0   64   32   81   15  165   18  246  255    8    0  140    0  140    0   38   33  122  250  185   11  240  255  249  255  140    0  140    0
118    2   25    1   87    5    4    0    0    0   82    0   72    0    7   34   82   15  164   18  248  255    6    0  140    0  140    0   87   32  123  250  186   11  243  255  250  255  140    0  140    0
118    2   28    1   86    5   11    0  254  255   81    0   72    0  109   34   84   15  162   18  251  255    4    0  140    0  140    0   42   30  124  250  186   11  246  255  251  255  140    0  140    0
118    2   30    1   86    5   12    0  254  255   81    0   72    0  156   32   88   15  159   18    0    0    0    0  140    0  140    0  133   33  119  250  184   11  238  255  248  255  140    0  140    0
118    2   31    1   86    5   14    0  254  255   81    0   72    0  211   32   85   15  161   18  253  255    2    0  140    0  140    0  240   34  111  250  180   11  225  255  242  255  140    0  140    0
118    2   29    1   86    5    6    0  255  255   82    0   72    0    2   32   88   15  159   18    0    0    0    0  140    0  140    0   80   33  108  250  178   11  222  255  240  255  140    0  140    0
118    2   27    1   87    5    0    0    0    0   84    0   72    0   20   33   86   15  160   18  254  255    2    0  140    0  140    0  255   34  107  250  178   11  224  255  241  255  140    0  140    0
118    2   26    1   87    5  255  255    0    0   84    0   72    0  111   37   91   15  156   18    2    0  254  255  140    0  140    0  242   35  107  250  178   11  228  255  243  255  140    0  140    0
118    2   26    1   87    5    0    0    0    0   85    0   72    0  253   29   97   15  152   18    9    0  249  255  140    0  140    0  184   33  109  250  179   11  236  255  247  255  140    0  140    0
118    2   24    1   87    5  252  255    1    0   86    0   72    0  223   32  102   15  147   18   14    0  244  255  140    0  140    0   76   32  108  250  178   11  236  255  247  255  140    0  140    0
118    2   24    1   87    5  252  255    1    0   86    0   72    0  227   32  116   15  135   18   29    0  232  255  140    0  140    0  170   36  112  250  180   11  246  255  251  255  140    0  140    0
118    2   24    1   87    5  252  255    0    0   86    0   72    0  226   28  128   15  126   18   40    0  222  255  140    0  140    0  183   33  114  250  181   11  251  255  254  255  140    0  140    0
118    2   24    1   87    5  252  255    0    0   86    0   72    0  237   32  131   15  123   18   41    0  222  255  140    0  140    0  152   36  117  250  183   11    0    0    0    0  140    0  140    0
118    2   23    1   87    5  252  255    0    0   86    0   72    0  143   35  137   15  118   18   44    0  219  255  140    0  140    0  145   33  118  250  183   11    2    0    1    0  140    0  140    0
118    2   22    1   87    5  250  255    1    0   87    0   72    0  188   33  138   15  117   18   42    0  220  255  140    0  140    0  132   35  122  250  185   11    9    0    4    0  140    0  140    0
118    2   22    1   87    5  251  255    1    0   87    0   72    0   80   33  139   15  117   18   41    0  222  255  140    0  140    0  139   35  129  250  188   11   21    0   10    0  140    0  140    0
118    2   23    1   87    5  253  255    0    0   87    0   72    0  118   32  145   15  111   18   45    0  218  255  140    0  140    0  193   35  128  250  188   11   18    0    8    0  140    0  140    0
118    2   24    1   87    5    0    0    0    0   87    0   72    0  109   34  146   15  111   18   43    0  220  255  140    0  140    0  147   34  130  250  189   11   19    0    9    0  140    0  140    0
118    2   23    1   87    5  255  255    0    0   86    0   72    0  114   33  150   15  107   18   45    0  218  255  140    0  140    0   57   33  130  250  189   11   16    0    7    0  140    0  140    0
118    2   23    1   87    5  254  255    0    0   85    0   72    0  125   33  153   15  105   18   44    0  218  255  140    0  140    0  249   32  127  250  187   11    9    0    4    0  140    0  140    0
118    2   24    1   87    5    0    0    0    0   85    0   72    0  123   29  155   15  103   18   44    0  218  255  140    0  140    0  252   35  129  250  188   11   11    0    5    0  140    0  140    0
118    2   23    1   87    5  254  255    0    0   84    0   72    0  142   35  155   15  103   18   41    0  221  255  140    0  140    0   46   33  124  250  186   11    0    0    0    0  140    0  140    0
118    2   21    1   88    5  251  255    1    0   84    0   72    0  158   31  158   15  101   18   41    0  221  255  140    0  140    0  160   36  116  250  182   11  243  255  250  255  140    0  140    0
118    2   20    1   88    5  248  255    1    0   85    0   72    0   30   32  158   15  100   18   39    0  223  255  140    0  140    0  149   35  114  250  181   11  240  255  249  255  140    0  140    0
118    2   19    1   88    5  248  255    1    0   85    0   72    0  233   34  151   15  107   18   28    0  233  255  140    0  140    0   30   36  110  250  179   11  234  255  246  255  140    0  140    0
118    2   19    1   88    5  248  255    1    0   85    0   72    0  172   33  155   15  103   18   31    0  230  255  140    0  140    0  120   34  116  250  182   11  249  255  253  255  140    0  140    0
118    2   17    1   88    5  246  255    2    0   86    0   72    0   58   33  146   15  110   18   19    0  240  255  140    0  140    0   28   32  115  250  182   11  247  255  252  255  140    0  140    0
118    2   19    1   88    5  252  255    0    0   86    0   72    0  246   32  133   15  122   18    2    0  255  255  140    0  140    0   15   34  112  250  180   11  244  255  250  255  140    0  140    0
118    2   19    1   88    5  251  255    1    0   87    0   72    0   26   31  126   15  127   18  251  255    4    0  140    0  140    0  112   33  116  250  182   11  252  255  254  255  140    0  140    0
118    2   21    1   88    5    2    0    0    0   86    0   72    0  158   32  117   15  135   18  241  255   12    0  140    0  140    0  230   32  110  250  179   11  240  255  249  255  140    0  140    0
118    2   20    1   88    5    0    0    0    0   86    0   72    0  226   32  120   15  133   18  245  255    9    0  140    0  140    0  255   33  101  250  175   11  226  255  242  255  140    0  140    0
118    2   21    1   88    5    0    0    0    0   86    0   72    0  171   33  108   15  143   18  232  255   20    0  140    0  140    0  201   34   96  250  173   11  219  255  239  255  140    0  140    0
118    2   22    1   87    5    3    0    0    0   86    0   72    0   57   36  101   15  149   18  226  255   25    0  140    0  140    0  167   32   98  250  174   11  228  255  243  255  140    0  140    0
118    2   25    1   87    5    8    0  255  255   85    0   72    0  178   35  112   15  139   18  241  255   13    0  140    0  140    0   38   34   93  250  171   11  221  255  239  255  140    0  140    0
118    2   28    1   86    5   15    0  253  255   84    0   72    0  127   32  126   15  127   18    1    0  255  255  140    0  140    0   92   36   90  250  170   11  219  255  238  255  140    0  140    0
118    2   30    1   86    5   19    0  252  255   84    0   72    0  200   33  133   15  122   18    9    0  249  255  140    0  140    0  123   35   92  250  171   11  228  255  243  255  140    0  140    0
118    2   32    1   85    5   20    0  252  255   84    0   72    0   45   33  142   15  114   18   18    0  241  255  140    0  140    0   63   33   94  250  171   11  234  255  246  255  140    0  140    0
118    2   33    1   85    5   19    0  252  255   83    0   72    0  172   31  158   15  100   18   35    0  226  255  140    0  140    0  234   33   94  250  172   11  237  255  247  255  140    0  140    0
118    2   30    1   86    5   10    0  254  255   82    0   72    0  200   33  160   15   98   18   35    0  226  255  140    0  140    0   58   36   90  250  169   11  231  255  244  255  140    0  140    0
118    2   30    1   86    5    6    0  255  255   82    0   72    0  160   30  162   15   97   18   35    0  226  255  140    0  140    0  174   32   82  250  166   11  220  255  239  255  140    0  140    0
118    2   29    1   86    5    5    0  255  255   82    0   72    0   21   33  171   15   89   18   42    0  220  255  140    0  140    0   31   32   81  250  165   11  223  255  240  255  140    0  140    0
118    2   30    1   86    5    6    0  255  255   82    0   72    0   92   34  173   15   88   18   42    0  220  255  140    0  140    0   28   37   85  250  167   11  233  255  245  255  140    0  140    0
118    2   27    1   86    5  254  255    0    0   82    0   72    0  161   36  180   15   81   18   47    0  216  255  140    0  140    0  101   32   88  250  169   11  242  255  250  255  140    0  140    0
118    2   26    1   87    5  251  255    1    0   82    0   72    0  215   36  188   15   75   18   52    0  211  255  140    0  140    0  142   31   87  250  168   11  242  255  249  255  140    0  140    0
118    2   25    1   87    5  251  255    1    0   82    0   72    0    1   34  187   15   76   18   47    0  215  255  140    0  140    0  105   36   85  250  167   11  239  255  248  255  140    0  140    0
118    2   23    1   87    5  247  255    1    0   83    0   72    0   91   33  188   15   75   18   45    0  217  255  140    0  140    0  240   35   88  250  169   11  248  255  252  255  140    0  140    0
118    2   21    1   88    5  242  255    2    0   83    0   72    0  219   31  198   15   66   18   54    0  210  255  140    0  140    0  188   35   86  250  168   11  244  255  250  255  140    0  140    0
118    2   17    1   88    5  236  255    4    0   84    0   72    0  201   34  198   15   66   18   50    0  213  255  140    0  140    0  235   31   80  250  165   11  234  255  246  255  140    0  140    0
118    2   17    1   88    5  239  255    3    0   84    0   72    0   22   36  202   15   62   18   52    0  211  255  140    0  140    0  143   33   73  250  161   11  224  255  240  255  140    0  140    0
118    2   18    1   88    5  243  255    2    0   83    0   72    0   76   36  201   15   63   18   47    0  216  255  140    0  140    0   84   34   72  250  161   11  225  255  241  255  140    0  140    0
118    2   18    1   88    5  246  255    2    0   82    0   72    0  135   31  206   15   59   18   49    0  214  255  140    0  140    0  247   34   67  250  159   11  220  255  239  255  140    0  140    0
118    2   18    1   88    5  248  255    1    0   82    0   72    0  160   32  193   15   71   18   31    0  230  255  140    0  140    0   38   35   66  250  158   11  222  255  239  255  140    0  140    0
118    2   20    1   88    5  253  255    0    0   81    0   72    0   63   34  187   15   76   18   22    0  238  255  140    0  140    0  107   32   68  250  159   11  229  255  243  255  140    0  140    0
118    2   20    1   88    5  253  255    0    0   82    0   72    0  176   31  190   15   73   18   24    0  235  255  140    0  140    0   73   33   66  250  158   11  229  255  243  255  140    0  140    0
118    2   20    1   88    5  255  255    0    0   82    0   72    0  192   33  194   15   70   18   26    0  233  255  140    0  140    0   41   36   65  250  158   11  231  255  244  255  140    0  140    0
118    2   21    1   88    5    1    0    0    0   81    0   72    0  115   31  193   15   71   18   23    0  236  255  140    0  140    0   34   36   65  250  158   11  234  255  245  255  140    0  140    0
118    2   23    1   87    5    4    0    0    0   80    0   72    0  186   33  185   15   77   18   13    0  245  255  140    0  140    0  234   34   65  250  158   11  236  255  246  255  140    0  140    0
118    2   22    1   87    5    2    0    0    0   81    0   72    0  148   33  191   15   72   18   18    0  240  255  140    0  140    0   63   36   63  250  157   11  234  255  246  255  140    0  140    0
118    2   25    1   87    5   10    0  254  255   80    0   72    0  174   31  192   15   71   18   18    0  240  255  140    0  140    0  233   29   66  250  158   11  242  255  250  255  140    0  140    0
118    2   26    1   87    5   10    0  254  255   80    0   72    0    4   34  201   15   64   18   27    0  233  255  140    0  140    0  187   31   66  250  158   11  244  255  250  255  140    0  140    0
118    2   27    1   86    5   10    0  254  255   79    0   72    0  164   32  204   15   61   18   29    0  231  255  140    0  140    0  168   36   69  250  159   11  251  255  254  255  140    0  140    0
118    2   26    1   87    5    7    0  255  255   80    0   72    0  127   32  205   15   60   18   28    0  232  255  140    0  140    0  178   35   75  250  162   11    5    0    2    0  140    0  140    0
118    2   25    1   87    5    3    0    0    0   80    0   72    0  120   33  210   15   55   18   32    0  228  255  140    0  140    0  228   33   73  250  161   11    1    0    0    0  140    0  140    0
118    2   22    1   87    5  252  255    0    0   82    0   72    0  216   33  222   15   45   18   43    0  218  255  140    0  140    0   47   33   70  250  160   11  253  255  255  255  140    0  140    0
118    2   22    1   88    5  251  255    1    0   83    0   72    0  235   34  224   15   44   18   42    0  220  255  140    0  140    0  147   33   72  250  161   11    0    0    0    0  140    0  140    0
118    2   22    1   88    5  252  255    0    0   84    0   72    0  220   31  221   15   46   18   36    0  225  255  140    0  140    0   99   31   71  250  160   11  254  255  255  255  140    0  140    0
118    2   24    1   87    5    1    0    0    0   83    0   72    0   37   30  223   15   44   18   36    0  224  255  140    0  140    0  194   33   68  250  159   11  249  255  253  255  140    0  140    0
118    2   26    1   87    5    6    0  255  255   82    0   72    0  132   30  223   15   44   18   34    0  226  255  140    0  140    0   33   33   69  250  159   11  252  255  254  255  140    0  140    0
118    2   25    1   87    5    3    0    0    0   83    0   72    0   44   36  216   15   50   18   24    0  235  255  140    0  140    0  185   31   70  250  160   11  255  255    0    0  140    0  140    0
118    2   23    1   87    5  254  255    0    0   84    0   72    0  201   30  209   15   57   18   14    0  244  255  140    0  140    0   95   34   69  250  159   11  252  255  255  255  140    0  140    0
118    2   21    1   88    5  250  255    1    0   85    0   72    0  124   33  217   15   50   18   22    0  237  255  140    0  140    0   23   35   62  250  156   11  240  255  248  255  140    0  140    0
118    2   21    1   88    5  250  255    1    0   85    0   72    0   85   34  219   15   48   18   23    0  236  255  140    0  140    0   28   35   60  250  155   11  239  255  248  255  140    0  140    0
118    2   20    1   88    5  250  255    1    0   85    0   72    0  171   31  218   15   48   18   20    0  238  255  140    0  140    0  150   33   63  250  157   11  246  255  252  255  140    0  140    0
118    2   20    1   88    5  250  255    1    0   85    0   72    0  225   29  229   15   39   18   31    0  229  255  140    0  140    0   82   33   63  250  157   11  247  255  252  255  140    0  140    0
118    2   21    1   88    5  254  255    0    0   84    0   72    0   24   34  239   15   30   18   40    0  220  255  140    0  140    0  139   34   65  250  158   11  253  255  255  255  140    0  140    0
118    2   20    1   88    5  252  255    0    0   84    0   72    0  101   34  248   15   22   18   47    0  215  255  140    0  140    0   63   34   67  250  158   11    0    0    0    0  140    0  140    0
118    2   20    1   88    5  253  255    0    0   83    0   72    0  239   34    3   16   13   18   56    0  206  255  140    0  140    0  150   32   65  250  157   11  251  255  254  255  140    0  140    0
118    2   22    1   87    5    1    0    0    0   83    0   72    0  157   34   12   16    4   18   63    0  200  255  140    0  140    0   46   35   62  250  156   11  247  255  252  255  140    0  140    0
118    2   22    1   87    5    1    0    0    0   83    0   72    0  203   34   29   16  245   17   77    0  187  255  140    0  140    0   63   34   62  250  156   11  249  255  253  255  140    0  140    0
118    2   22    1   88    5    0    0    0    0   83    0   72    0  174   35   33   16  242   17   76    0  188  255  140    0  140    0  235   29   62  250  156   11  249  255  253  255  140    0  140    0
118    2   23    1   87    5    2    0    0    0   83    0   72    0  227   32   33   16  241   17   72    0  192  255  140    0  140    0  241   36   58  250  154   11  243  255  250  255  140    0  140    0
118    2   21    1   88    5    0    0    0    0   84    0   72    0   87   32   40   16  235   17   74    0  189  255  140    0  140    0   42   32   59  250  154   11  246  255  251  255  140    0  140    0
118    2   21    1   88    5  254  255    0    0   83    0   72    0  213   32   31   16  243   17   59    0  203  255  140    0  140    0  253   32   60  250  155   11  249  255  253  255  140    0  140    0
118    2   19    1   88    5  251  255    1    0   83    0   72    0  126   32   40   16  236   17   65    0  198  255  140    0  140    0  164   36   58  250  154   11  247  255  252  255  140    0  140    0
118    2   18    1   88    5  249  255    1    0   83    0   72    0   77   32   40   16  235   17   61    0  201  255  140    0  140    0   38   29   57  250  154   11  246  255  251  255  140    0  140    0
118    2   19    1   88    5  253  255    0    0   83    0   72    0   72   33   50   16  226   17   68    0  195  255  140    0  140    0   34   34   57  250  153   11  246  255  251  255  140    0  140    0
118    2   20    1   88    5    0    0    0    0   83    0   72    0  176   31   48   16  228   17   61    0  201  255  140    0  140    0  214   32   55  250  152   11  244  255  250  255  140    0  140    0
118    2   22    1   88    5    2    0    0    0   83    0   72    0   21   36   52   16  224   17   62    0  200  255  140    0  140    0   30   28   56  250  153   11  248  255  252  255  140    0  140    0
118    2   21    1   88    5    1    0    0    0   83    0   72    0  113   36   51   16  225   17   56    0  205  255  140    0  140    0  201   32   56  250  153   11  249  255  253  255  140    0  140    0
118    2   20    1   88    5  254  255    0    0   83    0   72    0   53   33   51   16  226   17   52    0  209  255  140    0  140    0  152   33   57  250  154   11  252  255  254  255  140    0  140    0
118    2   20    1   88    5  255  255    0    0   83    0   72    0  211   34   49   16  227   17   47    0  214  255  140    0  140    0  152   34   57  250  153   11  251  255  254  255  140    0  140    0
118    2   21    1   88    5    1    0    0    0   83    0   72    0   67   37   48   16  229   17   42    0  218  255  140    0  140    0  110   33   57  250  153   11  252  255  254  255  140    0  140    0
118    2   21    1   88    5    1    0    0    0   83    0   72    0  231   30   56   16  221   17   49    0  212  255  140    0  140    0  163   33   60  250  155   11    2    0    1    0  140    0  140    0
118    2   20    1   88    5    0    0    0    0   83    0   72    0   64   34   52   16  225   17   40    0  220  255  140    0  140    0  226   35   61  250  156   11    4    0    2    0  140    0  140    0
118    2   21    1   88    5    1    0    0    0   83    0   72    0  202   31   63   16  214   17   50    0  210  255  140    0  140    0  126   33   68  250  159   11   16    0    8    0  140    0  140    0
118    2   22    1   87    5    3    0    0    0   84    0   72    0  133   34   69   16  209   17   53    0  207  255  140    0  140    0   87   32   74  250  162   11   25    0   12    0  140    0  140    0
118    2   23    1   87    5    4    0    0    0   84    0   72    0   14   36   70   16  208   17   51    0  210  255  140    0  140    0   99   31   74  250  162   11   22    0   11    0  140    0  140    0
118    2   24    1   87    5    7    0  255  255   83    0   72    0  167   34   75   16  204   17   53    0  208  255  140    0  140    0  123   34   75  250  162   11   22    0   11    0  140    0  140    0
118    2   24    1   87    5    6    0  255  255   82    0   72    0  249   28   80   16  199   17   55    0  205  255  140    0  140    0   86   34   76  250  163   11   21    0   10    0  140    0  140    0
118    2   24    1   87    5    3    0    0    0   82    0   72    0   98   31   76   16  202   17   47    0  213  255  140    0  140    0   73   32   75  250  162   11   17    0    8    0  140    0  140    0
118    2   24    1   87    5    3    0    0    0   82    0   72    0  164   32   79   16  200   17   47    0  213  255  140    0  140    0   14   34   71  250  160   11    7    0    3    0  140    0  140    0
118    2   24    1   87    5    4    0    0    0   82    0   72    0   99   26   65   16  213   17   29    0  230  255  140    0  140    0  137   32   72  250  161   11    8    0    4    0  140    0  140    0
118    2   24    1   87    5    2    0    0    0   82    0   72    0  120   34   54   16  223   17   15    0  243  255  140    0  140    0   82   34   71  250  160   11    5    0    2    0  140    0  140    0
118    2   26    1   87    5    7    0  255  255   82    0   72    0   60   31   55   16  222   17   15    0  243  255  140    0  140    0  110   34   67  250  158   11  254  255  255  255  140    0  140    0
118    2   26    1   87    5    7    0  255  255   81    0   72    0    8   34   55   16  222   17   14    0  243  255  140    0  140    0  187   33   65  250  158   11  251  255  254  255  140    0  140    0
118    2   26    1   87    5    6    0  255  255   82    0   72    0  124   34   43   16  233   17    0    0    0    0  140    0  140    0   51   32   71  250  160   11    6    0    3    0  140    0  140    0
118    2   26    1   87    5    5    0  255  255   81    0   72    0  106   35   42   16  235   17  254  255    2    0  140    0  140    0   71   33   75  250  162   11   12    0    6    0  140    0  140    0
118    2   27    1   86    5    6    0  255  255   80    0   72    0  212   34   36   16  240   17  247  255    8    0  140    0  140    0  177   33   74  250  162   11    9    0    4    0  140    0  140    0
118    2   30    1   86    5   11    0  254  255   80    0   72    0  125   34   23   16  252   17  233  255   21    0  140    0  140    0  142   34   76  250  163   11   13    0    6    0  140    0  140    0
118    2   28    1   86    5    5    0  255  255   80    0   72    0  244   34   24   16  251   17  235  255   18    0  140    0  140    0  213   33   75  250  162   11    8    0    4    0  140    0  140    0
118    2   28    1   86    5    4    0    0    0   80    0   72    0   76   36   18   16    0   18  231  255   23    0  140    0  140    0  220   34   78  250  164   11   14    0    7    0  140    0  140    0   84   36  116  252  194    4  106    1  138  254  124    0  129    0
118    2   27    1   87    5    0    0    0    0   81    0   72    0  174   33    1   16   15   18  213  255   39    0  140    0  140    0  126   34   80  250  165   11   16    0    8    0  140    0  140    0  131   36  146  252  175    4  124    1  151  254  126    0  130    0
118    2   25    1   87    5  253  255    0    0   82    0   72    0   47   35  250   15   22   18  207  255   43    0  140    0  140    0  146   31   81  250  165   11   15    0    7    0  140    0  140    0   57   34  169  252  154    4  124    1  151  254  126    0  130    0
118    2   24    1   87    5  253  255    0    0   82    0   72    0   13   37  245   15   26   18  205  255   46    0  140    0  140    0  112   34   83  250  166   11   17    0    8    0  140    0  140    0  100   35  226  252  162    4  200    1  201  254  113    0  122    0
118    2   25    1   87    5  253  255    0    0   82    0   72    0    3   34  245   15   26   18  209  255   42    0  140    0  140    0  207   33   80  250  165   11   10    0    5    0  140    0  140    0  208   34  253  252  143    4  200    1  201  254  113    0  122    0
118    2   26    1   87    5    0    0    0    0   81    0   72    0  126   34  238   15   32   18  204  255   46    0  140    0  140    0   43   34   81  250  165   11   10    0    5    0  140    0  140    0  135   31   69  253  149    4   32    2  241  254  105    0  109    0
118    2   28    1   86    5    6    0  255  255   81    0   72    0   22   30  226   15   43   18  193  255   55    0  140    0  140    0   29   35   82  250  166   11   12    0    6    0  140    0  140    0   47   36  102  253  133    4   32    2  241  254  105    0  109    0
118    2   29    1   86    5    6    0  255  255   81    0   72    0   78   34  218   15   50   18  189  255   59    0  140    0  140    0  116   34   85  250  167   11   16    0    8    0  140    0  140    0  254   33  130  253  111    4   21    2  220  254  109    0  112    0
118    2   29    1   86    5    5    0  255  255   80    0   72    0    6   33  201   15   65   18  174  255   72    0  140    0  140    0  200   34   97  250  173   11   36    0   17    0  140    0  140    0  184   33  142  253   55    4  216    1  191  254   97    0  102    0
118    2   28    1   86    5    3    0    0    0   81    0   72    0  152   36  194   15   71   18  172  255   73    0  140    0  140    0   54   34   99  250  174   11   36    0   17    0  140    0  140    0  215   35  171  253   36    4  216    1  191  254   97    0  102    0
118    2   26    1   87    5  255  255    0    0   81    0   72    0  128   32  194   15   71   18  177  255   68    0  140    0  140    0   57   35  101  250  175   11   36    0   17    0  140    0  140    0  120   30  190  253   21    4  194    1  242  254   87    0   91    0
118    2   27    1   86    5    0    0    0    0   81    0   72    0    7   35  193   15   71   18  182  255   64    0  140    0  140    0   75   35  104  250  176   11   36    0   17    0  140    0  140    0   24   32  219  253    6    4  199    1  243  254   94    0   85    0
118    2   27    1   86    5    0    0    0    0   81    0   72    0  173   32  188   15   76   18  181  255   64    0  140    0  140    0   47   33  106  250  177   11   36    0   17    0  140    0  140    0  168   32  246  253  245    3  199    1  243  254   94    0   85    0
118    2   28    1   86    5    1    0    0    0   81    0   72    0   28   33  176   15   86   18  173  255   71    0  140    0  140    0   82   33  108  250  178   11   36    0   17    0  140    0  140    0  125   33   19  254  228    3  203    1  236  254   99    0   91    0
118    2   26    1   87    5  253  255    0    0   82    0   72    0   30   35  174   15   88   18  176  255   68    0  140    0  140    0  193   33  110  250  180   11   36    0   17    0  140    0  140    0  216   33   47  254  212    3  205    1  232  254  107    0   87    0
118    2   26    1   87    5  254  255    0    0   82    0   72    0   11   33  156   15  104   18  161  255   81    0  140    0  140    0  112   32  113  250  181   11   36    0   17    0  140    0  140    0   21   34   80  254  198    3  219    1  231  254   99    0   86    0
118    2   24    1   87    5  251  255    1    0   82    0   72    0   53   32  154   15  105   18  166  255   77    0  140    0  140    0  229   33  115  250  182   11   36    0   17    0  140    0  140    0   83   32  117  254  174    3  233    1  228  254   87    0   81    0
118    2   23    1   87    5  247  255    1    0   82    0   72    0   21   33  140   15  117   18  156  255   84    0  140    0  140    0  239   31  117  250  183   11   36    0   17    0  140    0  140    0   18   32  147  254  157    3  233    1  228  254   87    0   81    0
118    2   23    1   87    5  251  255    1    0   82    0   72    0  213   34  122   15  132   18  143  255   95    0  140    0  140    0   77   32  119  250  184   11   36    0   17    0  140    0  140    0    7   35  176  254  140    3  233    1  228  254   87    0   81    0
118    2   23    1   87    5  251  255    1    0   82    0   72    0  119   33  113   15  139   18  140  255   97    0  140    0  140    0   13   33  199  254  121    3  219    1  203  254   88    0   78    0
118    2   24    1   87    5  254  255    0    0   82    0   72    0  228   34  105   15  146   18  139  255   98    0  140    0  140    0  138   32  196  254  110    3  159    1  186  254   82    0   72    0
118    2   25    1   87    5    0    0    0    0   82    0   72    0   14   34   93   15  156   18  133  255  102    0  140    0  140    0  198   35  221  254   90    3  159    1  186  254   82    0   72    0
118    2   26    1   87    5    2    0    0    0   82    0   72    0   85   32   90   15  159   18  138  255   97    0  140    0  140    0  224   32  245  254   70    3  156    1  171  254   92    0   75    0
118    2   27    1   86    5    5    0  255  255   83    0   72    0   32   31   90   15  159   18  146  255   91    0  140    0  140    0  124   33   14  255   49    3  156    1  171  254   92    0   75    0
118    2   26    1   87    5    2    0    0    0   84    0   72    0  198   32   96   15  154   18  160  255   80    0  140    0  140    0  230   34   42  255   30    3  162    1  220  254  105    0   85    0
118    2   23    1   87    5  249  255    1    0   85    0   72    0  197   32   94   15  155   18  164  255   76    0  140    0  140    0   11   35   72  255   13    3  175    1  216  254  107    0   84    0
118    2   22    1   87    5  250  255    1    0   89    0   71    0  241   34   94   15  155   18  170  255   71    0  140    0  140    0  177   34   98  255  252    2  175    1  216  254  107    0   84    0
118    2   23    1   87    5  252  255    0    0   90    0   70    0   52   33   96   15  153   18  178  255   64    0  140    0  140    0   37   34  119  255  239    2  168    1  198  254  111    0   91    0
118    2   22    1   87    5  251  255    1    0   92    0   72    0  149   33  103   15  147   18  192  255   53    0  140    0  140    0    6   34  145  255  220    2  168    1  198  254  111    0   91    0
118    2   21    1   88    5  248  255    1    0   96    0   73    0    1   34  113   15  139   18  207  255   40    0  140    0  140    0  177   27  170  255  201    2  168    1  198  254  111    0   91    0
118    2   20    1   88    5  248  255    1    0   96    0   73    0  187   32  110   15  142   18  207  255   41    0  140    0  140    0  156   34  204  255  185    2  184    1  221  254  114    0   97    0
118    2   20    1   88    5  248  255    1    0   96    0   73    0  184   35  114   15  139   18  214  255   35    0  140    0  140    0  211   33  231  255  167    2  184    1  221  254  114    0   97    0
118    2   19    1   88    5  248  255    1    0   96    0   73    0   27   33  105   15  146   18  208  255   40    0  140    0  140    0   15   35    0    0  150    2  184    1  221  254  114    0   97    0
118    2   19    1   88    5  248  255    1    0   96    0   73    0    1   33  116   15  137   18  223  255   28    0  140    0  140    0  117   36   39    0  126    2  203    1  163  254  117    0  102    0
