7    3   16    1   89    5  251  255    1    0  125    0   59    0  220   30   63  250  157   11  178  255  218  255  140    0  140    0  236   31  232   15   39   18  194  255   54    0  140    0  140    0
7    3   16    1   89    5  252  255    0    0  125    0   59    0  124   31   57  250  154   11  176  255  216  255  140    0  140    0   28   36  219   15   50   18  184  255   63    0  140    0  140    0
7    3   18    1   88    5  255  255    0    0  125    0   59    0  213   35   66  250  158   11  203  255  230  255  140    0  140    0  245   31  201   15   66   18  168  255   77    0  140    0  140    0
7    3   17    1   88    5  254  255    0    0  127    0   58    0   87   33   73  250  161   11  221  255  239  255  140    0  140    0  218   34  189   15   76   18  160  255   83    0  140    0  140    0
7    3   19    1   88    5    2    0    0    0  128    0   58    0  214   34   62  250  156   11  206  255  232  255  140    0  140    0   22   35  184   15   80   18  162  255   81    0  140    0  140    0
7    3   19    1   88    5    1    0    0    0  128    0   58    0  240   31   74  250  162   11  234  255  246  255  140    0  140    0  123   36  181   15   83   18  164  255   79    0  140    0  140    0
7    3   20    1   88    5    3    0    0    0  128    0   58    0  196   36   75  250  163   11  238  255  248  255  140    0  140    0    8   34  182   15   82   18  172  255   72    0  140    0  140    0
7    3   18    1   88    5    0    0    0    0  129    0   58    0  123   33   79  250  165   11  248  255  252  255  140    0  140    0   96   32  187   15   77   18  184  255   62    0  140    0  140    0
7    3   17    1   88    5  254  255    0    0  130    0   58    0   42   32   78  250  164   11  247  255  252  255  140    0  140    0  131   35  187   15   77   18  189  255   57    0  140    0  140    0
7    3   15    1   89    5  250  255    1    0  131    0   57    0  215   32   79  250  165   11  250  255  254  255  140    0  140    0  105   32  196   15   70   18  203  255   45    0  140    0  140    0
7    3   15    1   89    5  251  255    1    0  132    0   57    0  140   31   95  250  172   11   23    0   11    0  140    0  140    0  222   33  206   15   61   18  218  255   32    0  140    0  140    0
7    3   17    1   88    5    0    0    0    0  132    0   57    0  245   36   93  250  171   11   17    0    8    0  140    0  140    0  193   34  216   15   52   18  232  255   20    0  140    0  140    0
7    3   17    1   89    5  255  255    0    0  132    0   57    0  251   33   91  250  171   11   12    0    6    0  140    0  140    0  245   33  213   15   55   18  230  255   22    0  140    0  140    0
7    3   16    1   89    5  254  255    0    0  132    0   57    0   12   33   82  250  166   11  251  255  254  255  140    0  140    0  214   32  211   15   56   18  230  255   22    0  140    0  140    0
7    3   16    1   89    5  254  255    0    0  133    0   56    0   45   32   79  250  164   11  244  255  251  255  140    0  140    0  123   36  218   15   50   18  240  255   13    0  140    0  140    0
7    3   15    1   89    5  253  255    0    0  134    0   56    0   64   35   83  250  166   11  253  255  255  255  140    0  140    0   11   34  217   15   51   18  240  255   13    0  140    0  140    0
7    3   17    1   89    5    0    0    0    0  135    0   55    0   94   31   83  250  166   11  254  255  255  255  140    0  140    0   41   33  218   15   50   18  242  255   12    0  140    0  140    0
7    3   16    1   89    5  255  255    0    0  136    0   55    0  144   35   81  250  166   11  251  255  254  255  140    0  140    0  184   29  214   15   54   18  239  255   15    0  140    0  140    0
7    3   18    1   88    5    2    0    0    0  136    0   55    0  214   35   82  250  166   11  253  255  255  255  140    0  140    0  184   35  229   15   41   18    0    0    0    0  140    0  140    0
7    3   18    1   88    5    2    0    0    0  136    0   55    0  110   31   84  250  167   11    1    0    0    0  140    0  140    0  167   33  220   15   49   18  246  255    8    0  140    0  140    0
7    3   20    1   88    5    5    0  255  255  136    0   55    0   81   36   85  250  168   11    3    0    1    0  140    0  140    0   40   34  221   15   48   18  249  255    6    0  140    0  140    0
7    3   19    1   88    5    3    0    0    0  136    0   55    0  103   36   86  250  168   11    5    0    2    0  140    0  140    0  189   35  218   15   50   18  246  255    9    0  140    0  140    0
7    3   21    1   88    5    5    0  255  255  136    0   55    0   17   34   90  250  170   11   10    0    5    0  140    0  140    0  175   33  217   15   51   18  246  255    9    0  140    0  140    0
7    3   20    1   88    5    4    0    0    0  137    0   55    0   10   35   87  250  169   11    4    0    2    0  140    0  140    0  147   33  237   15   33   18   12    0  245  255  140    0  140    0
7    3   22    1   88    5    6    0  255  255  137    0   55    0   63   37   84  250  167   11  254  255    0    0  140    0  140    0  185   32  246   15   25   18   22    0  237  255  140    0  140    0
7    3   22    1   87    5    6    0  255  255  137    0   55    0  191   34   78  250  164   11  243  255  250  255  140    0  140    0   85   33  249   15   23   18   23    0  236  255  140    0  140    0
7    3   20    1   88    5    1    0    0    0  138    0   55    0   80   34   73  250  161   11  235  255  246  255  140    0  140    0  234   31  254   15   19   18   27    0  232  255  140    0  140    0
7    3   19    1   88    5    0    0    0    0  138    0   55    0  215   31   73  250  162   11  238  255  247  255  140    0  140    0    0   35  252   15   20   18   23    0  236  255  140    0  140    0
7    3   19    1   88    5  255  255    0    0  139    0   55    0  216   33   68  250  159   11  232  255  244  255  140    0  140    0  138   32    3   16   14   18   29    0  230  255  140    0  140    0
7    3   18    1   88    5  255  255    0    0  138    0   55    0   35   33   69  250  159   11  235  255  246  255  140    0  140    0  113   36    5   16   12   18   30    0  229  255  140    0  140    0
7    3   19    1   88    5    0    0    0    0  137    0   55    0  214   36   65  250  157   11  229  255  243  255  140    0  140    0  121   34    7   16   10   18   31    0  229  255  140    0  140    0
7    3   18    1   88    5  255  255    0    0  137    0   55    0  189   32   62  250  156   11  228  255  243  255  140    0  140    0  157   33   15   16    3   18   37    0  223  255  140    0  140    0
7    3   17    1   89    5  252  255    0    0  137    0   55    0   29   32   63  250  156   11  232  255  244  255  140    0  140    0  175   34   12   16    6   18   31    0  229  255  140    0  140    0
7    3   17    1   89    5  253  255    0    0  137    0   55    0  190   32   64  250  157   11  237  255  247  255  140    0  140    0  119   34   23   16  252   17   42    0  218  255  140    0  140    0
7    3   17    1   89    5  253  255    0    0  138    0   54    0   30   35   68  250  159   11  247  255  252  255  140    0  140    0  124   34   31   16  245   17   48    0  213  255  140    0  140    0
7    3   18    1   88    5    0    0    0    0  138    0   54    0  238   33   77  250  163   11    8    0    4    0  140    0  140    0  147   33   40   16  236   17   55    0  206  255  140    0  140    0
7    3   18    1   88    5    0    0    0    0  138    0   54    0   23   32   83  250  167   11   19    0    9    0  140    0  140    0  226   33   41   16  236   17   52    0  209  255  140    0  140    0
7    3   20    1   88    5    3    0    0    0  137    0   54    0  155   33   83  250  167   11   17    0    8    0  140    0  140    0   71   28   37   16  239   17   44    0  216  255  140    0  140    0
7    3   19    1   88    5    0    0    0    0  138    0   54    0   25   33   82  250  166   11   12    0    6    0  140    0  140    0   87   33   44   16  233   17   49    0  212  255  140    0  140    0
7    3   19    1   88    5    1    0    0    0  138    0   54    0  142   34   84  250  167   11   14    0    7    0  140    0  140    0  210   32   42   16  234   17   44    0  216  255  140    0  140    0
7    3   19    1   88    5    1    0    0    0  138    0   54    0  235   29   85  250  167   11   15    0    7    0  140    0  140    0   58   35   45   16  232   17   44    0  217  255  140    0  140    0
7    3   18    1   88    5    0    0    0    0  137    0   54    0   35   33   85  250  167   11   13    0    6    0  140    0  140    0   83   32   50   16  227   17   47    0  214  255  140    0  140    0
7    3   18    1   88    5    0    0    0    0  137    0   54    0  124   32   87  250  168   11   16    0    7    0  140    0  140    0  229   34   56   16  222   17   50    0  210  255  140    0  140    0
7    3   19    1   88    5    0    0    0    0  137    0   54    0  195   34   88  250  169   11   15    0    7    0  140    0  140    0  137   33   52   16  225   17   42    0  218  255  140    0  140    0
7    3   17    1   88    5  254  255    0    0  137    0   54    0  146   33   90  250  170   11   17    0    8    0  140    0  140    0  251   33   48   16  229   17   35    0  224  255  140    0  140    0
7    3   17    1   88    5  254  255    0    0  138    0   54    0  108   34   90  250  170   11   15    0    7    0  140    0  140    0   79   32   38   16  238   17   21    0  237  255  140    0  140    0
7    3   17    1   88    5  254  255    0    0  138    0   54    0  200   33   89  250  169   11   12    0    5    0  140    0  140    0  107   37   34   16  242   17   16    0  242  255  140    0  140    0
7    3   17    1   88    5  255  255    0    0  137    0   54    0   73   35   85  250  167   11    4    0    1    0  140    0  140    0  181   34   26   16  249   17    6    0  251  255  140    0  140    0
7    3   16    1   89    5  253  255    0    0  136    0   54    0   36   36   83  250  167   11    0    0    0    0  140    0  140    0  103   31   29   16  247   17    8    0  249  255  140    0  140    0
7    3   14    1   89    5  249  255    1    0  136    0   54    0  150   31   83  250  167   11    0    0    0    0  140    0  140    0   88   31   27   16  248   17    5    0  251  255  140    0  140    0
7    3   13    1   89    5  249  255    1    0  136    0   54    0   34   32   82  250  166   11  255  255    0    0  140    0  140    0   59   33   27   16  248   17    5    0  251  255  140    0  140    0
7    3   13    1   89    5  250  255    1    0  136    0   54    0  129   35   81  250  165   11  252  255  254  255  140    0  140    0  204   34   16   16    2   18  250  255    5    0  140    0  140    0
7    3   13    1   89    5  249  255    1    0  136    0   54    0  223   34   84  250  167   11    1    0    0    0  140    0  140    0   48   34   11   16    6   18  245  255   10    0  140    0  140    0
7    3   14    1   89    5  252  255    0    0  137    0   54    0  236   31   82  250  166   11  255  255    0    0  140    0  140    0  188   34    2   16   14   18  236  255   18    0  140    0  140    0
7    3   16    1   89    5    0    0    0    0  136    0   54    0   90   37   81  250  165   11  252  255  254  255  140    0  140    0   94   36    7   16   10   18  243  255   12    0  140    0  140    0
7    3   16    1   89    5    0    0    0    0  137    0   54    0  123   35   83  250  166   11    0    0    0    0  140    0  140    0  233   35   10   16    7   18  247  255    8    0  140    0  140    0
7    3   15    1   89    5  254  255    0    0  138    0   54    0  204   33   86  250  168   11    5    0    2    0  140    0  140    0  137   35    5   16   12   18  242  255   13    0  140    0  140    0
7    3   14    1   89    5  253  255    0    0  138    0   54    0   58   32   91  250  170   11   14    0    7    0  140    0  140    0   32   31    2   16   14   18  240  255   15    0  140    0  140    0
7    3   13    1   89    5  252  255    0    0  138    0   54    0   97   36   89  250  169   11   10    0    4    0  140    0  140    0  165   32   13   16    4   18  253  255    3    0  140    0  140    0
7    3   14    1   89    5  255  255    0    0  138    0   54    0   70   32   83  250  166   11  253  255  255  255  140    0  140    0  134   35   14   16    3   18  254  255    1    0  140    0  140    0
7    3   15    1   89    5    0    0    0    0  138    0   54    0  176   35   82  250  166   11  252  255  254  255  140    0  140    0   71   32   15   16    3   18  255  255    1    0  140    0  140    0
7    3   16    1   89    5    1    0    0    0  138    0   54    0   16   33   84  250  167   11    0    0    0    0  140    0  140    0  165   33   17   16    1   18    1    0  255  255  140    0  140    0
7    3   16    1   89    5    1    0    0    0  138    0   54    0  173   31   87  250  168   11    4    0    2    0  140    0  140    0    8   36   20   16  254   17    4    0  252  255  140    0  140    0
7    3   16    1   89    5    1    0    0    0  138    0   54    0   78   35   89  250  169   11    8    0    4    0  140    0  140    0  236   32   13   16    4   18  253  255    3    0  140    0  140    0
7    3   15    1   89    5    0    0    0    0  138    0   54    0   17   33   92  250  171   11   14    0    6    0  140    0  140    0  153   31    7   16    9   18  247  255    8    0  140    0  140    0
7    3   15    1   89    5    0    0    0    0  138    0   54    0   51   35   97  250  173   11   22    0   10    0  140    0  140    0   85   34  252   15   20   18  235  255   19    0  140    0  140    0
7    3   14    1   89    5  255  255    0    0  138    0   54    0  117   28   93  250  171   11   10    0    5    0  140    0  140    0  186   30  243   15   28   18  226  255   26    0  140    0  140    0
7    3   15    1   89    5    0    0    0    0  137    0   54    0   55   36   88  250  169   11    0    0    0    0  140    0  140    0  198   33  235   15   35   18  220  255   32    0  140    0  140    0
7    3   14    1   89    5  254  255    0    0  138    0   54    0  148   34   82  250  166   11  246  255  251  255  140    0  140    0  233   34  243   15   28   18  231  255   22    0  140    0  140    0
7    3   14    1   89    5  255  255    0    0  137    0   54    0  186   33   83  250  166   11  249  255  253  255  140    0  140    0  225   34  242   15   28   18  232  255   21    0  140    0  140    0
7    3   16    1   89    5    1    0    0    0  137    0   54    0  175   33   86  250  168   11  254  255    0    0  140    0  140    0   35   35  246   15   25   18  237  255   16    0  140    0  140    0
7    3   14    1   89    5  255  255    0    0  138    0   54    0  214   33   86  250  168   11    0    0    0    0  140    0  140    0  239   32  248   15   23   18  241  255   13    0  140    0  140    0
7    3   14    1   89    5  254  255    0    0  138    0   54    0   93   34   87  250  168   11    1    0    0    0  140    0  140    0   93   33  248   15   23   18  242  255   12    0  140    0  140    0
7    3   15    1   89    5    0    0    0    0  138    0   54    0    2   32   83  250  166   11  249  255  253  255  140    0  140    0   45   33  239   15   31   18  233  255   20    0  140    0  140    0
7    3   16    1   89    5    3    0    0    0  138    0   54    0   34   32   80  250  165   11  245  255  251  255  140    0  140    0   69   31  237   15   32   18  233  255   20    0  140    0  140    0
7    3   16    1   89    5    2    0    0    0  138    0   54    0  159   36   80  250  165   11  246  255  251  255  140    0  140    0   10   34  226   15   42   18  222  255   30    0  140    0  140    0
7    3   18    1   88    5    5    0  255  255  138    0   54    0  189   32   76  250  163   11  239  255  248  255  140    0  140    0  233   33  226   15   43   18  224  255   28    0  140    0  140    0
7    3   18    1   88    5    4    0    0    0  139    0   54    0    5   35   76  250  163   11  243  255  250  255  140    0  140    0   49   34  224   15   44   18  224  255   28    0  140    0  140    0
7    3   19    1   88    5    6    0  255  255  139    0   54    0   66   34   75  250  162   11  241  255  249  255  140    0  140    0  251   33  230   15   39   18  233  255   20    0  140    0  140    0
7    3   20    1   88    5    8    0  255  255  139    0   54    0  248   35   83  250  166   11    2    0    1    0  140    0  140    0  214   31  234   15   35   18  240  255   14    0  140    0  140    0
7    3   20    1   88    5    6    0  255  255  139    0   54    0  131   34   97  250  173   11   27    0   13    0  140    0  140    0  188   32  221   15   46   18  226  255   26    0  140    0  140    0
7    3   20    1   88    5    5    0  255  255  138    0   54    0  247   34  105  250  177   11   39    0   19    0  140    0  140    0  159   33  223   15   45   18  230  255   22    0  140    0  140    0
7    3   21    1   88    5    6    0  255  255  137    0   54    0   23   35  111  250  180   11   46    0   22    0  140    0  140    0  242   33  218   15   49   18  227  255   26    0  140    0  140    0
7    3   20    1   88    5    4    0    0    0  136    0   54    0  234   33  117  250  183   11   53    0   25    0  140    0  140    0   20   35  222   15   45   18  233  255   20    0  140    0  140    0
7    3   19    1   88    5    2    0    0    0  136    0   54    0   22   31  116  250  183   11   45    0   21    0  140    0  140    0    4   34  228   15   40   18  241  255   13    0  140    0  140    0
7    3   19    1   88    5    2    0    0    0  135    0   54    0  191   35  120  250  184   11   47    0   22    0  140    0  140    0  144   32  228   15   40   18  243  255   12    0  140    0  140    0
7    3   19    1   88    5    0    0    0    0  135    0   54    0   16   35  115  250  182   11   32    0   15    0  140    0  140    0  164   30  213   15   53   18  227  255   26    0  140    0  140    0
7    3   17    1   88    5  255  255    0    0  135    0   54    0  161   33  112  250  181   11   24    0   11    0  140    0  140    0   81   33  212   15   54   18  227  255   25    0  140    0  140    0
7    3   17    1   89    5  253  255    0    0  135    0   54    0   51   32  115  250  182   11   27    0   12    0  140    0  140    0  108   34  203   15   62   18  219  255   32    0  140    0  140    0
7    3   15    1   89    5  250  255    1    0  135    0   54    0  168   31  112  250  180   11   17    0    8    0  140    0  140    0  196   33  208   15   57   18  228  255   25    0  140    0  140    0
7    3   15    1   89    5  251  255    1    0  135    0   54    0  190   28  114  250  181   11   19    0    9    0  140    0  140    0   12   32  208   15   58   18  229  255   23    0  140    0  140    0
7    3   14    1   89    5  249  255    1    0  135    0   54    0    8   29  117  250  183   11   22    0   10    0  140    0  140    0   64   32  202   15   63   18  224  255   28    0  140    0  140    0
7    3   13    1   89    5  250  255    1    0  135    0   54    0   47   35  118  250  183   11   22    0   10    0  140    0  140    0  233   33  193   15   70   18  217  255   34    0  140    0  140    0   31   37  162  252  226    4  252    1  160  254  133    0  154    0
7    3   14    1   89    5  251  255    1    0  135    0   54    0  167   34  119  250  183   11   20    0    9    0  140    0  140    0  132   36  187   15   76   18  212  255   38    0  140    0  140    0   96   35  193  252  204    4  252    1  160  254  133    0  154    0
7    3   14    1   89    5  253  255    0    0  135    0   54    0  188   33  120  250  184   11   20    0    9    0  140    0  140    0  188   32  174   15   87   18  201  255   47    0  140    0  140    0  132   31  236  252  191    4   21    2  166  254  133    0  152    0
7    3   14    1   89    5  252  255    0    0  135    0   54    0  125   30  111  250  180   11    2    0    1    0  140    0  140    0  254   33  177   15   85   18  207  255   42    0  140    0  140    0   14   35   12  253  171    4   21    2  166  254  133    0  152    0
7    3   14    1   89    5  253  255    0    0  135    0   54    0   24   34  113  250  181   11    4    0    2    0  140    0  140    0  202   33  175   15   86   18  208  255   41    0  140    0  140    0   57   31   73  253  171    4   75    2  184  254  133    0  150    0
7    3   15    1   89    5    0    0    0    0  135    0   54    0   47   35  113  250  181   11    4    0    2    0  140    0  140    0    7   35  164   15   96   18  200  255   48    0  140    0  140    0   53   36  122  253  164    4  101    2  186  254  133    0  143    0
7    3   16    1   89    5    0    0    0    0  135    0   54    0  235   32  113  250  181   11    4    0    2    0  140    0  140    0  148   34  162   15   97   18  201  255   46    0  140    0  140    0   90   34  159  253  145    4  101    2  186  254  133    0  143    0
7    3   16    1   89    5    1    0    0    0  134    0   54    0    9   35  114  250  181   11    4    0    2    0  140    0  140    0  207   34  164   15   95   18  208  255   41    0  140    0  140    0   93   36  201  253  129    4  111    2  172  254  133    0  142    0
7    3   18    1   88    5    4    0    0    0  134    0   54    0   24   34  114  250  181   11    4    0    2    0  140    0  140    0   68   33  150   15  107   18  195  255   52    0  140    0  140    0   52   31  221  253   95    4   84    2   94  254  127    0  139    0
7    3   18    1   88    5    3    0    0    0  134    0   54    0  128   34  114  250  181   11    4    0    2    0  140    0  140    0   51   34  146   15  111   18  194  255   52    0  140    0  140    0  192   35    1  254   67    4   80    2  141  254  131    0  137    0
7    3   18    1   88    5    3    0    0    0  134    0   54    0   25   35  115  250  182   11    4    0    2    0  140    0  140    0  189   29  140   15  116   18  192  255   54    0  140    0  140    0  100   34   51  254   57    4  108    2  145  254  120    0  132    0
7    3   16    1   89    5    0    0    0    0  135    0   54    0  195   31  115  250  182   11    4    0    2    0  140    0  140    0  173   35  138   15  117   18  194  255   52    0  140    0  140    0  252   34   85  254   32    4  102    2  134  254  126    0  129    0
7    3   15    1   89    5  254  255    0    0  135    0   54    0  123   35  115  250  182   11    4    0    2    0  140    0  140    0   62   32  133   15  122   18  193  255   53    0  140    0  140    0  250   32  119  254  254    3   91    2  122  254  114    0  120    0
7    3   13    1   89    5  251  255    1    0  134    0   54    0  243   32  115  250  182   11    4    0    2    0  140    0  140    0  191   30  125   15  128   18  188  255   57    0  140    0  140    0  141   34  154  254  229    3   88    2  111  254  129    0  125    0
7    3   13    1   89    5  251  255    0    0  133    0   54    0   27   33  116  250  182   11    4    0    2    0  140    0  140    0   93   34  120   15  133   18  187  255   58    0  140    0  140    0  197   35  192  254  200    3   89    2  100  254  117    0  120    0
7    3   13    1   89    5  252  255    0    0  133    0   54    0  247   33  127   15  126   18  200  255   47    0  140    0  140    0    7   35  230  254  175    3   93    2   88  254  119    0  128    0
7    3   11    1   90    5  249  255    1    0  134    0   54    0  200   31   11  255  150    3   93    2   88  254  119    0  128    0   71   36  132   15  123   18  208  255   40    0  140    0  140    0
7    3   10    1   90    5  247  255    1    0  134    0   64    0  207   34   39  255  120    3   76    2   59  254  120    0  133    0   71   36  128   15  126   18  207  255   41    0  140    0  140    0
7    3    9    1   90    5  247  255    1    0  134    0   73    0  227   33   71  255   92    3   68    2   44  254  125    0  130    0  227   31  136   15  119   18  220  255   30    0  140    0  140    0
7    3   11    1   90    5  251  255    1    0  133    0   71    0  231   31  105  255   64    3   68    2   44  254  125    0  130    0  124   32  132   15  123   18  217  255   32    0  140    0  140    0
7    3   13    1   89    5    0    0    0    0  131    0   70    0   40   35  150  255   38    3   87    2   69  254  132    0  128    0  160   36  116   15  135   18  203  255   44    0  140    0  140    0
7    3   18    1   88    5    8    0  255  255  126    0   73    0   99   32  185  255    9    3   83    2   50  254  135    0  130    0   31   29  117   15  135   18  207  255   41    0  140    0  140    0
7    3   19    1   88    5   10    0  254  255  127    0   81    0  112   34  221  255  237    2   82    2   26  254  144    0  130    0  175   34  114   15  137   18  207  255   40    0  140    0  140    0
7    3   22    1   87    5   15    0  253  255  128    0   88    0   57   32  254  255  207    2   76    2    0  254  149    0  131    0   48   33  118   15  134   18  216  255   34    0  140    0  140    0
7    3   23    1   87    5   15    0  253  255  128    0   88    0  181   33   25    0  174    2   61    2  233  253  147    0  132    0  216   32  131   15  123   18  232  255   20    0  140    0  140    0
7    3   24    1   87    5   15    0  253  255  128    0   88    0   43   34   64    0  140    2   70    2  254  253  149    0  139    0   74   35  143   15  113   18  247  255    7    0  140    0  140    0
7    3   25    1   87    5   15    0  253  255  128    0   88    0   25   35   98    0  108    2   64    2  223  253  155    0  142    0  120   30  154   15  104   18    3    0  253  255  140    0  140    0
7    3   26    1   87    5   15    0  253  255  128    0   88    0   66   34  129    0   75    2   52    2  186  253  160    0  140    0  219   33  151   15  106   18    0    0    0    0  140    0  140    0
