212    0  118  248   69   24   75    0   23    0  135    0  133    0  118   33  132    1  148   11    7    0  255  255  133    0  133    0   88   35   12  253  168    6  216  255  239  255  133    0  133    0
212    0  102  248   64   24   36    0   11    0  135    0  133    0  220   35  132    1  148   11    6    0    0    0  133    0  133    0   18   34   10  253  167    6  217  255  239  255  133    0  133    0
212    0   93  248   61   24   14    0    4    0  135    0  133    0   15   34  131    1  148   11    4    0    0    0  133    0  133    0  237   34    8  253  166    6  218  255  239  255  133    0  133    0
212    0   84  248   59   24  254  255    0    0  135    0  133    0   73   34  131    1  148   11    4    0    0    0  133    0  133    0   17   32    5  253  165    6  217  255  239  255  133    0  133    0
212    0   73  248   55   24  232  255  249  255  135    0  133    0  245   31  131    1  148   11    3    0    0    0  133    0  133    0  246   33    3  253  164    6  218  255  239  255  133    0  133    0
212    0   53  248   49   24  196  255  237  255  135    0  133    0  181   34  130    1  148   11    1    0    0    0  133    0  133    0   21   35    1  253  163    6  218  255  239  255  133    0  133    0
212    0   56  248   50   24  209  255  241  255  135    0  133    0  110   33  129    1  149   11    0    0    0    0  133    0  133    0  145   35  255  252  162    6  219  255  239  255  133    0  133    0
212    0   52  248   49   24  208  255  241  255  135    0  133    0  161   32  127    1  149   11  253  255    0    0  133    0  133    0  122   33  253  252  162    6  219  255  240  255  133    0  133    0
212    0   60  248   51   24  227  255  247  255  135    0  133    0  211   33  127    1  149   11  253  255    0    0  133    0  133    0  187   33  251  252  161    6  220  255  240  255  133    0  133    0
212    0   82  248   58   24   17    0    5    0  124    0  123    0  130   32  127    1  149   11  252  255    0    0  133    0  133    0  153   34  251  252  161    6  224  255  242  255  133    0  133    0
212    0   88  248   60   24   26    0    8    0  126    0  125    0  126   33  126    1  149   11  251  255    0    0  133    0  133    0  151   32  250  252  160    6  226  255  243  255  133    0  133    0
212    0   96  248   62   24   38    0   12    0  127    0  126    0  149   34  125    1  149   11  251  255    0    0  133    0  133    0   40   35  251  252  161    6  232  255  245  255  133    0  133    0
212    0  101  248   64   24   44    0   13    0  128    0  127    0  215   35  127    1  149   11  254  255    0    0  133    0  133    0  234   32  252  252  161    6  236  255  247  255  133    0  133    0
212    0   98  248   63   24   32    0   10    0  129    0  128    0  161   36  126    1  149   11  253  255    0    0  133    0  133    0  234   33  252  252  161    6  239  255  248  255  133    0  133    0
212    0   92  248   61   24   16    0    5    0  130    0  129    0  144   32  126    1  149   11  254  255    0    0  133    0  133    0  117   36  254  252  162    6  245  255  251  255  133    0  133    0
212    0   80  248   57   24  249  255  254  255  131    0  130    0   30   34  126    1  149   11  253  255    0    0  133    0  133    0  103   31  255  252  162    6  247  255  252  255  133    0  133    0
212    0   65  248   52   24  221  255  245  255  132    0  131    0   22   36  126    1  149   11  254  255    0    0  133    0  133    0  153   34    1  253  163    6  252  255  254  255  133    0  133    0
212    0   74  248   55   24  243  255  252  255  133    0  132    0  166   32  126    1  149   11  255  255    0    0  133    0  133    0  100   36    0  253  163    6  251  255  254  255  133    0  133    0
212    0   70  248   54   24  236  255  250  255  133    0  133    0   69   33  126    1  149   11  254  255    0    0  133    0  133    0   70   34    1  253  163    6  254  255  255  255  133    0  133    0
212    0   76  248   56   24  250  255  255  255  133    0  133    0   16   31  126    1  149   11  255  255    0    0  133    0  133    0  169   35    2  253  164    6    0    0    0    0  133    0  133    0
212    0   56  248   49   24  213  255  243  255  133    0  133    0  103   34  124    1  149   11  251  255    0    0  133    0  133    0  226   35    3  253  164    6    1    0    0    0  133    0  133    0
212    0   79  248   57   24    4    0    1    0  133    0  133    0   23   32  126    1  149   11  255  255    0    0  133    0  133    0   25   34    4  253  165    6    3    0    1    0  133    0  133    0
212    0   63  248   51   24  230  255  248  255  133    0  133    0   92   33  126    1  149   11    0    0    0    0  133    0  133    0  167   34    6  253  166    6    6    0    2    0  133    0  133    0
212    0   59  248   50   24  226  255  247  255  133    0  133    0  137   34  125    1  149   11  255  255    0    0  133    0  133    0  112   36    6  253  166    6    5    0    2    0  133    0  133    0
212    0   70  248   54   24  250  255  255  255  133    0  133    0  210   33  127    1  149   11    1    0    0    0  133    0  133    0   29   34    4  253  165    6    1    0    0    0  133    0  133    0
212    0   84  248   58   24   21    0    6    0  133    0  133    0  215   35  128    1  149   11    3    0    0    0  133    0  133    0   58   29    2  253  164    6  254  255  255  255  133    0  133    0
212    0   97  248   62   24   43    0   13    0  133    0  133    0  199   33  130    1  148   11    6    0    0    0  133    0  133    0   80   35    3  253  165    6    0    0    0    0  133    0  133    0
212    0   92  248   61   24   29    0    9    0  133    0  133    0  204   33  131    1  148   11    9    0  255  255  133    0  133    0  152   27    3  253  164    6    0    0    0    0  133    0  133    0
212    0   93  248   61   24   26    0    8    0  133    0  133    0   52   35  131    1  148   11    6    0    0    0  133    0  133    0  132   32    2  253  164    6  254  255  255  255  133    0  133    0
212    0   99  248   63   24   36    0   11    0  133    0  133    0  224   36  130    1  148   11    5    0    0    0  133    0  133    0  194   33    2  253  164    6  253  255  255  255  133    0  133    0
212    0   91  248   61   24   16    0    5    0  133    0  133    0  151   33  130    1  148   11    3    0    0    0  133    0  133    0   66   33    1  253  163    6  252  255  255  255  133    0  133    0
212    0   83  248   58   24    0    0    0    0  133    0  133    0   73   35  131    1  148   11    5    0    0    0  133    0  133    0   32   34    1  253  164    6  254  255  255  255  133    0  133    0
212    0   79  248   56   24  247  255  254  255  133    0  133    0   28   32  132    1  148   11    5    0    0    0  133    0  133    0   89   33    1  253  163    6  253  255  255  255  133    0  133    0
212    0   79  248   57   24  249  255  254  255  133    0  133    0  204   30  132    1  148   11    5    0    0    0  133    0  133    0  242   35    1  253  163    6  254  255  255  255  133    0  133    0
212    0   76  248   56   24  244  255  252  255  133    0  133    0  154   35  133    1  148   11    6    0    0    0  133    0  133    0  178   35    3  253  164    6    0    0    0    0  133    0  133    0
212    0   57  248   50   24  209  255  241  255  133    0  133    0  244   33  133    1  148   11    5    0    0    0  133    0  133    0  196   32    7  253  166    6    8    0    3    0  133    0  133    0
212    0   81  248   57   24    4    0    1    0  133    0  133    0   83   34  132    1  148   11    4    0    0    0  133    0  133    0   44   34   12  253  168    6   17    0    7    0  133    0  133    0
212    0   70  248   54   24  239  255  251  255  133    0  133    0  147   34  130    1  148   11    0    0    0    0  133    0  133    0  251   30   18  253  171    6   26    0   11    0  133    0  133    0
212    0   77  248   56   24  255  255    0    0  133    0  133    0  184   34  129    1  149   11  255  255    0    0  133    0  133    0  209   31   24  253  174    6   34    0   15    0  133    0  133    0
212    0   94  248   61   24   30    0    9    0  133    0  133    0   89   37  130    1  148   11    0    0    0    0  133    0  133    0  226   33   30  253  176    6   42    0   18    0  133    0  133    0
212    0  103  248   64   24   43    0   13    0  133    0  133    0  137   33  130    1  148   11    0    0    0    0  133    0  133    0  181   32   33  253  177    6   42    0   18    0  133    0  133    0
212    0  114  248   68   24   59    0   18    0  133    0  133    0  104   35  130    1  148   11    0    0    0    0  133    0  133    0   49   34   39  253  180    6   49    0   20    0  133    0  133    0
212    0  121  248   70   24   67    0   20    0  124    0  122    0  198   36  130    1  148   11  255  255    0    0  133    0  133    0   75   35   46  253  183    6   58    0   24    0  133    0  133    0
212    0  133  248   73   24   81    0   25    0  126    0  124    0  129   34  130    1  148   11    0    0    0    0  133    0  133    0    1   33   53  253  186    6   64    0   26    0  133    0  133    0
212    0  138  248   75   24   81    0   25    0  126    0  124    0  249   30  131    1  148   11    1    0    0    0  133    0  133    0   92   37   45  253  183    6   42    0   18    0  133    0  133    0
212    0  140  248   76   24   77    0   23    0  127    0  126    0  148   33  130    1  148   11    0    0    0    0  133    0  133    0   79   31   48  253  184    6   41    0   17    0  133    0  133    0
212    0  130  248   73   24   49    0   15    0  128    0  127    0  134   30  131    1  148   11    1    0    0    0  133    0  133    0  178   31   44  253  182    6   31    0   13    0  133    0  133    0
212    0  133  248   73   24   49    0   15    0  128    0  127    0  135   35  130    1  148   11    0    0    0    0  133    0  133    0  162   32   49  253  184    6   36    0   15    0  133    0  133    0
212    0  125  248   71   24   28    0    8    0  129    0  128    0  176   32  130    1  148   11    0    0    0    0  133    0  133    0  157   33   41  253  179    6   16    0    7    0  133    0  133    0
212    0  151  248   79   24   73    0   22    0  130    0  129    0  231   35  131    1  148   11    2    0    0    0  133    0  133    0  136   34   42  253  180    6   16    0    7    0  133    0  133    0
212    0  150  248   79   24   63    0   19    0  131    0  130    0   58   34  131    1  148   11    1    0    0    0  133    0  133    0   81   30   43  253  180    6   16    0    7    0  133    0  133    0
212    0  166  248   83   24   84    0   25    0  132    0  131    0   93   31  130    1  148   11    0    0    0    0  133    0  133    0   57   34   44  253  181    6   16    0    7    0  133    0  133    0
212    0  195  248   92   24  127    0   38    0  133    0  132    0   10   33  130    1  148   11    0    0    0    0  133    0  133    0  120   34   48  253  173    6   23    0  199  255  133    0  133    0
212    0  185  248   89   24   96    0   28    0  133    0  133    0  188   32  129    1  149   11  253  255    0    0  133    0  133    0  148   35   15  253  148    6  221  255  172  255  123    0  125    0
212    0  199  248   94   24  112    0   33    0  133    0  133    0   70   37  129    1  148   11  255  255    0    0  133    0  133    0  188   32   12  253  172    6  231  255  176  255  112    0  113    0
212    0  199  248   93   24   98    0   29    0  133    0  133    0  254   33  131    1  148   11    1    0    0    0  133    0  133    0  106   34   10  253  167    6  231  255  176  255  112    0  113    0
212    0  206  248   96   24  101    0   30    0  133    0  133    0  134   33  130    1  148   11    0    0    0    0  133    0  133    0  255   32    9  253  156    6  227  255  172  255  102    0  106    0
212    0  207  248   96   24   91    0   27    0  133    0  133    0   61   35  130    1  148   11    0    0    0    0  133    0  133    0  129   32    7  253  149    6  224  255  172  255  106    0  110    0
212    0  212  248   97   24   90    0   26    0  133    0  133    0  222   34  129    1  149   11  255  255    0    0  133    0  133    0  163   31   16  253  138    6  245  255  181  255   96    0  104    0
212    0  209  248   96   24   74    0   21    0  133    0  133    0  105   32  129    1  149   11  254  255    0    0  133    0  133    0   73   31   19  253  135    6  254  255  185  255  101    0  108    0
212    0  190  248   91   24   29    0    8    0  133    0  133    0  165   34  128    1  149   11  253  255    0    0  133    0  133    0  195   34   50  253  142    6   75    0  221  255   90    0  100    0
212    0  188  248   90   24   21    0    6    0  133    0  133    0  155   32  129    1  149   11  255  255    0    0  133    0  133    0  125   35   58  253  141    6   84    0  223  255   80    0   94    0
212    0  157  248   81   24  217  255  245  255  133    0  133    0   83   37  126    1  149   11  250  255    0    0  133    0  133    0  219   33   66  253  139    6   91    0  225  255   87    0   99    0
212    0  171  248   85   24  248  255  254  255  133    0  133    0  182   33  126    1  149   11  251  255    0    0  133    0  133    0  143   34   71  253  137    6   91    0  225  255   87    0   99    0
212    0  192  248   91   24   32    0    9    0  133    0  133    0  195   35  125    1  149   11  250  255    0    0  133    0  133    0  178   31   78  253  135    6   94    0  226  255   93    0  104    0
212    0  224  248  101   24   90    0   26    0  133    0  133    0  255   28  125    1  149   11  250  255    0    0  133    0  133    0  140   34   99  253  134    6  129    0  239  255   88    0   94    0
212    0  240  248  106   24  110    0   32    0  133    0  133    0  175   31  126    1  149   11  252  255    0    0  133    0  133    0  127   34  108  253  132    6  136    0  179  255   94    0   99    0
212    0  224  248  101   24   67    0   19    0  133    0  133    0  170   33  127    1  149   11  254  255    0    0  133    0  133    0  188   35  100  253  112    6   92    0  156  255   87    0   94    0
212    0  246  248  107   24  102    0   29    0  133    0  133    0  242   34  127    1  149   11  255  255    0    0  133    0  133    0   23   36  104  253  104    6   86    0  152  255   82    0   95    0
212    0  249  248  108   24   95    0   27    0  133    0  133    0  202   33  128    1  149   11    1    0    0    0  133    0  133    0  195   33  106  253   95    6   77    0  149  255   89    0  100    0
212    0    8  249  112   24  113    0   32    0  133    0  133    0   74   34  129    1  149   11    2    0    0    0  133    0  133    0   24   35  108  253   87    6   71    0  146  255   95    0  105    0
212    0   36  249  121   24  154    0   43    0  133    0  133    0  138   34  129    1  149   11    2    0    0    0  133    0  133    0  163   31  125  253   83    6   99    0  157  255   86    0  100    0
212    0   44  249  123   24  151    0   42    0  133    0  133    0  229   32  129    1  149   11    1    0    0    0  133    0  133    0  170   35  107  253   66    6   41    0  135  255   80    0   94    0
212    0   52  249  125   24  149    0   41    0  133    0  133    0  107   32  129    1  149   11    0    0    0    0  133    0  133    0   61   35  109  253   58    6   41    0  135  255   80    0   94    0
212    0   67  249  129   24  161    0   44    0  133    0  133    0   21   33  128    1  149   11    0    0    0    0  133    0  133    0  194   33  109  253   47    6   32    0  130  255   75    0   92    0
212    0   53  249  125   24  116    0   32    0  133    0  133    0  159   30  130    1  148   11    3    0    0    0  133    0  133    0  252   30  111  253   38    6   31    0  130  255   83    0   98    0
212    0   52  249  125   24   99    0   27    0  133    0  133    0    3   36  131    1  148   11    5    0    0    0  133    0  133    0   49   34  112  253   31    6   31    0  130  255   83    0   98    0
212    0   36  249  120   24   58    0   16    0  133    0  133    0  109   31  132    1  148   11    5    0    0    0  133    0  133    0  116   35  128  253   30    6   63    0  144  255   90    0  103    0
212    0   21  249  116   24   22    0    6    0  133    0  133    0  122   29  132    1  148   11    5    0    0    0  133    0  133    0   52   29  132  253   23    6   63    0  144  255   90    0  103    0
212    0   17  249  115   24   12    0    3    0  133    0  133    0  139   34  132    1  148   11    5    0    0    0  133    0  133    0   18   34  100  253    9    6  254  255   52  255   85    0   93    0
212    0  253  248  110   24  230  255  249  255  133    0  133    0  243   33  133    1  148   11    5    0    0    0  133    0  133    0   13   31  104  253  252    5    6    0   49  255   85    0   95    0
212    0  240  248  106   24  209  255  243  255  133    0  133    0  156   32  132    1  148   11    3    0    0    0  133    0  133    0  130   36  108  253  242    5   16    0   52  255   91    0  100    0
212    0  228  248  102   24  191  255  237  255  133    0  133    0   96   35  133    1  148   11    4    0    0    0  133    0  133    0   43   32  109  253  230    5   16    0   52  255   91    0  100    0
212    0  213  248   98   24  170  255  231  255  133    0  133    0  138   31  132    1  148   11    2    0    0    0  133    0  133    0  210   34  133  253  229    5   65    0   75  255   83    0  101    0
212    0  224  248  101   24  201  255  240  255  133    0  133    0  126   35  131    1  148   11    1    0    0    0  133    0  133    0  243   34  136  253  219    5   65    0   75  255   83    0  101    0
212    0  223  248  101   24  205  255  241  255  133    0  133    0  174   31  131    1  148   11    0    0    0    0  133    0  133    0   43   36  200  253  225    5  185    0  124  255   73    0   94    0
212    0  239  248  105   24  240  255  252  255  133    0  133    0  160   35  130    1  148   11  255  255    0    0  133    0  133    0  146   36  212  253  217    5  185    0  124  255   73    0   94    0
212    0  238  248  105   24  240  255  252  255  133    0  133    0  190   34  128    1  149   11  252  255    0    0  133    0  133    0  100   33  207  253  196    5  146    0  104  255   66    0   90    0
212    0  218  248   99   24  205  255  242  255  133    0  133    0  101   36  127    1  149   11  249  255    0    0  133    0  133    0  230   33  215  253  185    5  142    0  103  255   75    0   96    0
212    0  191  248   91   24  161  255  228  255  133    0  133    0  173   35  126    1  149   11  249  255    0    0  133    0  133    0   93   30  223  253  176    5  142    0  103  255   75    0   96    0
212    0  179  248   88   24  150  255  225  255  133    0  133    0   71   32  126    1  149   11  249  255    0    0  133    0  133    0    3   32  226  253  164    5  128    0   97  255   83    0  101    0
212    0  172  248   86   24  150  255  225  255  133    0  133    0   89   34  126    1  149   11  251  255    0    0  133    0  133    0  126   35  226  253  145    5  108    0   90  255   75    0   96    0
212    0  166  248   84   24  150  255  225  255  133    0  133    0   24   37  128    1  149   11  254  255    0    0  133    0  133    0  244   33  232  253  135    5  108    0   90  255   75    0   96    0
212    0  160  248   82   24  150  255  225  255  133    0  133    0  139   34  128    1  149   11  255  255    0    0  133    0  133    0   39   33  245  253  127    5  122    0   95  255   83    0  101    0
212    0  153  248   80   24  150  255  225  255  133    0  133    0  194   34  128    1  149   11  255  255    0    0  133    0  133    0  218   33  239  253  112    5   92    0   84  255   76    0   95    0
212    0  147  248   78   24  150  255  225  255  133    0  133    0   35   34  129    1  149   11    0    0    0    0  133    0  133    0  170   35    6  254  135    5  145    0  104  255   68    0   88    0
212    0  140  248   76   24  150  255  225  255  133    0  133    0  148   32  128    1  149   11    0    0    0    0  133    0  133    0  146   35   22  254  123    5  159    0  107  255   67    0   83    0
212    0  134  248   74   24  150  255  225  255  133    0  133    0   79   36  129    1  149   11    1    0    0    0  133    0  133    0  226   33   33  254  111    5  163    0  108  255   61    0   80    0
212    0  128  248   72   24  150  255  225  255  133    0  133    0  202   31  129    1  149   11    1    0    0    0  133    0  133    0  141   33   50  254  100    5  180    0  112  255   56    0   80    0
212    0  121  248   70   24  150  255  225  255  133    0  133    0   49   34  129    1  149   11    0    0    0    0  133    0  133    0   71   32   63  254   92    5  184    0  113  255   51    0   78    0
212    0  115  248   69   24  150  255  225  255  133    0  133    0   47   34  131    1  148   11    4    0    0    0  133    0  133    0    5   33   75  254   84    5  187    0  113  255   62    0   85    0
95    0   86  254   75    5  187    0  113  255   62    0   85    0    0   35  132    1  148   11    5    0    0    0  133    0  133    0
95    0   80  254   57    5  147    0   37  255   61    0   81    0  161   34  132    1  148   11    5    0    0    0  133    0  133    0
95    0   81  254   42    5  127    0   27  255   54    0   76    0  253   34  132    1  148   11    5    0    0    0  133    0  133    0
95    0   89  254   29    5  128    0   27  255   64    0   84    0  245   33  132    1  148   11    4    0    0    0  133    0  133    0
95    0   99  254   17    5  133    0   29  255   73    0   91    0  203   31  132    1  148   11    3    0    0    0  133    0  133    0
95    0  108  254    4    5  138    0   30  255   81    0   96    0  239   32  133    1  148   11    5    0    0    0  133    0  133    0
95    0  121  254  248    4  150    0   33  255   88    0  101    0  221   34  133    1  148   11    4    0    0    0  133    0  133    0
95    0  131  254  237    4  152    0   33  255   94    0  105    0  153   33  134    1  148   11    6    0    0    0  133    0  133    0
95    0  140  254  224    4  153    0   33  255   89    0  106    0  180   32  134    1  148   11    4    0    0    0  133    0  133    0
95    0  159  254  212    4  174    0   38  255   92    0  104    0   92   27  135    1  148   11    6    0    0    0  133    0  133    0
95    0  188  254  211    4  217    0   48  255   80    0   97    0  165   36  134    1  148   11    3    0    0    0  133    0  133    0
95    0  199  254  197    4  211    0   45  255   74    0  101    0   69   33  133    1  148   11    1    0    0    0  133    0  133    0
95    0  209  254  184    4  205    0   42  255   82    0  105    0   67   33  131    1  148   11  254  255    0    0  133    0  133    0
95    0  222  254  171    4  205    0   42  255   82    0  105    0    5   34  129    1  149   11  250  255    0    0  133    0  133    0
95    0  236  254  158    4  211    0   41  255   81    0  101    0   46   30  127    1  149   11  247  255    1    0  133    0  133    0
95    0  245  254  143    4  200    0   38  255   87    0  107    0  136   33  125    1  149   11  244  255    1    0  133    0  133    0
95    0    1  255  130    4  200    0   38  255   87    0  107    0   83   36  123    1  149   11  242  255    1    0  133    0  133    0
95    0    7  255  116    4  188    0   34  255   93    0  112    0  147   30  122    1  150   11  241  255    2    0  133    0  133    0
95    0   12  255  102    4  175    0   31  255   92    0  110    0  229   33  121    1  150   11  242  255    1    0  133    0  133    0
95    0   22  255   88    4  175    0   31  255   92    0  110    0  238   33  119    1  150   11  239  255    2    0  133    0  133    0
95    0  243  254   62    4   84    0  209  254   82    0   99    0   24   32  118    1  150   11  240  255    2    0  133    0  133    0
95    0  255  254   53    4  108    0  208  254   79    0   93    0  214   35  118    1  150   11  242  255    1    0  133    0  133    0
95    0    6  255   35    4  109    0  207  254   74    0   98    0   45   35  119    1  150   11  245  255    1    0  133    0  133    0
95    0   13  255   16    4  109    0  207  254   74    0   98    0   10   35  119    1  150   11  246  255    1    0  133    0  133    0
95    0   16  255  254    3   99    0  204  254   66    0   97    0  104   33  118    1  150   11  246  255    1    0  133    0  133    0
95    0   24  255  236    3  106    0  206  254   69    0  106    0   37   33  118    1  150   11  247  255    1    0  133    0  133    0
95    0   32  255  218    3  111    0  207  254   76    0  115    0  106   36  118    1  150   11  247  255    1    0  133    0  133    0
95    0   39  255  200    3  111    0  207  254   76    0  115    0  140   35  117    1  150   11  246  255    1    0  133    0  133    0
95    0   72  255  194    3  173    0  220  254   70    0  108    0  124   31  116    1  150   11  246  255    1    0  133    0  133    0
95    0   82  255  178    3  174    0  217  254   77    0  120    0  205   34  116    1  150   11  248  255    1    0  133    0  133    0
95    0   96  255  163    3  182    0  216  254   90    0  128    0  156   32  117    1  150   11  250  255    0    0  133    0  133    0
95    0  107  255  145    3  182    0  216  254   90    0  128    0    6   36  118    1  150   11  253  255    0    0  133    0  133    0
95    0  118  255  127    3  182    0  216  254   90    0  128    0  115   32  117    1  150   11  251  255    0    0  133    0  133    0
95    0  129  255  109    3  182    0  216  254   90    0  128    0   90   32  117    1  150   11  252  255    0    0  133    0  133    0
95    0  149  255   91    3  198    0  212  254   93    0  131    0  109   32  118    1  150   11  255  255    0    0  133    0  133    0  189   33  139  247  247   23  192  255  234  255  140    0  140    0
95    0  160  255   73    3  198    0  212  254   93    0  131    0    2   36  123    1  149   11    7    0    0    0  119    0  122    0  206   35  139  247  247   23  201  255  237  255  140    0  140    0
95    0  174  255   57    3  201    0  208  254  101    0  136    0  148   31  124    1  149   11    9    0  255  255  121    0  124    0  118   31  160  247  254   23  251  255  255  255  140    0  140    0
95    0  186  255   39    3  201    0  208  254  101    0  136    0   73   34  124    1  149   11    7    0    0    0  123    0  126    0  104   37  171  247    2   24   17    0    6    0  140    0  140    0
95    0  202  255   20    3  207    0  203  254   92    0  130    0  246   31  124    1  149   11    7    0    0    0  125    0  127    0  150   34  170  247    2   24   13    0    4    0  140    0  140    0
95    0  215  255    1    3  207    0  203  254   92    0  130    0  132   32  125    1  149   11    7    0    0    0  125    0  127    0   66   36  183  247    7   24   39    0   13    0  140    0  140    0
95    0  229  255  237    2  210    0  197  254   91    0  136    0  129   34  125    1  149   11    7    0    0    0  125    0  127    0  211   32  169  247    2   24    6    0    2    0  140    0  140    0
95    0  246  255  218    2  217    0  193  254  100    0  143    0  198   33  126    1  149   11    7    0    0    0  125    0  127    0  244   34  159  247  254   23  241  255  251  255  140    0  140    0
95    0  250  255  201    2  203    0  192  254  100    0  140    0   23   34  126    1  149   11    7    0    0    0  125    0  127    0  238   29  182  247    6   24   32    0   11    0  140    0  140    0
95    0    5    0  182    2  202    0  188  254  104    0  147    0  221   34  127    1  149   11    7    0    0    0  125    0  127    0  171   35  184  247    7   24   32    0   11    0  140    0  140    0
95    0   17    0  162    2  202    0  188  254  104    0  147    0   67   33  127    1  149   11    7    0    0    0  125    0  127    0  188   32  217  247   18   24   91    0   31    0  140    0  140    0
95    0   37    0  142    2  214    0  177  254   99    0  152    0  103   35  128    1  149   11    7    0    0    0  125    0  127    0  224   32  223  247   20   24   91    0   31    0  140    0  140    0
95    0   51    0  120    2  216    0  171  254  105    0  155    0  102   29  128    1  149   11    7    0    0    0  125    0  127    0   62   34  253  247   31   24  136    0   45    0  140    0  140    0
95    0   64    0  100    2  216    0  171  254  105    0  155    0  239   33  128    1  149   11    7    0    0    0  125    0  127    0    4   32    5  248   34   24  136    0   45    0  140    0  140    0
95    0   79    0   78    2  219    0  158  254  103    0  166    0   53   36  129    1  149   11    7    0    0    0  125    0  127    0  156   34   41  248   46   24  184    0   60    0  140    0  140    0
95    0   92    0   56    2  219    0  158  254  103    0  166    0   29   33   58  248   51   24  194    0   62    0  140    0  140    0
95    0   88    0   41    2  191    0  157  254  107    0  162    0  154   35   96  248   64   24  239    0   75    0  140    0  140    0
95    0   99    0   19    2  191    0  157  254  107    0  162    0  140   33  114  248   69   24  245    0   76    0  140    0  140    0
95    0  111    0  254    1  191    0  157  254  107    0  162    0   83   32  138  248   77   24    6    1   80    0  140    0  140    0
95    0  111    0  238    1  173    0  144  254  111    0  159    0  192   30  135  248   76   24  229    0   70    0  140    0  140    0
95    0  115    0  219    1  162    0  142  254  107    0  154    0   16   33  162  248   84   24  251    0   76    0  140    0  140    0
95    0  125    0  197    1  162    0  142  254  107    0  154    0    4   34  171  248   86   24  241    0   72    0  140    0  140    0
