85    1  132    1  148   11    0    0    0    0  133    0  133    0  181   29  208  253   94    6  254  255    0    0  133    0  133    0
85    1  131    1  148   11  255  255    0    0  133    0  133    0   72   33  208  253   94    6  254  255    0    0  133    0  133    0
85    1  130    1  148   11  254  255    0    0  133    0  133    0  246   31  208  253   94    6  255  255    0    0  133    0  133    0
85    1  131    1  148   11  255  255    0    0  133    0  133    0  184   33  209  253   94    6    0    0    0    0  133    0  133    0
85    1  130    1  148   11  254  255    0    0  133    0  133    0  193   32  209  253   95    6    0    0    0    0  133    0  133    0
85    1  130    1  148   11  255  255    0    0  133    0  133    0  234   32  209  253   94    6    0    0    0    0  133    0  133    0
85    1  130    1  148   11  255  255    0    0  133    0  133    0   50   36  210  253   95    6    2    0    0    0  133    0  133    0
85    1  129    1  148   11  254  255    0    0  133    0  133    0  203   30  210  253   95    6    1    0    0    0  133    0  133    0
85    1  130    1  148   11    0    0    0    0  133    0  133    0  194   33  210  253   95    6    1    0    0    0  133    0  133    0
85    1  130    1  148   11    0    0    0    0  133    0  133    0  110   32  211  253   95    6    2    0    0    0  133    0  133    0
85    1  130    1  148   11    0    0    0    0  133    0  133    0   26   35  210  253   95    6    1    0    0    0  133    0  133    0
85    1  130    1  148   11  255  255    0    0  133    0  133    0  144   31  210  253   95    6    0    0    0    0  133    0  133    0
85    1  130    1  148   11    0    0    0    0  133    0  133    0  191   35  209  253   94    6  255  255    0    0  133    0  133    0
85    1  130    1  148   11  255  255    0    0  133    0  133    0   41   31  209  253   94    6    0    0    0    0  133    0  133    0
85    1  130    1  148   11  255  255    0    0  133    0  133    0   51   33  207  253   94    6  252  255  255  255  133    0  133    0
85    1  129    1  149   11  254  255    0    0  133    0  133    0   75   29  208  253   94    6  255  255    0    0  133    0  133    0
85    1  129    1  149   11  255  255    0    0  133    0  133    0  253   33  207  253   94    6  252  255  255  255  133    0  133    0
85    1  130    1  148   11    0    0    0    0  133    0  133    0  238   32  208  253   94    6  255  255    0    0  133    0  133    0
85    1  130    1  148   11    0    0    0    0  133    0  133    0   23   33  206  253   93    6  250  255  254  255  133    0  133    0
85    1  130    1  148   11    0    0    0    0  133    0  133    0  139   32  208  253   94    6  255  255    0    0  133    0  133    0
85    1  129    1  149   11  254  255    0    0  133    0  133    0  164   32  208  253   94    6  255  255    0    0  133    0  133    0
85    1  129    1  149   11  255  255    0    0  133    0  133    0  159   36  209  253   94    6    0    0    0    0  133    0  133    0
85    1  129    1  149   11  255  255    0    0  133    0  133    0   60   34  208  253   94    6    0    0    0    0  133    0  133    0
85    1  130    1  148   11    0    0    0    0  133    0  133    0    5   35  209  253   94    6    2    0    0    0  133    0  133    0
85    1  129    1  148   11    0    0    0    0  133    0  133    0   50   36  209  253   94    6    0    0    0    0  133    0  133    0
85    1  129    1  148   11    0    0    0    0  133    0  133    0  197   34  209  253   94    6    1    0    0    0  133    0  133    0
85    1  130    1  148   11    0    0    0    0  133    0  133    0   96   23  209  253   94    6    0    0    0    0  133    0  133    0
85    1  130    1  148   11    0    0    0    0  133    0  133    0  150   33  209  253   94    6    1    0    0    0  133    0  133    0
85    1  130    1  148   11    0    0    0    0  133    0  133    0   14   36  209  253   94    6    0    0    0    0  133    0  133    0
85    1  130    1  148   11    0    0    0    0  133    0  133    0   52   33  210  253   94    6    1    0    0    0  133    0  133    0
85    1  131    1  148   11    1    0    0    0  133    0  133    0  164   36  209  253   94    6    1    0    0    0  133    0  133    0
85    1  130    1  148   11    0    0    0    0  133    0  133    0   18   37  210  253   95    6    1    0    0    0  133    0  133    0
85    1  131    1  148   11    2    0    0    0  133    0  133    0   42   34  209  253   94    6    0    0    0    0  133    0  133    0
85    1  131    1  148   11    1    0    0    0  133    0  133    0   57   35  209  253   94    6    0    0    0    0  133    0  133    0
85    1  128    1  149   11  252  255    0    0  133    0  133    0  253   29  208  253   94    6  255  255    0    0  133    0  133    0
85    1  126    1  149   11  249  255    0    0  133    0  133    0   43   31  209  253   94    6    0    0    0    0  133    0  133    0
85    1  123    1  149   11  244  255    1    0  133    0  133    0    4   35  210  253   95    6    1    0    0    0  133    0  133    0
85    1  125    1  149   11  249  255    0    0  133    0  133    0  103   34  209  253   94    6    0    0    0    0  133    0  133    0
85    1  126    1  149   11  252  255    0    0  133    0  133    0   12   35  210  253   95    6    1    0    0    0  133    0  133    0
85    1  127    1  149   11  254  255    0    0  133    0  133    0   23   29  209  253   94    6    0    0    0    0  133    0  133    0
85    1  128    1  149   11    0    0    0    0  133    0  133    0  177   36  210  253   95    6    1    0    0    0  133    0  133    0
85    1  128    1  149   11    0    0    0    0  133    0  133    0  179   34  209  253   94    6    0    0    0    0  133    0  133    0
85    1  128    1  149   11    0    0    0    0  133    0  133    0  105   36  210  253   94    6    0    0    0    0  133    0  133    0
85    1  126    1  149   11  254  255    0    0  133    0  133    0  136   35  209  253   94    6  255  255    0    0  133    0  133    0
85    1  127    1  149   11  255  255    0    0  133    0  133    0  133   33  210  253   94    6    0    0    0    0  133    0  133    0
85    1  126    1  149   11  254  255    0    0  133    0  133    0   18   35  208  253   94    6  253  255  255  255  133    0  133    0
85    1  125    1  149   11  252  255    0    0  133    0  133    0   51   35  210  253   94    6    0    0    0    0  133    0  133    0
85    1  125    1  149   11  253  255    0    0  133    0  133    0    4   35  210  253   94    6    0    0    0    0  133    0  133    0
85    1  124    1  149   11  252  255    0    0  133    0  133    0   30   32  210  253   95    6    1    0    0    0  133    0  133    0
85    1  125    1  149   11  254  255    0    0  133    0  133    0  238   32  210  253   95    6    2    0    0    0  133    0  133    0
85    1  126    1  149   11  255  255    0    0  133    0  133    0  137   35  210  253   95    6    1    0    0    0  133    0  133    0
85    1  127    1  149   11    2    0    0    0  133    0  133    0  209   33  211  253   95    6    2    0    0    0  133    0  133    0
85    1  126    1  149   11    0    0    0    0  133    0  133    0  179   33  210  253   95    6    0    0    0    0  133    0  133    0
85    1  126    1  149   11    0    0    0    0  133    0  133    0   23   37  210  253   95    6    1    0    0    0  133    0  133    0
85    1  128    1  149   11    3    0    0    0  133    0  133    0  246   32  210  253   95    6    0    0    0    0  133    0  133    0
85    1  128    1  149   11    1    0    0    0  133    0  133    0  197   33  211  253   95    6    1    0    0    0  133    0  133    0
85    1  128    1  149   11    2    0    0    0  133    0  133    0   23   33  209  253   94    6  255  255    0    0  133    0  133    0
85    1  128    1  149   11    2    0    0    0  133    0  133    0  185   28  210  253   95    6    0    0    0    0  133    0  133    0
85    1  128    1  149   11    2    0    0    0  133    0  133    0  181   34  207  253   94    6  252  255  255  255  133    0  133    0
85    1  129    1  149   11    3    0    0    0  133    0  133    0   17   35  209  253   94    6  255  255    0    0  133    0  133    0
85    1  129    1  149   11    3    0    0    0  133    0  133    0   32   31  207  253   94    6  252  255  255  255  133    0  133    0
85    1  130    1  148   11    4    0    0    0  133    0  133    0  224   33  209  253   94    6    0    0    0    0  133    0  133    0
85    1  130    1  148   11    3    0    0    0  133    0  133    0   45   32  209  253   94    6    0    0    0    0  133    0  133    0
85    1  130    1  148   11    2    0    0    0  133    0  133    0   83   34  209  253   94    6    0    0    0    0  133    0  133    0
85    1  130    1  148   11    2    0    0    0  133    0  133    0  170   34  210  253   94    6    1    0    0    0  133    0  133    0
85    1  131    1  148   11    4    0    0    0  133    0  133    0  121   34  209  253   94    6  255  255    0    0  133    0  133    0
85    1  129    1  149   11    0    0    0    0  133    0  133    0  147   34  209  253   94    6    0    0    0    0  133    0  133    0
85    1  128    1  149   11  255  255    0    0  133    0  133    0  144   36  206  253   93    6  250  255  254  255  133    0  133    0
85    1  128    1  149   11  255  255    0    0  133    0  133    0  150   34  205  253   93    6  250  255  254  255  133    0  133    0
85    1  129    1  149   11    0    0    0    0  133    0  133    0  127   35  206  253   93    6  252  255  255  255  133    0  133    0
85    1  128    1  149   11  255  255    0    0  133    0  133    0   77   34  204  253   92    6  248  255  254  255  133    0  133    0
85    1  128    1  149   11  255  255    0    0  133    0  133    0  138   31  202  253   92    6  246  255  253  255  133    0  133    0
85    1  126    1  149   11  252  255    0    0  133    0  133    0  237   33  205  253   93    6  254  255    0    0  133    0  133    0
85    1  124    1  149   11  249  255    0    0  133    0  133    0  102   29  206  253   93    6  254  255    0    0  133    0  133    0
85    1  125    1  149   11  252  255    0    0  133    0  133    0   65   36  206  253   93    6    0    0    0    0  133    0  133    0
85    1  127    1  149   11  255  255    0    0  133    0  133    0  196   34  207  253   94    6    0    0    0    0  133    0  133    0
85    1  127    1  149   11    0    0    0    0  133    0  133    0  110   32  210  253   94    6    5    0    1    0  133    0  133    0
85    1  128    1  149   11    1    0    0    0  133    0  133    0  187   30  209  253   96    6    8    0  199  255  133    0  133    0
85    1  128    1  149   11    1    0    0    0  133    0  133    0   42   36  222  253   97    6   32    0  201  255  133    0  133    0
85    1  128    1  149   11    0    0    0    0  133    0  133    0   96   31  221  253   90    6   25    0  197  255  133    0  133    0
85    1  128    1  149   11    0    0    0    0  133    0  133    0   47   34  224  253   86    6   28    0  199  255  133    0  133    0
85    1  127    1  149   11    0    0    0    0  133    0  133    0  126   32  222  253   78    6   18    0  195  255  121    0  126    0
85    1  127    1  149   11    0    0    0    0  133    0  133    0  155   34  209  253   66    6  247  255  186  255  108    0  118    0
85    1  125    1  149   11  253  255    0    0  133    0  133    0  191   33  198  253   66    6  233  255  119  255   96    0  108    0
85    1  125    1  149   11  252  255    0    0  133    0  133    0  201   31  201  253   58    6  242  255  115  255   95    0   99    0
85    1  126    1  149   11  255  255    0    0  133    0  133    0    5   33  221  253   55    6   41    0  135  255   89    0   90    0
85    1  124    1  149   11  252  255    0    0  133    0  133    0    8   35  224  253   48    6   41    0  135  255   89    0   90    0
85    1  124    1  149   11  252  255    0    0  133    0  133    0   14   30  227  253   40    6   44    0  135  255   95    0   96    0
85    1  124    1  149   11  252  255    0    0  133    0  133    0   48   32  233  253   33    6   56    0   78  255   92    0  100    0
85    1  123    1  149   11  251  255    0    0  133    0  133    0  162   33  238  253   22    6   59    0   73  255   98    0  105    0
85    1  124    1  149   11  253  255    0    0  133    0  133    0   68   33  241  253   10    6   57    0   71  255  103    0  109    0
85    1  124    1  149   11  255  255    0    0  133    0  133    0  213   35  244  253  255    5   57    0   71  255  102    0  122    0
85    1  125    1  149   11    0    0    0    0  133    0  133    0  116   35    6  254  246    5   88    0   82  255   91    0  115    0
85    1  126    1  149   11    1    0    0    0  133    0  133    0  255   35   15  254  236    5   94    0   84  255   94    0  124    0
85    1  126    1  149   11    0    0    0    0  133    0  133    0  242   30   18  254  224    5   92    0   23  255   99    0  126    0
85    1  127    1  149   11    2    0    0    0  133    0  133    0   64   32   25  254  210    5   96    0   17  255  102    0  136    0
85    1  127    1  149   11    3    0    0    0  133    0  133    0   24   33   37  254  196    5  108    0   20  255   90    0  128    0
85    1  127    1  149   11    2    0    0    0  133    0  133    0   29   35   52  254  185    5  125    0   26  255   83    0  122    0
85    1  129    1  149   11    5    0    0    0  133    0  133    0   78   32   74  254  173    5  156    0   35  255   75    0  115    0
85    1  129    1  149   11    5    0    0    0  133    0  133    0  162   34   85  254  159    5  159    0   35  255   83    0  118    0
85    1  132    1  148   11   10    0  255  255  133    0  133    0  186   35   87  254  145    5  143    0   30  255   73    0  106    0
85    1  133    1  148   11   10    0  255  255  133    0  133    0  126   28   96  254  130    5  145    0  226  254   81    0  110    0  164   34   85  255  103   20   25  255  249  255  140    0  140    0
85    1  133    1  148   11   10    0  255  255  133    0  133    0   79   36  106  254  115    5  150    0  221  254   78    0  113    0  163   36   87  255  104   20   55  255  250  255  140    0  140    0
85    1  132    1  148   11    7    0    0    0  133    0  133    0   82   32  115  254   97    5  149    0  219  254   91    0  120    0   41   28   75  255  103   20   55  255  250  255  140    0  140    0
85    1  132    1  148   11    5    0    0    0  133    0  133    0  179   35  118  254   81    5  135    0  216  254   82    0  113    0  107   35  102  255  105   20  125  255  253  255  140    0  140    0
85    1  130    1  148   11    1    0    0    0  133    0  133    0  100   30  122  254   64    5  125    0  213  254   87    0  118    0   51   35  120  255  107   20  173  255  255  255  140    0  140    0
85    1  130    1  148   11    0    0    0    0  133    0  133    0   97   34  132  254   47    5  131    0  214  254   87    0  126    0   23   32  114  255  108   20  171  255  254  255  140    0  140    0
85    1  128    1  149   11  253  255    0    0  133    0  133    0  146   30  138  254   28    5  125    0  213  254   91    0  120    0  138   35  101  255  108   20  156  255  254  255  140    0  140    0
85    1  125    1  149   11  248  255    1    0  133    0  133    0  114   33  147  254   10    5  130    0  214  254  100    0  132    0   75   36  121  255  106   20  205  255  255  255  140    0  140    0
85    1  122    1  149   11  244  255    1    0  133    0  133    0  212   35  155  254  248    4  130    0  214  254  100    0  132    0  118   33  118  255  106   20  205  255  255  255  140    0  140    0
85    1  120    1  150   11  241  255    2    0  133    0  133    0  187   35  171  254  230    4  149    0  155  254  103    0  139    0  189   33   56  255  105   20   97  255  252  255  140    0  140    0
85    1  116    1  150   11  236  255    2    0  133    0  133    0   45   33  197  254  212    4  183    0  160  254   97    0  135    0  206   33   54  255  105   20  110  255  251  255  140    0  140    0
85    1  116    1  150   11  237  255    2    0  133    0  133    0  169   34  208  254  191    4  183    0  160  254   97    0  135    0   33   34   77  255  104   20  169  255  254  255  140    0  140    0
85    1  115    1  150   11  237  255    2    0  133    0  133    0  144   35  232  254  175    4  208    0  163  254  101    0  146    0  177   32   72  255  104   20  169  255  254  255  140    0  140    0
85    1  115    1  150   11  240  255    2    0  133    0  133    0   83   35  249  254  153    4  215    0  163  254  103    0  147    0  238   28   67  255  104   20  169  255  254  255  140    0  140    0
85    1  114    1  150   11  241  255    1    0  133    0  133    0  201   36   12  255  133    4  226    0  164  254  101    0  148    0  162   35   61  255  104   20  169  255  254  255  140    0  140    0
85    1  115    1  150   11  244  255    1    0  133    0  133    0   91   32   26  255  112    4  226    0  164  254  101    0  148    0  252   35  155  255  105   20   78    0    4    0  140    0  140    0
85    1  117    1  150   11  249  255    0    0  133    0  133    0   25   36   41  255   91    4  228    0  162  254  101    0  148    0  158   27  160  255  105   20   78    0    4    0  140    0  140    0  231   31   49  247  230   23  121    0   44    0  140    0  140    0
85    1  118    1  150   11  253  255    0    0  133    0  133    0   17   35   60  255   72    4  237    0  161  254  101    0  153    0   93   34  164  255  105   20   78    0    4    0  140    0  140    0  147   32   74  247  238   23  156    0   57    0  140    0  140    0
85    1  119    1  150   11  254  255    0    0  133    0  133    0   33   37   78  255   52    4  243    0  160  254  110    0  152    0  197   33  250  255  105   20  205    0    2    0  140    0  140    0  174   33   72  247  236   23  132    0   48    0  140    0  140    0
85    1  116    1  150   11  249  255    0    0  133    0  133    0   39   34   91  255   32    4  241    0  158  254  110    0  155    0  239   33    6    0  105   20  205    0    2    0  140    0  140    0   92   34   85  247  239   23  143    0   51    0  140    0  140    0
85    1  117    1  150   11  252  255    0    0  133    0  133    0   25   34  115  255   13    4    1    1  156  254  113    0  152    0  196   35   18    0  105   20  205    0    2    0  140    0  140    0  221   33  101  247  244   23  157    0   56    0  140    0  140    0
85    1  115    1  150   11  248  255    1    0  133    0  133    0  102   33  131  255  248    3    1    1  156  254  113    0  152    0  101   34   30    0  105   20  205    0    2    0  140    0  140    0   26   36  129  247  254   23  193    0   68    0  140    0  140    0
85    1  119    1  150   11    0    0    0    0  117    0  122    0  104   34  180  255  220    3   57    1  149  254  102    0  135    0  226   28   43    0  106   20  205    0    2    0  140    0  140    0  241   33  110  247  246   23  133    0   48    0  140    0  140    0
85    1  119    1  150   11    0    0    0    0  119    0  124    0   66   35  200  255  199    3   59    1  143  254  106    0  135    0  187   30   55    0  106   20  205    0    2    0  140    0  140    0  102   32   91  247  239   23   80    0   29    0  140    0  140    0
85    1  119    1  150   11    0    0    0    0  121    0  126    0   16   34  219  255  177    3   61    1  137  254  108    0  139    0   83   35   67    0  106   20  205    0    2    0  140    0  140    0  209   34   81  247  234   23   52    0   19    0  140    0  140    0
85    1  119    1  150   11    1    0    0    0  123    0  127    0  207   36  238  255  154    3   61    1  137  254  108    0  139    0  132   30   80    0  106   20  205    0    2    0  140    0  140    0   28   34   84  247  236   23   52    0   19    0  140    0  140    0
85    1  130    1  147   11   25    0  253  255  125    0  128    0  119   33    2    0  132    3   65    1  124  254  114    0  138    0  140   34   92    0  106   20  205    0    2    0  140    0  140    0  146   32   87  247  237   23   52    0   19    0  140    0  140    0
85    1  132    1  147   11   25    0  253  255  125    0  128    0   49   35   21    0  109    3   65    1  124  254  114    0  138    0  211   34  105    0  106   20  205    0    2    0  140    0  140    0    8   34  183  247   15   24  215    0   77    0  140    0  140    0
85    1  133    1  146   11   25    0  253  255  125    0  128    0   83   35   32    0   84    3   41    1   54  254  111    0  145    0  235   36  196  247   20   24  215    0   77    0  140    0  140    0
85    1  135    1  146   11   25    0  253  255  125    0  128    0  157   33   51    0   57    3   45    1  100  254  154    0  152    0  184   35    7  248   43   24   50    1  102    0  140    0  140    0
85    1  136    1  146   11   25    0  253  255  125    0  128    0  127   31   69    0   32    3   45    1  100  254  154    0  152    0   62   36   18  248   46   24   37    1   96    0  140    0  140    0
85    1  138    1  146   11   25    0  253  255  125    0  128    0  212   31   86    0    6    3   43    1   89  254  161    0  153    0  176   33   61  248   60   24   80    1  108    0  140    0  140    0
85    1  139    1  146   11   25    0  253  255  125    0  128    0   94   30   91    0  237    2   19    1   89  254  148    0  147    0  144   30   87  248   68   24   90    1  109    0  140    0  140    0
85    1  141    1  146   11   25    0  253  255  125    0  128    0   23   34  108    0  212    2   19    1   89  254  148    0  147    0  133   30  120  248   77   24  110    1  113    0  140    0  140    0
85    1  142    1  145   11   25    0  253  255  125    0  128    0  103   33  124    0  186    2   19    1   89  254  148    0  147    0  140   34  114  248   75   24   60    1   98    0  140    0  140    0
85    1  144    1  145   11   25    0  253  255  125    0  128    0  106   34  141    0  161    2   19    1   89  254  148    0  147    0  242   32  119  248   76   24   36    1   90    0  140    0  140    0
85    1  146    1  145   11   25    0  253  255  125    0  128    0   84   35  154    0  134    2   11    1   52  254  134    0  147    0  244   33  132  248   80   24   27    1   87    0  140    0  140    0
85    1  170    0  107    2   11    1   52  254  134    0  147    0  106   31  147  248   84   24   23    1   85    0  140    0  140    0
85    1  188    0   75    2   12    1   21  254  129    0  145    0   74   32  154  248   86   24    4    1   79    0  140    0  140    0
85    1  204    0   46    2   12    1   21  254  129    0  145    0  169   34  169  248   90   24    4    1   79    0  140    0  140    0
85    1  214    0   16    2  254    0  249  253  130    0  144    0  141   32  125  248   77   24  148    0   46    0  140    0  140    0
85    1  231    0  240    1  253    0  225  253  131    0  143    0  254   32  134  248   80   24  148    0   46    0  140    0  140    0
85    1  252    0  204    1   12    1  249  253  134    0  147    0  160   33  126  248   77   24  117    0   36    0  140    0  140    0
195    1  133  248   79   24  117    0   36    0  140    0  140    0  100   28   12    1  173    1   12    1  249  253  134    0  147    0
195    1  121  248   75   24   84    0   26    0  140    0  140    0  108   34   28    1  142    1   12    1  249  253  134    0  147    0
195    1  113  248   73   24   62    0   19    0  140    0  140    0  100   35   44    1  111    1   12    1  249  253  134    0  147    0
195    1  111  248   72   24   52    0   16    0  140    0  140    0  152   32   60    1   79    1   12    1  249  253  134    0  147    0
195    1  148  248   83   24  110    0   34    0  140    0  140    0   37   34   76    1   48    1   12    1  249  253  134    0  147    0
195    1  150  248   83   24  102    0   31    0  140    0  140    0   78   33   67    1   24    1  219    0  222  253  128    0  151    0
195    1  149  248   82   24   90    0   27    0  140    0  140    0   30   35   80    1  248    0  219    0  222  253  128    0  151    0
195    1  150  248   83   24   81    0   24    0  140    0  140    0   25   35   94    1  215    0  219    0  222  253  128    0  151    0
195    1  155  248   84   24   81    0   24    0  140    0  140    0  168   32  107    1  182    0  219    0  222  253  128    0  151    0
195    1  151  248   82   24   64    0   19    0  140    0  140    0  157   32  120    1  149    0  219    0  222  253  128    0  151    0
195    1  158  248   85   24   71    0   21    0  140    0  140    0   18   33  133    1  117    0  219    0  222  253  128    0  151    0
195    1  182  248   92   24  106    0   32    0  140    0  140    0  144   34  146    1   84    0  219    0  222  253  128    0  151    0
195    1  160  248   85   24   55    0   16    0  140    0  140    0  253   31  159    1   51    0  219    0  222  253  128    0  151    0
195    1  148  248   81   24   27    0    8    0  140    0  140    0    3   33  173    1   18    0  219    0  222  253  128    0  151    0
195    1  150  248   82   24   27    0    8    0  140    0  140    0
195    1  132  248   76   24  248  255  254  255  140    0  140    0  249   33  125    1  149   11   10    0  255  255  102    0  113    0
195    1  113  248   70   24  214  255  243  255  140    0  140    0   18   35  126    1  149   11   11    0  255  255  106    0  116    0
195    1  115  248   71   24  222  255  246  255  140    0  140    0  108   33  127    1  149   11   11    0  255  255  110    0  119    0
195    1  109  248   68   24  214  255  243  255  140    0  140    0  118   33  129    1  149   11   14    0  255  255  113    0  121    0
195    1  109  248   68   24  219  255  245  255  140    0  140    0  151   33  130    1  148   11   13    0  255  255  116    0  123    0
195    1  118  248   71   24  240  255  251  255  140    0  140    0  171   36  130    1  148   11   12    0  255  255  119    0  125    0
195    1  102  248   66   24  211  255  242  255  140    0  140    0  231   33  130    1  148   11   11    0  255  255  121    0  126    0
195    1   68  248   55   24  153  255  224  255  140    0  140    0  128   36  132    1  148   11   13    0  255  255  123    0  127    0
195    1   66  248   54   24  161  255  226  255  140    0  140    0  213   31  133    1  148   11   13    0  255  255  125    0  128    0
195    1   76  248   57   24  190  255  236  255  140    0  140    0   65   32  132    1  148   11   10    0  255  255  126    0  129    0
