173   11   20  244  251   20   78    0   45    0  140    0  140    0
173   11   44  244    9   21  111    0   62    0  140    0  140    0
173   11   63  244   19   21  132    0   74    0  140    0  140    0
173   11   54  244   14   21  102    0   57    0  140    0  140    0
173   11   77  244   27   21  132    0   73    0  140    0  140    0
173   11   88  244   33   21  137    0   75    0  140    0  140    0
173   11  105  244   43   21  154    0   84    0  140    0  140    0
173   11  107  244   44   21  141    0   77    0  140    0  140    0
173   11  103  244   41   21  117    0   64    0  140    0  140    0
173   11  102  244   40   21  102    0   56    0  140    0  140    0
173   11  104  244   41   21   94    0   51    0  140    0  140    0
173   11  127  244   54   21  128    0   69    0  140    0  140    0
173   11  126  244   54   21  111    0   60    0  140    0  140    0
173   11  128  244   55   21  102    0   55    0  140    0  140    0
173   11  121  244   51   21   76    0   41    0  140    0  140    0
173   11  125  244   53   21   76    0   41    0  140    0  140    0
173   11   93  244   35   21    7    0    4    0  140    0  140    0
173   11   70  244   23   21  222  255  238  255  140    0  140    0
173   11   37  244    5   21  167  255  206  255  140    0  140    0
173   11   27  244  255   20  159  255  202  255  140    0  140    0
173   11    9  244  245   20  138  255  189  255  140    0  140    0
173   11   12  244  247   20  156  255  199  255  140    0  140    0
173   11   23  244  253   20  185  255  216  255  140    0  140    0
173   11   38  244    5   21  221  255  237  255  140    0  140    0
173   11   37  244    5   21  223  255  238  255  140    0  140    0
173   11   34  244    3   21  220  255  236  255  140    0  140    0
173   11   41  244    7   21  238  255  246  255  140    0  140    0
173   11   34  244    3   21  228  255  240  255  140    0  140    0
173   11   28  244  255   20  218  255  235  255  140    0  140    0
173   11   19  244  250   20  206  255  228  255  140    0  140    0
173   11    7  244  243   20  189  255  218  255  140    0  140    0
173   11   10  244  245   20  203  255  226  255  140    0  140    0
173   11   10  244  245   20  208  255  229  255  140    0  140    0
173   11   17  244  249   20  227  255  240  255  140    0  140    0
173   11   35  244    3   21    7    0    4    0  140    0  140    0
173   11   37  244    4   21   10    0    6    0  140    0  140    0
173   11   43  244    8   21   19    0   11    0  140    0  140    0
173   11   71  244   24   21   71    0   39    0  140    0  140    0
173   11   84  244   31   21   87    0   48    0  140    0  140    0
173   11   85  244   31   21   79    0   44    0  140    0  140    0
173   11   79  244   28   21   59    0   32    0  140    0  140    0
173   11   68  244   22   21   30    0   17    0  140    0  140    0
173   11   64  244   20   21   20    0   11    0  140    0  140    0
173   11   56  244   15   21    2    0    1    0  140    0  140    0
173   11   46  244    9   21  239  255  247  255  140    0  140    0
173   11   35  244    3   21  222  255  237  255  140    0  140    0
173   11   39  244    5   21  232  255  243  255  140    0  140    0
173   11   26  244  254   20  210  255  230  255  140    0  140    0
173   11   43  244    7   21  247  255  251  255  140    0  140    0
173   11   60  244   17   21   24    0   13    0  140    0  140    0
173   11   74  244   25   21   49    0   27    0  140    0  140    0
173   11   65  244   20   21   25    0   14    0  140    0  140    0
173   11   68  244   21   21   28    0   16    0  140    0  140    0
173   11   56  244   15   21    2    0    1    0  140    0  140    0
173   11   60  244   17   21    9    0    5    0  140    0  140    0
173   11   59  244   16   21    6    0    3    0  140    0  140    0
173   11   75  244   25   21   36    0   20    0  140    0  140    0
173   11   62  244   18   21    8    0    4    0  140    0  140    0
173   11   66  244   20   21   15    0    8    0  140    0  140    0
173   11   65  244   20   21   10    0    5    0  140    0  140    0
173   11   55  244   14   21  247  255  251  255  140    0  140    0
173   11   57  244   15   21  252  255  254  255  140    0  140    0
173   11   33  244    2   21  209  255  230  255  140    0  140    0
173   11    3  244  240   20  157  255  200  255  140    0  140    0
173   11  253  243  237   20  157  255  200  255  140    0  140    0
173   11  231  243  225   20  129  255  183  255  140    0  140    0
173   11  234  243  227   20  148  255  194  255  140    0  140    0
173   11  228  243  223   20  148  255  194  255  140    0  140    0
173   11  226  243  222   20  156  255  198  255  140    0  140    0
173   11  253  243  237   20  212  255  232  255  140    0  140    0
173   11    7  244  243   20  234  255  244  255  140    0  140    0
173   11  250  243  236   20  215  255  233  255  140    0  140    0
173   11  245  243  232   20  209  255  229  255  140    0  140    0
173   11    0  244  239   20  235  255  244  255  140    0  140    0
173   11  246  243  233   20  219  255  235  255  140    0  140    0
173   11  234  243  226   20  201  255  225  255  140    0  140    0
173   11  209  243  212   20  162  255  201  255  140    0  140    0
173   11  194  243  203   20  145  255  191  255  140    0  140    0
173   11  215  243  215   20  195  255  221  255  140    0  140    0
173   11  231  243  225   20  233  255  243  255  140    0  140    0
173   11  235  243  227   20  242  255  248  255  140    0  140    0
173   11  240  243  230   20  254  255  255  255  140    0  140    0
173   11  242  243  231   20    0    0    0    0  140    0  140    0
173   11    1  244  239   20   28    0   16    0  140    0  140    0
173   11  247  243  234   20    6    0    3    0  140    0  140    0
173   11  247  243  234   20    6    0    3    0  140    0  140    0
173   11    2  244  240   20   26    0   15    0  140    0  140    0
173   11    5  244  242   20   28    0   16    0  140    0  140    0
173   11   12  244  246   20   38    0   21    0  140    0  140    0
173   11   24  244  253   20   55    0   31    0  140    0  140    0
173   11   20  244  250   20   41    0   23    0  140    0  140    0
173   11    7  244  243   20   13    0    7    0  140    0  140    0
173   11   21  244  251   20   38    0   21    0  140    0  140    0
173   11   30  244    0   21   50    0   28    0  140    0  140    0
173   11   33  244    2   21   50    0   28    0  140    0  140    0
173   11  225  243  221   20  185  255  217  255  140    0  140    0
173   11  206  243  210   20  158  255  199  255  140    0  140    0
173   11  200  243  207   20  158  255  199  255  140    0  140    0
173   11  166  243  187   20  109  255  169  255  140    0  140    0
173   11  162  243  184   20  116  255  173  255  140    0  140    0
173   11  168  243  188   20  141  255  188  255  140    0  140    0
173   11  165  243  186   20  148  255  192  255  140    0  140    0
173   11  150  243  177   20  133  255  183  255  140    0  140    0
173   11  141  243  172   20  131  255  181  255  140    0  140    0
173   11  149  243  177   20  158  255  198  255  140    0  140    0
173   11  133  243  167   20  140  255  186  255  140    0  140    0
173   11  111  243  153   20  114  255  170  255  140    0  140    0
173   11  102  243  148   20  114  255  170  255  140    0  140    0
173   11  108  243  151   20  139  255  185  255  140    0  140    0
173   11  101  243  147   20  139  255  185  255  140    0  140    0
173   11  154  243  180   20  240  255  249  255  140    0  140    0
173   11  175  243  193   20   20    0   12    0  140    0  140    0
173   11  176  243  194   20   20    0   12    0  140    0  140    0
173   11  215  243  217   20   82    0   49    0  140    0  140    0
173   11  224  243  223   20   90    0   52    0  140    0  140    0
173   11  235  243  229   20   98    0   57    0  140    0  140    0
173   11  231  243  227   20   83    0   48    0  140    0  140    0
173   11  236  243  230   20   83    0   48    0  140    0  140    0
173   11    7  244  245   20  118    0   67    0  140    0  140    0
173   11   25  244  255   20  136    0   77    0  140    0  140    0
173   11   30  244    2   21  131    0   74    0  140    0  140    0
173   11   24  244  254   20  108    0   61    0  140    0  140    0
173   11   11  244  247   20   76    0   43    0  140    0  140    0
173   11   15  244  249   20   76    0   43    0  140    0  140    0
173   11    2  244  241   20   45    0   26    0  140    0  140    0
173   11  232  243  227   20    0    0    0    0  140    0  140    0
173   11  223  243  221   20  241  255  248  255  140    0  140    0
173   11  227  243  224   20  250  255  253  255  140    0  140    0
173   11  235  243  228   20    7    0    4    0  140    0  140    0
173   11  221  243  220   20  239  255  246  255  140    0  140    0
173   11  237  243  229   20   13    0    7    0  140    0  140    0
173   11  222  243  221   20  242  255  248  255  140    0  140    0
173   11  224  243  222   20  247  255  251  255  140    0  140    0
173   11  206  243  211   20  215  255  233  255  140    0  140    0
173   11  191  243  202   20  193  255  219  255  140    0  140    0
173   11  190  243  201   20  197  255  222  255  140    0  140    0
173   11  187  243  200   20  199  255  222  255  140    0  140    0
173   11  169  243  189   20  173  255  207  255  140    0  140    0
173   11  160  243  184   20  166  255  202  255  140    0  140    0
173   11  155  243  180   20  166  255  202  255  140    0  140    0
173   11  156  243  181   20  178  255  209  255  140    0  140    0
173   11  157  243  182   20  189  255  216  255  140    0  140    0
173   11  145  243  174   20  174  255  207  255  140    0  140    0
173   11  142  243  173   20  178  255  209  255  140    0  140    0
173   11  166  243  187   20  231  255  242  255  140    0  140    0
173   11  178  243  194   20    0    0    0    0  140    0  140    0
173   11  206  243  211   20   50    0   30    0  140    0  140    0
173   11  211  243  214   20   54    0   32    0  140    0  140    0
173   11  226  243  223   20   78    0   45    0  140    0  140    0
173   11  250  243  237   20  112    0   64    0  140    0  140    0
173   11  249  243  236   20   98    0   56    0  140    0  140    0
173   11   11  244  247   20  121    0   69    0  140    0  140    0
173   11   25  244  255   20  133    0   75    0  140    0  140    0
173   11   44  244   10   21  154    0   86    0  140    0  140    0
173   11   56  244   16   21  158    0   88    0  140    0  140    0
173   11   59  244   17   21  145    0   81    0  140    0  140    0
173   11   67  244   22   21  145    0   81    0  140    0  140    0
173   11   31  244    1   21   62    0   35    0  140    0  140    0
173   11   29  244    1   21   53    0   30    0  140    0  140    0
173   11   56  244   16   21   96    0   54    0  140    0  140    0
173   11   56  244   16   21   85    0   48    0  140    0  140    0
173   11   88  244   33   21  134    0   74    0  140    0  140    0
173   11   96  244   38   21  134    0   74    0  140    0  140    0
173   11   84  244   31   21   97    0   54    0  140    0  140    0
173   11   94  244   36   21  104    0   57    0  140    0  140    0
173   11  100  244   40   21  104    0   57    0  140    0  140    0
173   11  107  244   44   21  106    0   58    0  140    0  140    0
173   11  105  244   42   21   90    0   49    0  140    0  140    0
173   11  110  244   45   21   90    0   49    0  140    0  140    0
173   11  108  244   44   21   78    0   42    0  140    0  140    0
173   11  106  244   43   21   65    0   35    0  140    0  140    0
173   11  113  244   46   21   70    0   38    0  140    0  140    0
173   11  117  244   49   21   70    0   38    0  140    0  140    0
173   11   48  244   11   21  202  255  228  255  140    0  140    0
173   11   44  244    9   21  202  255  228  255  140    0  140    0
173   11  252  243  238   20  126  255  183  255  140    0  140    0
173   11  248  243  236   20  133  255  185  255  140    0  140    0
173   11  229  243  225   20  113  255  174  255  140    0  140    0
173   11  231  243  226   20  131  255  184  255  140    0  140    0
173   11  229  243  224   20  140  255  189  255  140    0  140    0
173   11  223  243  221   20  142  255  190  255  140    0  140    0
173   11  235  243  228   20  177  255  211  255  140    0  140    0
173   11  254  243  239   20  220  255  236  255  140    0  140    0
173   11    8  244  245   20  243  255  249  255  140    0  140    0
173   11   14  244  248   20    0    0    0    0  140    0  140    0
173   11   26  244  255   20   21    0   12    0  140    0  140    0
173   11    4  244  242   20  235  255  244  255  140    0  140    0
173   11    3  244  241   20  234  255  244  255  140    0  140    0
173   11  244  243  233   20  209  255  229  255  140    0  140    0
173   11  250  243  236   20  225  255  239  255  140    0  140    0
173   11   11  244  246   20    3    0    2    0  140    0  140    0
173   11   24  244  253   20   28    0   16    0  140    0  140    0
173   11   39  244    6   21   53    0   30    0  140    0  140    0
173   11   53  244   14   21   74    0   41    0  140    0  140    0
173   11   83  244   31   21  121    0   67    0  140    0  140    0
173   11  102  244   41   21  143    0   78    0  140    0  140    0
173   11  126  244   55   21  173    0   94    0  140    0  140    0
173   11  139  244   62   21  179    0   96    0  140    0  140    0
173   11  126  244   54   21  133    0   72    0  140    0  140    0
173   11  115  244   48   21   97    0   53    0  140    0  140    0
173   11   99  244   39   21   55    0   30    0  140    0  140    0
173   11  102  244   41   21   55    0   30    0  140    0  140    0
173   11   61  244   19   21  230  255  243  255  140    0  140    0
173   11   60  244   18   21  230  255  243  255  140    0  140    0
173   11   29  244    1   21  180  255  213  255  140    0  140    0
173   11   25  244  254   20  180  255  213  255  140    0  140    0
173   11  252  243  238   20  140  255  190  255  140    0  140    0
173   11  226  243  223   20  108  255  171  255  140    0  140    0
173   11  209  243  213   20   95  255  162  255  140    0  140    0
173   11  188  243  201   20   77  255  151  255  140    0  140    0
173   11  162  243  186   20   52  255  135  255  140    0  140    0
173   11  151  243  180   20   54  255  135  255  140    0  140    0
173   11  127  243  165   20   34  255  122  255  140    0  140    0
173   11  124  243  163   20   51  255  132  255  140    0  140    0
173   11  127  243  165   20   78  255  149  255  140    0  140    0
173   11  135  243  169   20  112  255  169  255  140    0  140    0
173   11  139  243  172   20  134  255  183  255  140    0  140    0
173   11  128  243  165   20  128  255  179  255  140    0  140    0
173   11  111  243  155   20  111  255  168  255  140    0  140    0
173   11  126  243  164   20  155  255  195  255  140    0  140    0
173   11  123  243  162   20  160  255  198  255  140    0  140    0
173   11  139  243  172   20  200  255  223  255  140    0  140    0
173   11  148  243  177   20  223  255  236  255  140    0  140    0
173   11  168  243  189   20    6    0    4    0  140    0  140    0
173   11  172  243  192   20   14    0    8    0  140    0  140    0
173   11  166  243  188   20    1    0    0    0  140    0  140    0
173   11  181  243  197   20   28    0   16    0  140    0  140    0
173   11  177  243  195   20   18    0   10    0  140    0  140    0
173   11  158  243  183   20  237  255  245  255  140    0  140    0
173   11  143  243  174   20  212  255  230  255  140    0  140    0
173   11  133  243  168   20  198  255  221  255  140    0  140    0
173   11  141  243  173   20  220  255  235  255  140    0  140    0
173   11  156  243  182   20  251  255  253  255  140    0  140    0
173   11  161  243  184   20    3    0    2    0  140    0  140    0
173   11  178  243  195   20   34    0   20    0  140    0  140    0
173   11  160  243  184   20  254  255  255  255  140    0  140    0
173   11  147  243  176   20  231  255  241  255  140    0  140    0
173   11  154  243  180   20  247  255  251  255  140    0  140    0
173   11  149  243  177   20  237  255  245  255  140    0  140    0
173   11  168  243  188   20   17    0   10    0  140    0  140    0
173   11  202  243  209   20   76    0   45    0  140    0  140    0
173   11  231  243  226   20  121    0   70    0  140    0  140    0
173   11  236  243  229   20  117    0   67    0  140    0  140    0
173   11  237  243  229   20  106    0   61    0  140    0  140    0
173   11  239  243  230   20   98    0   56    0  140    0  140    0
173   11  236  243  228   20   81    0   47    0  140    0  140    0
173   11  230  243  225   20   61    0   35    0  140    0  140    0
173   11  227  243  223   20   50    0   29    0  140    0  140    0
