147    9  222  250  230   11  255  255    0    0  140    0  140    0  255   32   74    1   76    5    8    0  254  255  133    0  133    0   65   35  166   16  119   17   48    0  211  255  140    0  140    0   62   36  117    3   84    5   56    0  220  255  140    0  140    0
147    9  222  250  230   11  254  255  255  255  140    0  140    0    1   30   75    1   76    5    9    0  254  255  133    0  133    0  113   35  154   16  131   17   31    0  228  255  140    0  140    0   58   34  115    3   85    5   49    0  225  255  140    0  140    0
147    9  221  250  230   11  253  255  255  255  140    0  140    0    5   32   74    1   76    5    6    0  255  255  133    0  133    0  180   33  156   16  130   17   31    0  228  255  140    0  140    0   79   34  118    3   83    5   49    0  225  255  140    0  140    0
147    9  217  250  228   11  245  255  252  255  140    0  140    0  200   32   72    1   76    5    2    0    0    0  133    0  133    0   52   36  156   16  130   17   29    0  229  255  140    0  140    0  207   33  121    3   81    5   49    0  225  255  140    0  140    0
147    9  217  250  228   11  248  255  253  255  140    0  140    0  171   29   73    1   76    5    4    0  255  255  133    0  133    0  226   34  153   16  132   17   23    0  234  255  140    0  140    0  192   33  126    3   78    5   52    0  222  255  140    0  140    0
147    9  219  250  229   11  252  255  255  255  140    0  140    0  240   34   71    1   77    5    0    0    0    0  133    0  133    0  160   33  163   16  123   17   33    0  225  255  140    0  140    0  208   33  122    3   82    5   41    0  230  255  140    0  140    0
147    9  223  250  231   11    4    0    1    0  140    0  140    0  148   31   70    1   77    5  255  255    0    0  133    0  133    0   70   34  161   16  124   17   29    0  229  255  140    0  140    0   48   35  125    3   80    5   41    0  229  255  140    0  140    0
147    9  224  250  231   11    4    0    2    0  140    0  140    0  229   32   69    1   77    5  253  255    0    0  133    0  133    0  119   35  153   16  133   17   17    0  240  255  140    0  140    0  216   34  124    3   81    5   35    0  233  255  140    0  140    0
147    9  223  250  231   11    2    0    1    0  140    0  140    0   72   35   68    1   77    5  252  255    1    0  133    0  133    0  221   30  140   16  145   17    1    0  255  255  140    0  140    0  178   32  123    3   82    5   31    0  236  255  140    0  140    0
147    9  220  250  229   11  254  255  255  255  140    0  140    0   75   34   69    1   77    5  254  255    0    0  133    0  133    0   89   32  130   16  155   17  246  255   10    0  140    0  140    0  132   36  122    3   83    5   26    0  240  255  140    0  140    0
147    9  220  250  229   11  252  255  255  255  140    0  140    0  118   33   70    1   77    5  255  255    0    0  133    0  133    0   33   32  126   16  158   17  243  255   13    0  140    0  140    0  240   32  118    3   86    5   14    0  247  255  140    0  140    0
147    9  218  250  229   11  251  255  254  255  140    0  140    0  221   30   72    1   76    5    4    0    0    0  133    0  133    0   87   34  125   16  159   17  243  255   12    0  140    0  140    0   80   34  116    3   87    5   10    0  249  255  140    0  140    0
147    9  211  250  225   11  237  255  248  255  140    0  140    0   90   32   73    1   76    5    5    0  255  255  133    0  133    0   68   33  128   16  156   17  247  255    9    0  140    0  140    0  167   35  109    3   92    5  253  255    2    0  140    0  140    0
147    9  209  250  224   11  235  255  247  255  140    0  140    0   79   35   74    1   76    5    6    0  255  255  133    0  133    0  145   30  127   16  157   17  246  255    9    0  140    0  140    0  224   35  103    3   96    5  241  255    9    0  140    0  140    0
147    9  202  250  221   11  225  255  243  255  140    0  140    0   16   35   73    1   76    5    3    0    0    0  133    0  133    0   89   31  132   16  152   17  253  255    3    0  140    0  140    0   15   34   99    3   99    5  236  255   13    0  140    0  140    0
147    9  203  250  222   11  231  255  245  255  140    0  140    0  103   35   73    1   76    5    2    0    0    0  133    0  133    0  186   34  132   16  152   17  253  255    3    0  140    0  140    0   59   33  103    3   96    5  246  255    6    0  140    0  140    0
147    9  202  250  222   11  232  255  246  255  140    0  140    0  104   29   69    1   77    5  252  255    1    0  133    0  133    0  169   34  151   16  134   17   17    0  240  255  140    0  140    0  105   33  106    3   94    5  253  255    2    0  140    0  140    0
147    9  202  250  221   11  234  255  246  255  140    0  140    0  128   31   67    1   78    5  249  255    1    0  133    0  133    0  163   34  152   16  133   17   17    0  240  255  140    0  140    0  248   37  106    3   95    5  252  255    2    0  140    0  140    0
147    9  205  250  223   11  242  255  250  255  140    0  140    0  138   33   65    1   78    5  245  255    2    0  133    0  133    0  154   36  152   16  133   17   17    0  240  255  140    0  140    0   96   33   95    3  101    5  233  255   14    0  140    0  140    0
147    9  204  250  222   11  243  255  251  255  140    0  140    0   94   33   64    1   78    5  245  255    2    0  133    0  133    0  197   30  155   16  130   17   19    0  238  255  140    0  140    0   99   34   86    3  108    5  217  255   24    0  140    0  140    0
147    9  203  250  222   11  242  255  250  255  140    0  140    0   47   32   65    1   78    5  247  255    2    0  133    0  133    0    3   32  163   16  122   17   27    0  230  255  140    0  140    0  241   31   70    3  117    5  192  255   38    0  140    0  140    0
147    9  201  250  221   11  240  255  249  255  140    0  140    0  152   34   65    1   78    5  248  255    1    0  133    0  133    0  105   31  181   16  105   17   45    0  213  255  140    0  140    0    2   34   56    3  126    5  172  255   50    0  140    0  140    0
147    9  200  250  221   11  240  255  249  255  140    0  140    0   85   33   67    1   78    5  253  255    0    0  133    0  133    0  164   32  180   16  106   17   41    0  217  255  140    0  140    0   60   34   47    3  132    5  165  255   53    0  140    0  140    0
147    9  201  250  221   11  243  255  251  255  140    0  140    0  202   32   66    1   78    5  252  255    1    0  133    0  133    0  243   35  182   16  104   17   40    0  217  255  140    0  140    0  106   35   44    3  133    5  170  255   49    0  140    0  140    0
147    9  200  250  220   11  242  255  250  255  140    0  140    0   52   34   65    1   78    5  252  255    1    0  133    0  133    0  206   34  175   16  111   17   30    0  227  255  140    0  140    0  188   34   48    3  131    5  188  255   39    0  140    0  140    0
147    9  197  250  219   11  239  255  249  255  140    0  140    0  134   37   68    1   77    5    0    0    0    0  133    0  133    0  129   36  177   16  109   17   30    0  227  255  140    0  140    0  217   33   44    3  133    5  188  255   39    0  140    0  140    0
147    9  198  250  220   11  243  255  250  255  140    0  140    0   34   34   69    1   77    5    3    0    0    0  133    0  133    0  158   37  154   16  131   17    2    0  255  255  140    0  140    0  110   35   62    3  123    5  228  255   17    0  140    0  140    0
147    9  195  250  218   11  238  255  248  255  140    0  140    0   61   34   69    1   77    5    3    0    0    0  133    0  133    0   48   34  142   16  143   17  245  255   11    0  140    0  140    0  226   33   60    3  124    5  228  255   17    0  140    0  140    0
147    9  191  250  217   11  234  255  247  255  140    0  140    0  210   31   70    1   77    5    4    0  255  255  133    0  133    0   21   33  141   16  143   17  245  255   11    0  140    0  140    0   37   35   78    3  113    5    6    0  253  255  140    0  140    0
147    9  191  250  217   11  236  255  248  255  140    0  140    0   36   34   71    1   77    5    4    0  255  255  133    0  133    0   58   33  126   16  158   17  228  255   26    0  140    0  140    0    7   33   79    3  113    5    6    0  253  255  140    0  140    0
147    9  190  250  216   11  236  255  248  255  140    0  140    0  219   31   71    1   76    5    5    0  255  255  133    0  133    0   84   32  120   16  164   17  223  255   31    0  140    0  140    0  229   34   79    3  113    5    6    0  253  255  140    0  140    0
147    9  182  250  213   11  223  255  242  255  140    0  140    0   93   34   73    1   76    5    7    0  255  255  133    0  133    0  115   31  119   16  164   17  225  255   29    0  140    0  140    0   91   33   79    3  113    5    6    0  253  255  140    0  140    0
147    9  182  250  213   11  227  255  243  255  140    0  140    0   47   35   72    1   76    5    5    0  255  255  133    0  133    0  134   33  104   16  178   17  210  255   43    0  140    0  140    0  210   33   80    3  113    5    6    0  253  255  140    0  140    0
147    9  179  250  211   11  224  255  242  255  140    0  140    0   48   36   72    1   76    5    4    0  255  255  133    0  133    0   32   32   98   16  184   17  205  255   47    0  140    0  140    0  117   36   80    3  112    5    6    0  253  255  140    0  140    0
147    9  174  250  209   11  219  255  240  255  140    0  140    0  223   35   69    1   77    5    0    0    0    0  133    0  133    0   93   34   99   16  183   17  210  255   43    0  140    0  140    0   58   35   81    3  112    5    6    0  253  255  140    0  140    0
147    9  172  250  208   11  220  255  240  255  140    0  140    0  127   33   69    1   77    5  254  255    0    0  133    0  133    0  145   31   99   16  184   17  213  255   40    0  140    0  140    0  225   35   81    3  112    5    6    0  253  255  140    0  140    0
147    9  180  250  212   11  239  255  249  255  140    0  140    0  248   26   67    1   78    5  251  255    1    0  133    0  133    0  253   31   91   16  190   17  208  255   45    0  140    0  140    0  190   32  133    3   79    5   75    0  209  255  140    0  140    0
147    9  192  250  217   11    6    0    2    0  140    0  140    0  147   34   67    1   78    5  252  255    1    0  133    0  133    0  170   32   92   16  189   17  212  255   40    0  140    0  140    0  180   35  138    3   76    5   75    0  209  255  140    0  140    0
147    9  200  250  221   11   22    0    9    0  140    0  140    0   73   33   66    1   78    5  250  255    1    0  133    0  133    0  240   33   86   16  195   17  208  255   45    0  140    0  140    0  106   35  142    3   73    5   75    0  209  255  140    0  140    0
147    9  206  250  223   11   31    0   13    0  140    0  140    0  235   32   63    1   78    5  246  255    2    0  133    0  133    0  113   34   80   16  200   17  205  255   47    0  140    0  140    0  224   33  147    3   70    5   75    0  209  255  140    0  140    0
147    9  214  250  227   11   42    0   18    0  140    0  140    0   85   32   61    1   79    5  244  255    3    0  133    0  133    0   57   30   70   16  210   17  196  255   55    0  140    0  140    0   89   36  151    3   67    5   75    0  209  255  140    0  140    0
147    9  213  250  226   11   34    0   15    0  140    0  140    0  157   31   61    1   79    5  245  255    2    0  133    0  133    0  135   32   55   16  224   17  183  255   66    0  140    0  140    0   19   31  156    3   64    5   75    0  209  255  140    0  140    0
147    9  215  250  227   11   35    0   15    0  140    0  140    0  184   35   61    1   79    5  246  255    2    0  133    0  133    0   87   33   40   16  237   17  171  255   77    0  140    0  140    0   18   35  160    3   62    5   75    0  209  255  140    0  140    0
147    9  219  250  229   11   38    0   16    0  140    0  140    0  251   30   62    1   79    5  249  255    1    0  133    0  133    0  222   34   37   16  240   17  174  255   74    0  140    0  140    0  111   33  165    3   59    5   75    0  209  255  140    0  140    0  238   33  197  255   93    6    0    0    0    0  140    0  140    0
147    9  221  250  230   11   37    0   16    0  140    0  140    0  177   35   60    1   79    5  246  255    2    0  133    0  133    0   77   34   28   16  248   17  169  255   78    0  140    0  140    0  196   32  169    3   56    5   75    0  209  255  140    0  140    0  208   33  194  255   93    6  251  255    0    0  140    0  140    0
147    9  219  250  229   11   29    0   12    0  140    0  140    0  203   32   60    1   79    5  247  255    2    0  133    0  133    0  128   33   18   16    1   18  163  255   83    0  140    0  140    0  126   33  174    3   53    5   75    0  209  255  140    0  140    0  189   34  194  255   93    6  251  255    0    0  140    0  140    0
147    9  212  250  226   11   12    0    5    0  140    0  140    0  139   34   58    1   80    5  245  255    2    0  133    0  133    0   11   28   23   16  252   17  176  255   72    0  140    0  140    0   69   34  178    3   50    5   75    0  209  255  140    0  140    0   34   36  194  255   93    6  251  255    0    0  140    0  140    0
147    9  208  250  224   11    4    0    1    0  140    0  140    0  202   34   56    1   80    5  242  255    3    0  133    0  133    0   16   34   22   16  253   17  180  255   68    0  140    0  140    0
147    9  204  250  222   11  252  255  255  255  140    0  140    0  200   32   57    1   80    5  246  255    2    0  133    0  133    0   94   35   13   16    5   18  175  255   72    0  140    0  140    0   51   31  184  255   93    6  234  255    0    0  140    0  140    0
147    9  200  250  221   11  246  255  252  255  140    0  140    0  220   32   59    1   79    5  250  255    1    0  133    0  133    0   82   32    4   16   13   18  171  255   76    0  140    0  140    0   69   34  178  255   93    6  227  255  255  255  140    0  140    0
147    9  196  250  219   11  240  255  249  255  140    0  140    0  129   35   59    1   79    5  252  255    1    0  133    0  133    0  211   32  253   15   19   18  168  255   78    0  140    0  140    0    5   32  175  255   93    6  224  255  255  255  140    0  140    0
147    9  191  250  217   11  232  255  245  255  140    0  140    0   25   33   62    1   79    5    0    0    0    0  133    0  133    0   83   31  254   15   18   18  175  255   72    0  140    0  140    0  248   30  174  255   92    6  225  255  255  255  140    0  140    0
147    9  186  250  214   11  224  255  242  255  140    0  140    0  130   34   62    1   79    5    1    0    0    0  133    0  133    0   73   28  254   15   18   18  181  255   66    0  140    0  140    0  130   29  172  255   92    6  226  255  255  255  140    0  140    0
147    9  183  250  213   11  223  255  241  255  140    0  140    0   55   33   63    1   79    5    1    0    0    0  142    0  134    0  243   30    6   16   11   18  195  255   54    0  140    0  140    0  203   33  170  255   92    6  226  255  255  255  140    0  140    0
147    9  177  250  211   11  216  255  238  255  140    0  140    0  128   33   64    1   78    5    4    0  255  255  141    0  134    0  179   32  250   15   22   18  185  255   62    0  140    0  140    0  237   32  175  255   93    6  237  255    0    0  140    0  140    0
147    9  177  250  210   11  219  255  240  255  140    0  140    0   35   32   62    1   79    5    0    0    0    0  140    0  134    0  226   35    0   16   16   18  197  255   52    0  140    0  140    0   39   35  175  255   93    6  239  255    0    0  140    0  140    0
147    9  177  250  211   11  225  255  242  255  140    0  140    0  117   33   64    1   78    5    4    0    0    0  140    0  134    0   69   32  255   15   17   18  199  255   50    0  140    0  140    0  177   34  174  255   92    6  240  255    0    0  140    0  140    0
147    9  182  250  213   11  237  255  248  255  140    0  140    0  127   32   62    1   79    5    0    0    0    0  140    0  134    0  170   33  251   15   21   18  199  255   50    0  140    0  140    0  188   33  174  255   92    6  242  255    0    0  140    0  140    0
147    9  181  250  212   11  238  255  248  255  140    0  140    0  106   35   61    1   79    5  255  255    0    0  140    0  134    0   24   35    9   16    8   18  218  255   33    0  140    0  140    0  217   34  177  255   93    6  249  255    0    0  140    0  140    0
147    9  185  250  214   11  248  255  253  255  140    0  140    0  132   34   59    1   80    5  250  255    1    0  140    0  134    0  136   33   12   16    5   18  224  255   28    0  140    0  140    0  207   30  177  255   93    6  249  255    0    0  140    0  140    0
147    9  191  250  217   11    4    0    1    0  140    0  140    0  119   35   57    1   80    5  248  255    1    0  140    0  134    0  155   30   22   16  253   17  238  255   16    0  140    0  140    0  188   34  177  255   93    6  250  255    0    0  140    0  140    0
147    9  196  250  219   11   12    0    5    0  140    0  140    0  254   32   58    1   80    5  250  255    1    0  140    0  134    0  227   33   36   16  240   17  255  255    1    0  140    0  140    0  225   30  175  255   93    6  247  255    0    0  140    0  140    0
147    9  201  250  221   11   20    0    9    0  140    0  140    0  201   33   59    1   79    5  252  255    0    0  140    0  134    0   78   34   39   16  237   17    2    0  254  255  140    0  140    0  238   32  173  255   92    6  245  255    0    0  140    0  140    0
147    9  205  250  223   11   25    0   11    0  140    0  140    0   78   35   60    1   79    5    0    0    0    0  140    0  134    0  212   36   40   16  236   17    3    0  253  255  140    0  140    0  102   34  169  255   92    6  238  255    0    0  140    0  140    0
147    9  208  250  224   11   27    0   12    0  140    0  140    0  146   33   60    1   79    5    0    0    0    0  140    0  134    0  225   34   31   16  245   17  249  255    7    0  140    0  140    0   10   36  168  255   92    6  238  255    0    0  140    0  140    0
147    9  210  250  225   11   29    0   12    0  140    0  140    0  225   32   61    1   79    5    1    0    0    0  140    0  134    0    2   32   30   16  246   17  248  255    7    0  140    0  140    0   95   33  166  255   92    6  237  255  255  255  140    0  140    0
147    9  209  250  225   11   24    0   10    0  140    0  140    0  225   31   62    1   79    5    3    0    0    0  140    0  134    0  151   33   30   16  245   17  249  255    6    0  140    0  140    0   78   33  165  255   92    6  237  255  255  255  140    0  140    0
147    9  207  250  224   11   16    0    7    0  140    0  140    0  178   30   62    1   79    5    1    0    0    0  140    0  134    0    2   33   32   16  244   17  252  255    4    0  140    0  140    0    0   35  166  255   92    6  242  255    0    0  140    0  140    0
147    9  207  250  224   11   14    0    6    0  140    0  140    0  181   35   64    1   78    5    5    0  255  255  140    0  134    0  207   34   33   16  242   17  254  255    2    0  140    0  140    0   15   37  168  255   92    6  246  255    0    0  140    0  140    0
147    9  204  250  222   11    7    0    3    0  140    0  140    0   26   34   64    1   78    5    5    0  255  255  140    0  134    0  232   33   34   16  242   17  254  255    2    0  140    0  140    0  150   34  167  255   92    6  246  255    0    0  140    0  140    0
147    9  204  250  222   11    7    0    3    0  140    0  140    0  199   34   65    1   78    5    5    0  255  255  140    0  134    0    9   31   35   16  241   17    0    0    0    0  140    0  140    0  222   33  168  255   92    6  250  255    0    0  140    0  140    0
147    9  205  250  223   11    8    0    3    0  140    0  140    0  229   36   64    1   78    5    3    0    0    0  140    0  134    0   36   34   28   16  247   17  248  255    7    0  140    0  140    0  120   34  168  255   92    6  250  255    0    0  140    0  140    0
147    9  209  250  225   11   14    0    6    0  140    0  140    0   85   33   66    1   78    5    7    0  255  255  140    0  134    0  178   30   18   16    0   18  237  255   17    0  140    0  140    0   55   36  167  255   92    6  248  255    0    0  140    0  140    0
147    9  207  250  224   11    9    0    4    0  140    0  140    0  111   34   66    1   78    5    6    0  255  255  140    0  134    0  106   31    8   16    9   18  227  255   26    0  140    0  140    0  147   34  169  255   92    6  253  255    0    0  140    0  140    0
147    9  206  250  223   11    5    0    2    0  140    0  140    0   92   37   67    1   78    5    7    0  255  255  140    0  134    0  241   31   15   16    3   18  237  255   17    0  140    0  140    0  108   32  169  255   92    6  253  255    0    0  140    0  140    0
147    9  209  250  225   11   11    0    4    0  140    0  140    0  199   34   67    1   77    5    7    0  255  255  140    0  134    0  218   34   10   16    7   18  233  255   20    0  140    0  140    0  175   33  167  255   92    6  250  255    0    0  140    0  140    0
147    9  210  250  225   11   12    0    5    0  140    0  140    0   95   29   67    1   77    5    6    0  255  255  140    0  134    0  220   31  254   15   18   18  221  255   31    0  140    0  140    0  147   34  166  255   92    6  250  255    0    0  140    0  140    0
147    9  207  250  224   11    4    0    1    0  140    0  140    0    4   34   67    1   77    5    5    0  255  255  140    0  134    0   71   33  255   15   17   18  224  255   28    0  140    0  140    0   84   33  166  255   92    6  250  255    0    0  140    0  140    0
147    9  201  250  221   11  249  255  253  255  140    0  140    0  214   33   66    1   78    5    3    0    0    0  140    0  134    0    9   32    7   16   10   18  235  255   18    0  140    0  140    0  116   34  159  255   92    6  239  255    0    0  140    0  140    0
147    9  201  250  221   11  249  255  253  255  140    0  140    0  220   32   66    1   78    5    1    0    0    0  140    0  134    0   20   35    6   16   10   18  236  255   18    0  140    0  140    0   95   33  158  255   92    6  239  255    0    0  140    0  140    0
147    9  199  250  220   11  247  255  252  255  140    0  140    0  146   33   64    1   78    5  254  255    0    0  140    0  134    0   42   34   13   16    4   18  245  255    9    0  140    0  140    0   10   32  156  255   91    6  237  255  255  255  140    0  140    0
147    9  198  250  220   11  247  255  252  255  140    0  140    0  216   34   64    1   78    5    0    0    0    0  140    0  134    0  245   31    2   16   14   18  234  255   19    0  140    0  140    0  215   32  157  255   92    6  241  255    0    0  140    0  140    0
147    9  202  250  222   11  255  255    0    0  140    0  140    0   33   33   67    1   77    5    4    0  255  255  140    0  134    0  138   29    7   16    9   18  241  255   14    0  140    0  140    0   96   32  159  255   92    6  245  255    0    0  140    0  140    0
147    9  202  250  221   11  255  255    0    0  140    0  140    0  108   33   66    1   78    5    1    0    0    0  140    0  134    0   59   31   12   16    5   18  247  255    8    0  140    0  140    0  177   34  157  255   92    6  244  255    0    0  140    0  140    0
147    9  203  250  222   11    1    0    0    0  140    0  140    0  228   32   66    1   78    5    2    0    0    0  140    0  134    0  130   34   10   16    6   18  246  255    9    0  140    0  140    0  230   32  158  255   92    6  246  255    0    0  140    0  140    0
147    9  198  250  220   11  248  255  253  255  140    0  140    0   36   36   66    1   78    5    0    0    0    0  140    0  134    0  172   35    8   16    9   18  244  255   11    0  140    0  140    0  165   30  159  255   92    6  249  255    0    0  140    0  140    0
147    9  196  250  219   11  245  255  251  255  140    0  140    0  163   31   65    1   78    5    0    0    0    0  140    0  134    0  177   36  252   15   20   18  231  255   22    0  140    0  140    0   72   35  158  255   92    6  249  255    0    0  140    0  140    0
147    9  192  250  217   11  239  255  249  255  140    0  140    0  184   33   63    1   78    5  252  255    1    0  140    0  134    0  196   31  243   15   27   18  224  255   29    0  140    0  140    0   87   33  159  255   92    6  250  255    0    0  140    0  140    0
147    9  185  250  214   11  227  255  243  255  140    0  140    0  103   34   64    1   78    5  255  255    0    0  140    0  134    0   51   33  247   15   24   18  230  255   23    0  140    0  140    0   24   32  159  255   92    6  252  255    0    0  140    0  140    0
147    9  181  250  212   11  223  255  242  255  140    0  140    0  206   29   64    1   78    5  255  255    0    0  140    0  134    0  193   33  240   15   30   18  224  255   28    0  140    0  140    0  253   34  160  255   92    6  254  255    0    0  140    0  140    0
147    9  188  250  215   11  240  255  249  255  140    0  140    0   29   34   66    1   78    5    1    0    0    0  140    0  134    0  146   36  228   15   40   18  213  255   37    0  140    0  140    0  170   32  161  255   92    6    0    0    0    0  140    0  140    0
147    9  187  250  215   11  240  255  249  255  140    0  140    0   21   33   67    1   78    5    3    0    0    0  140    0  134    0  201   30  233   15   36   18  221  255   30    0  140    0  140    0  116   34  164  255   92    6    4    0    0    0  140    0  140    0
147    9  183  250  213   11  234  255  246  255  140    0  140    0   34   33   67    1   77    5    4    0  255  255  140    0  134    0  223   34  238   15   32   18  229  255   24    0  140    0  140    0   66   34  163  255   92    6    3    0    0    0  140    0  140    0
147    9  185  250  214   11  240  255  249  255  140    0  140    0  237   34   67    1   78    5    2    0    0    0  140    0  134    0  160   33  245   15   25   18  239  255   15    0  140    0  140    0  125   35  164  255   92    6    4    0    0    0  140    0  140    0
147    9  179  250  211   11  231  255  245  255  140    0  140    0  100   31   66    1   78    5    1    0    0    0  140    0  134    0   62   31  235   15   34   18  229  255   24    0  140    0  140    0   61   36  166  255   92    6    8    0    0    0  140    0  140    0
147    9  176  250  210   11  228  255  244  255  140    0  140    0   48   35   67    1   78    5    1    0    0    0  140    0  134    0  199   32  230   15   39   18  225  255   27    0  140    0  140    0   66   33  168  255   92    6   12    0    0    0  140    0  140    0
147    9  176  250  210   11  232  255  245  255  140    0  140    0  210   33   65    1   78    5    0    0    0    0  140    0  134    0   79   29  238   15   31   18  236  255   17    0  140    0  140    0  122   33  176  255   93    6   26    0    1    0  140    0  140    0
147    9  172  250  208   11  227  255  243  255  140    0  140    0  161   34   63    1   79    5  251  255    1    0  140    0  134    0   72   32  242   15   28   18  242  255   12    0  140    0  140    0   10   31  179  255   93    6   28    0    1    0  140    0  140    0
147    9  173  250  209   11  232  255  246  255  140    0  140    0    1   35   64    1   78    5  253  255    0    0  140    0  134    0  137   36  253   15   18   18    0    0    0    0  140    0  140    0  192   35  187  255   93    6   39    0    1    0  140    0  140    0
147    9  177  250  210   11  242  255  250  255  140    0  140    0  106   33   66    1   78    5    1    0    0    0  140    0  134    0  181   32    4   16   12   18    6    0  251  255  140    0  140    0   36   34  196  255   94    6   53    0    2    0  140    0  140    0
147    9  176  250  210   11  242  255  250  255  140    0  140    0   96   34   67    1   78    5    3    0    0    0  140    0  134    0  240   34    4   16   12   18    6    0  251  255  140    0  140    0  168   34  204  255   94    6   61    0    2    0  140    0  140    0
147    9  178  250  211   11  248  255  253  255  140    0  140    0    3   34   70    1   77    5    8    0  254  255  140    0  134    0  215   34   25   16  249   17   28    0  231  255  140    0  140    0   24   37  210  255   94    6   66    0    1    0  140    0  140    0
147    9  174  250  209   11  240  255  249  255  140    0  140    0  220   34   72    1   76    5   11    0  254  255  140    0  134    0   21   35   40   16  236   17   43    0  217  255  140    0  140    0  106   35  211  255   94    6   61    0    1    0  140    0  140    0
147    9  173  250  208   11  241  255  249  255  140    0  140    0  153   37   72    1   76    5   10    0  254  255  140    0  134    0  252   33   55   16  222   17   57    0  204  255  140    0  140    0   22   35  215  255   94    6   61    0    1    0  140    0  140    0
147    9  175  250  210   11  247  255  252  255  140    0  140    0  161   31   72    1   76    5    9    0  254  255  140    0  134    0  172   34   75   16  205   17   75    0  187  255  140    0  140    0   99   30  218  255   94    6   59    0    1    0  140    0  140    0
147    9  180  250  212   11    1    0    0    0  140    0  140    0  108   36   72    1   76    5    7    0  255  255  140    0  134    0  241   36   79   16  201   17   75    0  187  255  140    0  140    0   87   33  221  255   94    6   58    0    1    0  140    0  140    0
147    9  185  250  214   11    9    0    4    0  140    0  140    0   15   32   73    1   76    5    8    0  254  255  140    0  134    0   79   35   82   16  198   17   73    0  189  255  140    0  140    0  212   31  220  255   94    6   50    0    1    0  140    0  140    0
147    9  189  250  216   11   17    0    7    0  140    0  140    0   92   33   72    1   76    5    7    0  255  255  140    0  134    0  119   35   95   16  186   17   84    0  179  255  140    0  140    0  125   35  216  255   94    6   36    0    0    0  140    0  140    0
147    9  197  250  219   11   29    0   13    0  140    0  140    0  133   34   71    1   76    5    4    0    0    0  140    0  134    0   11   32  100   16  181   17   83    0  179  255  140    0  140    0  169   32  210  255   94    6   20    0    0    0  140    0  140    0
147    9  205  250  223   11   42    0   18    0  140    0  140    0  171   34   70    1   77    5    1    0    0    0  140    0  134    0   88   33   97   16  184   17   74    0  188  255  140    0  140    0  232   34  203  255   94    6    4    0    0    0  140    0  140    0
147    9  215  250  227   11   55    0   24    0  140    0  140    0   64   34   72    1   76    5    4    0  255  255  140    0  134    0  196   33   89   16  191   17   60    0  201  255  140    0  140    0  200   34  195  255   94    6  246  255    0    0  140    0  140    0
147    9  219  250  229   11   57    0   25    0  140    0  140    0   29   33   71    1   77    5    2    0    0    0  140    0  134    0  198   31   99   16  182   17   67    0  195  255  140    0  140    0    1   33  189  255   94    6  236  255    0    0  140    0  140    0
147    9  223  250  231   11   57    0   24    0  140    0  140    0  195   33   71    1   76    5    2    0    0    0  140    0  134    0   69   34   96   16  185   17   58    0  202  255  140    0  140    0   66   35  187  255   94    6  234  255    0    0  140    0  140    0
147    9  223  250  231   11   52    0   22    0  140    0  140    0   72   34   71    1   77    5    1    0    0    0  140    0  134    0  119   34   99   16  182   17   58    0  202  255  140    0  140    0  244   35  186  255   93    6  235  255    0    0  140    0  140    0
147    9  229  250  233   11   57    0   24    0  140    0  140    0  245   34   70    1   77    5    0    0    0    0  140    0  134    0  230   31   95   16  186   17   49    0  211  255  140    0  140    0  195   33  187  255   93    6  239  255    0    0  140    0  140    0
147    9  232  250  235   11   55    0   23    0  140    0  140    0  183   31   69    1   77    5  254  255    0    0  140    0  134    0  113   32   84   16  196   17   34    0  225  255  140    0  140    0  103   31  185  255   93    6  237  255    0    0  140    0  140    0
147    9  231  250  234   11   47    0   20    0  140    0  140    0  178   32   67    1   77    5  251  255    1    0  140    0  134    0  130   32   80   16  200   17   27    0  232  255  140    0  140    0  147   32  182  255   93    6  233  255  255  255  140    0  140    0
147    9  231  250  234   11   42    0   18    0  140    0  140    0  174   33   66    1   78    5  250  255    1    0  140    0  134    0   70   34   87   16  194   17   33    0  226  255  140    0  140    0   35   35  178  255   93    6  229  255  255  255  140    0  140    0
147    9  232  250  234   11   38    0   16    0  140    0  140    0   78   34   65    1   78    5  248  255    1    0  140    0  134    0  103   34   85   16  195   17   28    0  230  255  140    0  140    0   22   35  173  255   93    6  222  255  255  255  140    0  140    0
147    9  228  250  233   11   27    0   11    0  140    0  140    0   83   33   64    1   78    5  247  255    2    0  140    0  134    0   43   33   86   16  194   17   28    0  230  255  140    0  140    0  238   34  170  255   93    6  220  255  255  255  140    0  140    0
147    9  228  250  233   11   24    0   10    0  140    0  140    0   42   33   64    1   78    5  248  255    1    0  140    0  134    0   40   34   88   16  192   17   28    0  230  255  140    0  140    0   13   35  166  255   92    6  216  255  254  255  140    0  140    0
147    9  228  250  233   11   21    0    9    0  140    0  140    0  195   32   64    1   78    5  249  255    1    0  140    0  134    0  134   35   77   16  203   17   14    0  244  255  140    0  140    0  237   31  164  255   92    6  217  255  254  255  140    0  140    0
147    9  234  250  235   11   30    0   12    0  140    0  140    0   38   33   64    1   78    5  250  255    1    0  140    0  134    0   46   33   72   16  207   17    7    0  250  255  140    0  140    0  190   35  163  255   92    6  221  255  254  255  140    0  140    0
147    9  237  250  237   11   32    0   13    0  140    0  140    0  246   32   64    1   78    5  251  255    1    0  140    0  134    0   85   33   86   16  194   17   22    0  235  255  140    0  140    0  220   35  162  255   92    6  223  255  255  255  140    0  140    0
147    9  243  250  239   11   39    0   16    0  140    0  140    0    6   37   67    1   78    5    0    0    0    0  140    0  134    0   88   37   82   16  198   17   17    0  241  255  140    0  140    0   84   35  164  255   92    6  231  255  255  255  140    0  140    0
147    9  238  250  237   11   26    0   11    0  140    0  140    0  175   35   66    1   78    5    0    0    0    0  140    0  134    0  127   31   80   16  200   17   12    0  245  255  140    0  140    0  113   35  163  255   92    6  232  255  255  255  140    0  140    0
147    9  241  250  238   11   29    0   12    0  140    0  140    0   26   32   66    1   78    5  255  255    0    0  140    0  134    0  214   35   77   16  203   17    8    0  248  255  140    0  140    0  117   35  164  255   92    6  235  255  255  255  140    0  140    0
147    9  237  250  237   11   17    0    7    0  140    0  140    0  240   31   65    1   78    5  254  255    0    0  140    0  134    0   16   33   70   16  209   17    0    0    0    0  140    0  140    0  162   33  166  255   92    6  242  255    0    0  140    0  140    0
147    9  232  250  235   11    6    0    2    0  140    0  140    0  254   30   63    1   78    5  251  255    1    0  140    0  134    0   53   32   74   16  205   17    5    0  252  255  140    0  140    0  165   30  174  255   93    6    2    0    0    0  140    0  140    0
147    9  230  250  234   11    1    0    0    0  140    0  140    0  231   30   63    1   79    5  250  255    1    0  140    0  134    0  104   33   78   16  202   17    8    0  248  255  140    0  140    0   46   32  176  255   93    6    6    0    0    0  140    0  140    0
147    9  224  250  231   11  248  255  253  255  140    0  140    0  205   33   60    1   79    5  246  255    2    0  140    0  134    0  132   35   79   16  200   17   10    0  247  255  140    0  140    0  121   34  177  255   93    6    6    0    0    0  140    0  140    0
147    9  221  250  230   11  242  255  250  255  140    0  140    0   16   31   60    1   79    5  246  255    2    0  140    0  134    0  201   32   79   16  201   17    8    0  248  255  140    0  140    0  219   33  182  255   93    6   16    0    0    0  140    0  140    0
147    9  221  250  230   11  244  255  251  255  140    0  140    0   75   35   58    1   80    5  244  255    2    0  140    0  134    0  113   34   86   16  194   17   16    0  241  255  140    0  140    0  169   32  182  255   93    6   14    0    0    0  140    0  140    0
147    9  217  250  228   11  237  255  248  255  140    0  140    0   20   31   56    1   80    5  242  255    3    0  140    0  134    0  148   36   76   16  203   17    4    0  253  255  140    0  140    0   89   35  186  255   93    6   19    0    0    0  140    0  140    0
147    9  213  250  227   11  233  255  246  255  140    0  140    0   35   32   55    1   80    5  241  255    3    0  140    0  134    0  224   31   70   16  209   17  253  255    3    0  140    0  140    0  165   32  188  255   93    6   22    0    0    0  140    0  140    0
147    9  212  250  226   11  233  255  246  255  140    0  140    0   62   36   55    1   80    5  244  255    2    0  140    0  134    0   21   35   78   16  201   17    6    0  251  255  140    0  140    0   26   36  190  255   94    6   22    0    0    0  140    0  140    0
147    9  218  250  228   11  247  255  252  255  140    0  140    0  172   33   57    1   80    5  248  255    1    0  140    0  134    0  253   33   71   16  207   17  255  255    1    0  140    0  140    0  188   32  195  255   94    6   29    0    1    0  140    0  140    0
147    9  218  250  229   11  249  255  253  255  140    0  140    0  179   31   56    1   80    5  248  255    1    0  140    0  134    0  201   35   79   16  201   17    6    0  250  255  140    0  140    0  192   32  198  255   94    6   31    0    1    0  140    0  140    0
147    9  215  250  227   11  244  255  251  255  140    0  140    0   40   32   55    1   80    5  247  255    2    0  140    0  134    0  224   33   67   16  211   17  250  255    6    0  140    0  140    0  197   35  200  255   94    6   31    0    1    0  140    0  140    0
147    9  210  250  225   11  236  255  247  255  140    0  140    0    9   34   53    1   81    5  245  255    2    0  140    0  134    0  225   34   67   16  212   17  250  255    6    0  140    0  140    0  208   35  194  255   94    6   18    0    0    0  140    0  140    0
147    9  207  250  224   11  232  255  246  255  140    0  140    0  106   32   53    1   81    5  245  255    2    0  140    0  134    0  131   33   64   16  214   17  248  255    8    0  140    0  140    0  171   34  193  255   94    6   13    0    0    0  140    0  140    0
147    9  203  250  222   11  228  255  244  255  140    0  140    0  102   33   53    1   81    5  247  255    2    0  140    0  134    0   66   33   73   16  206   17    1    0  255  255  140    0  140    0  182   34  187  255   93    6    1    0    0    0  140    0  140    0
147    9  199  250  220   11  223  255  242  255  140    0  140    0  239   32   53    1   81    5  247  255    2    0  148    0  135    0  193   35   72   16  207   17    0    0    0    0  140    0  140    0  134   33  187  255   93    6    1    0    0    0  140    0  140    0
147    9  196  250  219   11  220  255  241  255  140    0  140    0   71   35   52    1   81    5  247  255    2    0  147    0  135    0   43   36   77   16  202   17    5    0  251  255  140    0  140    0   98   35  187  255   93    6    1    0    0    0  140    0  140    0
147    9  191  250  217   11  215  255  238  255  140    0  140    0  242   33   50    1   81    5  244  255    2    0  146    0  135    0  185   35   75   16  204   17    3    0  253  255  140    0  140    0  100   36  188  255   93    6    3    0    0    0  140    0  140    0
147    9  187  250  215   11  212  255  237  255  140    0  140    0  101   33   51    1   81    5  248  255    1    0  145    0  135    0  156   34   82   16  197   17   10    0  247  255  140    0  140    0  205   32  188  255   93    6    3    0    0    0  140    0  140    0
147    9  187  250  215   11  218  255  239  255  140    0  140    0  170   33   53    1   81    5  251  255    1    0  144    0  135    0  192   31   80   16  199   17    7    0  250  255  140    0  140    0  254   33  183  255   93    6  250  255    0    0  140    0  140    0
147    9  196  250  219   11  238  255  249  255  140    0  140    0   20   34   55    1   80    5    0    0    0    0  143    0  135    0  223   34   77   16  202   17    3    0  253  255  140    0  140    0   12   37  179  255   93    6  243  255    0    0  140    0  140    0
147    9  200  250  221   11  249  255  253  255  140    0  140    0  186   27   56    1   80    5    2    0    0    0  142    0  135    0  251   35   79   16  200   17    5    0  251  255  140    0  140    0   72   34  173  255   93    6  234  255  255  255  140    0  140    0
147    9  204  250  222   11    0    0    0    0  140    0  140    0  128   36   59    1   79    5    7    0  255  255  141    0  135    0  134   34   75   16  204   17    0    0    0    0  140    0  140    0  245   33  168  255   92    6  227  255  255  255  140    0  140    0
147    9  205  250  223   11    2    0    1    0  140    0  140    0  140   33   60    1   79    5    8    0  255  255  140    0  135    0  181   34   75   16  204   17    1    0  255  255  140    0  140    0  148   31  167  255   92    6  229  255  255  255  140    0  140    0
147    9  202  250  221   11  253  255  255  255  140    0  140    0  106   31   61    1   79    5   10    0  254  255  140    0  135    0  212   36   72   16  207   17  254  255    2    0  140    0  140    0  173   31  168  255   92    6  233  255  255  255  140    0  140    0
147    9  204  250  223   11    1    0    0    0  140    0  140    0  160   33   62    1   79    5   10    0  254  255  140    0  135    0  100   36   66   16  213   17  247  255    8    0  140    0  140    0  203   35  168  255   92    6  236  255  255  255  140    0  140    0
147    9  204  250  222   11    0    0    0    0  140    0  140    0   11   34   64    1   78    5   12    0  254  255  140    0  135    0   31   33   72   16  206   17  255  255    0    0  140    0  140    0   93   32  165  255   92    6  232  255  255  255  140    0  140    0
147    9  206  250  223   11    4    0    1    0  140    0  140    0  100   33   64    1   78    5   11    0  254  255  140    0  135    0   23   34   77   16  202   17    4    0  252  255  140    0  140    0  185   31  163  255   92    6  232  255  255  255  140    0  140    0
147    9  201  250  221   11  250  255  254  255  140    0  140    0   93   31   64    1   78    5   10    0  254  255  140    0  135    0   93   34   89   16  191   17   16    0  241  255  140    0  140    0  238   34  167  255   92    6  242  255    0    0  140    0  140    0
147    9  193  250  217   11  236  255  248  255  140    0  140    0  223   31   65    1   78    5   11    0  254  255  140    0  135    0   32   33   91   16  189   17   17    0  240  255  140    0  140    0   31   31  167  255   92    6  244  255    0    0  140    0  140    0
147    9  194  250  218   11  240  255  249  255  140    0  140    0   78   29   67    1   77    5   13    0  253  255  140    0  135    0  103   35  101   16  179   17   28    0  230  255  140    0  140    0  211   36  164  255   92    6  240  255    0    0  140    0  140    0
147    9  197  250  219   11  249  255  253  255  140    0  140    0  130   33   68    1   77    5   12    0  253  255  140    0  135    0   40   33  109   16  172   17   34    0  224  255  140    0  140    0    5   33  165  255   92    6  244  255    0    0  140    0  140    0
147    9  201  250  221   11    0    0    0    0  140    0  140    0  221   33   69    1   77    5   13    0  253  255  140    0  135    0  219   36  105   16  176   17   28    0  230  255  140    0  140    0  121   35  166  255   92    6  246  255    0    0  140    0  140    0
147    9  202  250  222   11    2    0    0    0  140    0  140    0   53   33   70    1   77    5   13    0  253  255  140    0  135    0  206   29   94   16  186   17   14    0  243  255  140    0  140    0   45   33  170  255   92    6    0    0    0    0  140    0  140    0
147    9  206  250  223   11    8    0    3    0  140    0  140    0    4   32   71    1   77    5   15    0  253  255  140    0  135    0  231   35   92   16  188   17   10    0  247  255  140    0  140    0   55   34  173  255   93    6    4    0    0    0  140    0  140    0
147    9  207  250  224   11   11    0    4    0  140    0  140    0  102   29   74    1   76    5   19    0  252  255  140    0  135    0  113   33   98   16  183   17   16    0  241  255  140    0  140    0   99   34  174  255   93    6    6    0    0    0  140    0  140    0
147    9  209  250  225   11   13    0    5    0  140    0  140    0  142   32   77    1   75    5   22    0  251  255  140    0  135    0   23   32   96   16  185   17   13    0  244  255  140    0  140    0  155   30  170  255   92    6  254  255    0    0  140    0  140    0
147    9  211  250  225   11   14    0    6    0  140    0  140    0   84   34   78    1   75    5   21    0  251  255  140    0  135    0   76   29  104   16  177   17   21    0  237  255  140    0  140    0    1   33  169  255   92    6  253  255    0    0  140    0  140    0
147    9  214  250  227   11   19    0    8    0  140    0  140    0   65   34   79    1   75    5   20    0  251  255  140    0  135    0  145   35  103   16  178   17   18    0  239  255  140    0  140    0  128   35  169  255   92    6  254  255    0    0  140    0  140    0
147    9  218  250  228   11   23    0   10    0  140    0  140    0   87   30   79    1   74    5   19    0  252  255  140    0  135    0   55   35  108   16  173   17   23    0  235  255  140    0  140    0   15   34  170  255   92    6  255  255    0    0  140    0  140    0
147    9  220  250  229   11   26    0   11    0  140    0  140    0  204   33   80    1   74    5   18    0  252  255  140    0  135    0  161   32  113   16  168   17   27    0  231  255  140    0  140    0   77   34  172  255   92    6    2    0    0    0  140    0  140    0
147    9  226  250  232   11   34    0   14    0  140    0  140    0  174   31   80    1   74    5   16    0  252  255  140    0  135    0  184   33  123   16  159   17   36    0  222  255  140    0  140    0  188   34  167  255   92    6  250  255    0    0  140    0  140    0
147    9  227  250  233   11   32    0   14    0  140    0  140    0   17   32   81    1   74    5   16    0  252  255  140    0  135    0  182   32  124   16  158   17   35    0  223  255  140    0  140    0  242   35  167  255   92    6  251  255    0    0  140    0  140    0
147    9  229  250  233   11   32    0   13    0  140    0  140    0  179   34   81    1   74    5   14    0  253  255  140    0  135    0  200   30  129   16  153   17   38    0  220  255  140    0  140    0  147   33  164  255   92    6  246  255    0    0  140    0  140    0
147    9  230  250  234   11   30    0   13    0  140    0  140    0   54   31   80    1   74    5   11    0  254  255  140    0  135    0   65   33  130   16  153   17   36    0  222  255  140    0  140    0  155   34  164  255   92    6  246  255    0    0  140    0  140    0
147    9  226  250  232   11   18    0    8    0  140    0  140    0   65   34   77    1   75    5    4    0  255  255  140    0  135    0  111   30  123   16  159   17   26    0  232  255  140    0  140    0  143   35  171  255   92    6    4    0    0    0  140    0  140    0
147    9  222  250  230   11   10    0    4    0  140    0  140    0  187   33   75    1   76    5    0    0    0    0  140    0  135    0   43   35  130   16  153   17   32    0  226  255  140    0  140    0   86   33  172  255   92    6    6    0    0    0  140    0  140    0
147    9  219  250  229   11    3    0    1    0  140    0  140    0  233   32   74    1   76    5  254  255    0    0  140    0  135    0  127   34  128   16  155   17   28    0  230  255  140    0  140    0  162   32  170  255   92    6    1    0    0    0  140    0  140    0
147    9  219  250  229   11    1    0    0    0  140    0  140    0    0   32   73    1   76    5  252  255    1    0  140    0  135    0  182   32  128   16  154   17   26    0  232  255  140    0  140    0  221   35  167  255   92    6  252  255    0    0  140    0  140    0
147    9  221  250  230   11    5    0    2    0  140    0  140    0  146   35   74    1   76    5  255  255    0    0  140    0  135    0   46   32  123   16  159   17   19    0  238  255  140    0  140    0   23   34  165  255   92    6  249  255    0    0  140    0  140    0
147    9  225  250  231   11   12    0    5    0  140    0  140    0  176   33   75    1   76    5    0    0    0    0  140    0  135    0  232   33  117   16  165   17   11    0  246  255  140    0  140    0  165   33  162  255   92    6  244  255    0    0  140    0  140    0
147    9  230  250  234   11   20    0    8    0  140    0  140    0   80   35   74    1   76    5  255  255    0    0  140    0  135    0   49   35  113   16  169   17    5    0  251  255  140    0  140    0   59   33  164  255   92    6  249  255    0    0  140    0  140    0
147    9  234  250  235   11   26    0   11    0  140    0  140    0   81   34   73    1   76    5  254  255    0    0  140    0  135    0  195   27  102   16  179   17  250  255    6    0  140    0  140    0  174   34  165  255   92    6  252  255    0    0  140    0  140    0
147    9  235  250  236   11   25    0   10    0  140    0  140    0  184   29   73    1   76    5  253  255    0    0  140    0  135    0  110   33   91   16  189   17  238  255   17    0  140    0  140    0   49   34  165  255   92    6  252  255    0    0  140    0  140    0
147    9  235  250  236   11   23    0    9    0  140    0  140    0  122   35   73    1   76    5  255  255    0    0  140    0  135    0   69   34   77   16  203   17  224  255   30    0  140    0  140    0   80   35  162  255   92    6  246  255    0    0  140    0  140    0
147    9  237  250  236   11   22    0    9    0  140    0  140    0  197   33   72    1   76    5  253  255    0    0  140    0  135    0  152   35   79   16  201   17  228  255   26    0  140    0  140    0   67   34  161  255   92    6  246  255    0    0  140    0  140    0
147    9  236  250  236   11   19    0    8    0  140    0  140    0  251   33   73    1   76    5  255  255    0    0  140    0  135    0  105   35   85   16  195   17  237  255   17    0  140    0  140    0   55   36  160  255   92    6  245  255    0    0  140    0  140    0
147    9  238  250  237   11   20    0    8    0  140    0  140    0   48   35   73    1   76    5  255  255    0    0  140    0  135    0  114   36   95   16  186   17  249  255    6    0  140    0  140    0  104   31  160  255   92    6  247  255    0    0  140    0  140    0
147    9  237  250  237   11   17    0    7    0  140    0  140    0    9   34   72    1   76    5  254  255    0    0  140    0  135    0  123   34  101   16  180   17    0    0    0    0  140    0  140    0  178   33  160  255   92    6  247  255    0    0  140    0  140    0
147    9  227  250  232   11  252  255  255  255  140    0  140    0  177   35   73    1   76    5  255  255    0    0  140    0  135    0   28   35  104   16  177   17    2    0  254  255  140    0  140    0  175   36  161  255   92    6  252  255    0    0  140    0  140    0
147    9  220  250  229   11  239  255  249  255  140    0  140    0   31   36   71    1   77    5  251  255    1    0  140    0  135    0   81   36  104   16  177   17    2    0  254  255  140    0  140    0   25   35  159  255   92    6  248  255    0    0  140    0  140    0
147    9  215  250  227   11  231  255  246  255  140    0  140    0  146   33   70    1   77    5  251  255    1    0  140    0  135    0  161   32   99   16  182   17  254  255    2    0  140    0  140    0  170   33  159  255   92    6  248  255    0    0  140    0  140    0
147    9  210  250  225   11  226  255  243  255  140    0  140    0  162   30   69    1   77    5  249  255    1    0  140    0  135    0   22   34   88   16  192   17  242  255   13    0  140    0  140    0   92   37  158  255   92    6  248  255    0    0  140    0  140    0
147    9  209  250  225   11  226  255  243  255  140    0  140    0   72   31   69    1   77    5  250  255    1    0  140    0  135    0  109   33   89   16  191   17  244  255   11    0  140    0  140    0  153   36  158  255   92    6  248  255    0    0  140    0  140    0
147    9  210  250  225   11  231  255  245  255  140    0  140    0  179   31   68    1   77    5  249  255    1    0  140    0  135    0  223   32   86   16  193   17  242  255   13    0  140    0  140    0   88   30  157  255   92    6  248  255    0    0  140    0  140    0
147    9  210  250  225   11  235  255  247  255  140    0  140    0  207   33   68    1   77    5  250  255    1    0  140    0  135    0   23   36   92   16  188   17  249  255    6    0  140    0  140    0   83   33  157  255   92    6  248  255    0    0  140    0  140    0
147    9  207  250  224   11  232  255  246  255  140    0  140    0   38   34   68    1   77    5  251  255    1    0  140    0  135    0   85   34   91   16  189   17  248  255    7    0  140    0  140    0  232   34  156  255   92    6  248  255    0    0  140    0  140    0
147    9  204  250  223   11  229  255  245  255  140    0  140    0  207   33   67    1   77    5  250  255    1    0  140    0  135    0  104   32   90   16  190   17  248  255    7    0  140    0  140    0   27   33  154  255   91    6  245  255    0    0  140    0  140    0
147    9  206  250  223   11  234  255  247  255  140    0  140    0  249   34   69    1   77    5  254  255    0    0  140    0  135    0  210   33   92   16  188   17  250  255    5    0  140    0  140    0   15   33  153  255   91    6  244  255    0    0  140    0  140    0
147    9  209  250  224   11  243  255  251  255  140    0  140    0  192   34   69    1   77    5  255  255    0    0  140    0  135    0  201   34   99   16  182   17    1    0  255  255  140    0  140    0   99   36  149  255   91    6  240  255  255  255  140    0  140    0
147    9  207  250  224   11  241  255  250  255  140    0  140    0  197   34   69    1   77    5  255  255    0    0  140    0  135    0  185   33   94   16  186   17  254  255    2    0  140    0  140    0  136   33  150  255   91    6  244  255    0    0  140    0  140    0
147    9  207  250  224   11  243  255  250  255  140    0  140    0  130   30   70    1   77    5    0    0    0    0  140    0  135    0  195   33   89   16  191   17  247  255    8    0  140    0  140    0   20   36  155  255   91    6  252  255    0    0  140    0  140    0
147    9  205  250  223   11  241  255  250  255  140    0  140    0  181   34   71    1   77    5    1    0    0    0  140    0  135    0  138   30   81   16  198   17  240  255   15    0  140    0  140    0  125   34  158  255   92    6    1    0    0    0  140    0  140    0
147    9  200  250  221   11  233  255  246  255  140    0  140    0  249   33   72    1   76    5    3    0    0    0  140    0  135    0  117   33   84   16  195   17  245  255   10    0  140    0  140    0  160   34  164  255   92    6   11    0    0    0  140    0  140    0
147    9  194  250  218   11  225  255  242  255  140    0  140    0  244   30   70    1   77    5    0    0    0    0  140    0  135    0  139   31   79   16  200   17  239  255   15    0  140    0  140    0  131   34  173  255   92    6   26    0    1    0  140    0  140    0
147    9  193  250  217   11  225  255  243  255  140    0  140    0  191   34   71    1   77    5    0    0    0    0  140    0  135    0  214   34   76   16  203   17  237  255   17    0  140    0  140    0  205   31  173  255   92    6   24    0    1    0  140    0  140    0
147    9  187  250  215   11  219  255  240  255  140    0  140    0   88   33   69    1   77    5  255  255    0    0  140    0  135    0  125   34   67   16  211   17  229  255   25    0  140    0  140    0   30   37  175  255   93    6   24    0    1    0  140    0  140    0
147    9  185  250  214   11  219  255  240  255  140    0  140    0   70   31   71    1   77    5    1    0    0    0  140    0  135    0  153   34   55   16  223   17  217  255   36    0  140    0  140    0   90   28  180  255   93    6   32    0    1    0  140    0  140    0
147    9  184  250  214   11  222  255  241  255  140    0  140    0   45   34   72    1   76    5    3    0    0    0  140    0  135    0  127   32   54   16  223   17  218  255   34    0  140    0  140    0  201   31  182  255   93    6   32    0    1    0  140    0  140    0
147    9  187  250  215   11  231  255  245  255  140    0  140    0   82   31   71    1   76    5    1    0    0    0  140    0  135    0  171   32   59   16  219   17  226  255   27    0  140    0  140    0  187   33  192  255   93    6   45    0    1    0  140    0  140    0
147    9  194  250  218   11  246  255  252  255  140    0  140    0  127   33   70    1   77    5    0    0    0    0  140    0  135    0  219   32   49   16  228   17  217  255   35    0  140    0  140    0   91   35  203  255   94    6   60    0    2    0  140    0  140    0
147    9  197  250  219   11  253  255  255  255  140    0  140    0  214   33   70    1   77    5    0    0    0    0  140    0  135    0  192   32   52   16  225   17  223  255   30    0  140    0  140    0   41   34  206  255   94    6   60    0    2    0  140    0  140    0
147    9  197  250  219   11  253  255  255  255  140    0  140    0  145   36   69    1   77    5  254  255    0    0  140    0  135    0  101   36   61   16  216   17  236  255   18    0  140    0  140    0  238   35  210  255   94    6   60    0    2    0  140    0  140    0
147    9  194  250  218   11  248  255  253  255  140    0  140    0  117   32   66    1   78    5  249  255    1    0  140    0  135    0   18   31   72   16  206   17  249  255    6    0  140    0  140    0   80   35  213  255   94    6   60    0    2    0  140    0  140    0
147    9  194  250  218   11  249  255  253  255  140    0  140    0    3   30   65    1   78    5  246  255    2    0  140    0  135    0  214   33   74   16  205   17  251  255    4    0  140    0  140    0   33   31  217  255   94    6   60    0    2    0  140    0  140    0
147    9  191  250  216   11  244  255  251  255  140    0  140    0  197   35   64    1   78    5  247  255    2    0  140    0  135    0  114   35   77   16  202   17  255  255    0    0  140    0  140    0  214   33  221  255   94    6   60    0    2    0  140    0  140    0
147    9  189  250  216   11  243  255  251  255  140    0  140    0   26   31   64    1   78    5  247  255    2    0  140    0  135    0  223   34   70   16  209   17  247  255    8    0  140    0  140    0  223   31  224  255   95    6   60    0    2    0  140    0  140    0
147    9  184  250  213   11  234  255  246  255  140    0  140    0   72   31   63    1   79    5  246  255    2    0  140    0  135    0  147   33   70   16  208   17  249  255    6    0  140    0  140    0  199   36  228  255   95    6   60    0    2    0  140    0  140    0
147    9  181  250  212   11  232  255  245  255  140    0  140    0  254   32   65    1   78    5  252  255    1    0  140    0  135    0   89   33   78   16  201   17    1    0  255  255  140    0  140    0  140   37  231  255   95    6   60    0    2    0  140    0  140    0
147    9  181  250  212   11  234  255  247  255  140    0  140    0   23   34   66    1   78    5  254  255    0    0  140    0  135    0  213   33   79   16  200   17    2    0  254  255  140    0  140    0   40   34  235  255   95    6   60    0    2    0  140    0  140    0
147    9  186  250  214   11  246  255  252  255  140    0  140    0  226   36   67    1   77    5    0    0    0    0  140    0  135    0  237   34   81   16  198   17    4    0  252  255  140    0  140    0  247   35  239  255   95    6   60    0    2    0  140    0  140    0
147    9  185  250  214   11  245  255  251  255  140    0  140    0  100   31   67    1   77    5    0    0    0    0  140    0  135    0  115   32   78   16  201   17    0    0    0    0  140    0  140    0
147    9  181  250  212   11  239  255  249  255  140    0  140    0  222   32   67    1   77    5    0    0    0    0  140    0  135    0  229   33   72   16  206   17  251  255    5    0  140    0  140    0
147    9  181  250  212   11  242  255  250  255  140    0  140    0  165   34   67    1   78    5    0    0    0    0  140    0  135    0  253   32   66   16  212   17  245  255   11    0  140    0  140    0
147    9  185  250  214   11  250  255  254  255  140    0  140    0  255   35   68    1   77    5    1    0    0    0  140    0  135    0  240   29   70   16  208   17  249  255    6    0  140    0  140    0
147    9  188  250  215   11    0    0    0    0  140    0  140    0   65   35   68    1   77    5    1    0    0    0  140    0  135    0  179   30   71   16  207   17  251  255    4    0  140    0  140    0
147    9  199  250  220   11   22    0    9    0  140    0  140    0   69   32   66    1   78    5  254  255    0    0  140    0  135    0   24   34   72   16  206   17  253  255    3    0  140    0  140    0   84   31    6    3  156    5  156  255   54    0  140    0  140    0
147    9  207  250  224   11   34    0   15    0  140    0  140    0   26   32   67    1   78    5    0    0    0    0  140    0  135    0  208   34   82   16  197   17    7    0  250  255  140    0  140    0  214   31    5    3  157    5  165  255   49    0  140    0  140    0
147    9  212  250  226   11   39    0   17    0  140    0  140    0   19   34   68    1   77    5    0    0    0    0  140    0  135    0  183   32   72   16  206   17  252  255    3    0  140    0  140    0  109   33  255    2  160    5  165  255   49    0  140    0  140    0
147    9  214  250  227   11   39    0   17    0  140    0  140    0  119   32   66    1   78    5  254  255    0    0  140    0  135    0   66   33   60   16  217   17  239  255   15    0  140    0  140    0  214   33  243    2  166    5  153  255   54    0  140    0  140    0
147    9  215  250  227   11   37    0   16    0  140    0  140    0  194   34   67    1   78    5    0    0    0    0  140    0  135    0  164   34   66   16  212   17  247  255    8    0  140    0  140    0  205   32  240    2  168    5  158  255   51    0  140    0  140    0
147    9  212  250  226   11   25    0   11    0  140    0  140    0   18   32   68    1   77    5    1    0    0    0  140    0  135    0  126   31   71   16  207   17  254  255    2    0  140    0  140    0   73   34  242    2  166    5  173  255   43    0  140    0  140    0
147    9  210  250  225   11   19    0    8    0  140    0  140    0  123   29   70    1   77    5    5    0  255  255  140    0  135    0   60   33   81   16  198   17    8    0  249  255  140    0  140    0  187   30  247    2  163    5  190  255   34    0  140    0  140    0
147    9  208  250  224   11   14    0    6    0  140    0  140    0  107   35   71    1   77    5    6    0  255  255  140    0  135    0  213   28   86   16  194   17   12    0  245  255  140    0  140    0   88   32  244    2  166    5  190  255   34    0  140    0  140    0
147    9  205  250  223   11    5    0    2    0  140    0  140    0   11   36   70    1   77    5    3    0    0    0  140    0  135    0   20   37   92   16  188   17   19    0  239  255  140    0  140    0  224   33  236    2  169    5  185  255   37    0  140    0  140    0
147    9  202  250  221   11    0    0    0    0  140    0  140    0    1   35   69    1   77    5    1    0    0    0  140    0  135    0  104   33   93   16  187   17   19    0  239  255  140    0  140    0   58   36  232    2  172    5  185  255   37    0  140    0  140    0
147    9  200  250  221   11  253  255  255  255  140    0  140    0   32   34   69    1   77    5    0    0    0    0  140    0  135    0  195   33   99   16  181   17   23    0  234  255  140    0  140    0   64   31  228    2  174    5  185  255   37    0  140    0  140    0
147    9  205  250  223   11    5    0    2    0  140    0  140    0  220   35   67    1   78    5  254  255    0    0  140    0  135    0  196   30  101   16  180   17   24    0  234  255  140    0  140    0  141   36  223    2  176    5  185  255   37    0  140    0  140    0
147    9  210  250  225   11   15    0    6    0  140    0  140    0   81   35   68    1   77    5    0    0    0    0  140    0  135    0   48   35   97   16  183   17   18    0  240  255  140    0  140    0  175   32  219    2  178    5  185  255   37    0  140    0  140    0
147    9  215  250  227   11   22    0    9    0  140    0  140    0   41   35   68    1   77    5    0    0    0    0  140    0  135    0   73   32   97   16  183   17   17    0  240  255  140    0  140    0  135   36  215    2  180    5  185  255   37    0  140    0  140    0
147    9  216  250  228   11   22    0    9    0  140    0  140    0  172   29   67    1   78    5  254  255    0    0  140    0  135    0   99   35   96   16  184   17   15    0  243  255  140    0  140    0  123   30  210    2  183    5  185  255   37    0  140    0  140    0
147    9  217  250  228   11   20    0    8    0  140    0  140    0  132   32   67    1   78    5  254  255    0    0  140    0  135    0   45   32  102   16  178   17   21    0  237  255  140    0  140    0   63   35  206    2  185    5  185  255   37    0  140    0  140    0
147    9  220  250  229   11   24    0   10    0  140    0  140    0   61   33   67    1   77    5  255  255    0    0  140    0  135    0    3   33  108   16  173   17   26    0  232  255  140    0  140    0  234   32  210    2  182    5  196  255   29    0  140    0  140    0
147    9  220  250  229   11   22    0    9    0  140    0  140    0  230   31   69    1   77    5    1    0    0    0  140    0  135    0  238   33  106   16  175   17   21    0  236  255  140    0  140    0   12   33  221    2  176    5  215  255   20    0  140    0  140    0
147    9  221  250  230   11   21    0    9    0  140    0  140    0  217   31   68    1   77    5    1    0    0    0  140    0  135    0   18   32  115   16  166   17   31    0  227  255  140    0  140    0   19   36  218    2  178    5  215  255   20    0  140    0  140    0
147    9  219  250  229   11   15    0    6    0  140    0  140    0  112   37   69    1   77    5    1    0    0    0  140    0  135    0  117   32  125   16  157   17   40    0  219  255  140    0  140    0   82   33  248    2  163    5    4    0    0    0  140    0  140    0
147    9  223  250  231   11   21    0    9    0  140    0  140    0   32   28   68    1   77    5    0    0    0    0  140    0  135    0  143   31  137   16  146   17   51    0  208  255  140    0  140    0  238   31  248    2  163    5    4    0    0    0  140    0  140    0
147    9  226  250  232   11   24    0   10    0  140    0  140    0  194   33   67    1   78    5  255  255    0    0  140    0  135    0  207   34  137   16  145   17   48    0  211  255  140    0  140    0  252   33   32    3  143    5   61    0  224  255  140    0  140    0
147    9  228  250  233   11   25    0   10    0  140    0  140    0    7   34   66    1   78    5  254  255    0    0  140    0  135    0  147   34  141   16  142   17   49    0  210  255  140    0  140    0  101   34   36    3  141    5   61    0  224  255  140    0  140    0
147    9  230  250  233   11   25    0   10    0  140    0  140    0  171   34   67    1   77    5  255  255    0    0  140    0  135    0  240   34  145   16  138   17   50    0  209  255  140    0  140    0  251   33   69    3  123    5  105    0  195  255  140    0  140    0
147    9  233  250  235   11   28    0   12    0  140    0  140    0  121   32   66    1   78    5  254  255    0    0  140    0  135    0   99   34  140   16  143   17   40    0  218  255  140    0  140    0  139   29   87    3  113    5  123    0  182  255  140    0  140    0
147    9  233  250  235   11   25    0   11    0  140    0  140    0   42   32   68    1   77    5    0    0    0    0  140    0  135    0  196   33  129   16  154   17   25    0  233  255  140    0  140    0   61   31  103    3  103    5  136    0  171  255  140    0  140    0
147    9  230  250  233   11   16    0    6    0  140    0  140    0  184   35   67    1   77    5    0    0    0    0  140    0  135    0  103   33  127   16  156   17   21    0  237  255  140    0  140    0  193   31  111    3   98    5  136    0  171  255  140    0  140    0
147    9  231  250  234   11   17    0    7    0  140    0  140    0  216   33   67    1   77    5    0    0    0    0  140    0  135    0  229   32  125   16  157   17   18    0  239  255  140    0  140    0  234   33  124    3   90    5  145    0  162  255  140    0  140    0
147    9  232  250  234   11   16    0    7    0  140    0  140    0  109   35   68    1   77    5    1    0    0    0  140    0  135    0   87   34  126   16  156   17   18    0  240  255  140    0  140    0  187   35  133    3   84    5  145    0  162  255  140    0  140    0
147    9  228  250  232   11    6    0    2    0  140    0  140    0   24   33   69    1   77    5    3    0    0    0  140    0  135    0  249   31  128   16  155   17   18    0  239  255  140    0  140    0   58   33  141    3   78    5  145    0  162  255  140    0  140    0
147    9  226  250  232   11    1    0    0    0  140    0  140    0  155   30   70    1   77    5    4    0  255  255  140    0  135    0  147   34  134   16  149   17   24    0  234  255  140    0  140    0  116   34  150    3   73    5  145    0  162  255  140    0  140    0
147    9  218  250  228   11  244  255  251  255  140    0  140    0  153   30   70    1   77    5    2    0    0    0  140    0  135    0   67   35  139   16  144   17   28    0  230  255  140    0  140    0   36   35  159    3   67    5  145    0  162  255  140    0  140    0
147    9  210  250  225   11  229  255  245  255  140    0  140    0  231   30   68    1   77    5    0    0    0    0  140    0  135    0  184   35  153   16  131   17   41    0  217  255  140    0  140    0  124   34  167    3   61    5  145    0  162  255  140    0  140    0  189   34  125  253  192    3  208    1   46  254  113    0  119    0
147    9  204  250  222   11  222  255  241  255  140    0  140    0  101   32   69    1   77    5    0    0    0    0  140    0  135    0  213   30  150   16  133   17   36    0  222  255  140    0  140    0   16   27  176    3   56    5  145    0  162  255  140    0  140    0  150   32  165  253  172    3  240    1   63  254  105    0  113    0
147    9  197  250  219   11  213  255  237  255  140    0  140    0  174   34   68    1   77    5    0    0    0    0  140    0  135    0    2   35  153   16  131   17   36    0  222  255  140    0  140    0   79   33  178    3   52    5  135    0  161  255  140    0  140    0   33   32  202  253  147    3  254    1   68  254  109    0  116    0
147    9  190  250  216   11  204  255  233  255  140    0  140    0  195   34   66    1   78    5  253  255    0    0  140    0  135    0  165   29  140   16  144   17   19    0  238  255  140    0  140    0  109   34  186    3   47    5  135    0  161  255  140    0  140    0  235   32  235  253  121    3    3    2   68  254  112    0  119    0
147    9  187  250  215   11  204  255  233  255  140    0  140    0  201   31   66    1   78    5  252  255    1    0  140    0  135    0  155   33  126   16  157   17    3    0  254  255  140    0  140    0   42   36  194    3   41    5  135    0  161  255  140    0  140    0  163   35   22  254   92    3   22    2   73  254  100    0  109    0
147    9  184  250  214   11  204  255  233  255  140    0  140    0   52   35   64    1   78    5  250  255    1    0  140    0  135    0  226   32  118   16  164   17  251  255    5    0  140    0  140    0  252   33  188    3   45    5  115    0  174  255  140    0  140    0   68   34   54  254   66    3   22    2   73  254  100    0  109    0
147    9  181  250  212   11  204  255  233  255  140    0  140    0  141   37   65    1   78    5  252  255    1    0  140    0  135    0  218   33  113   16  169   17  245  255   11    0  140    0  140    0  167   34  181    3   50    5   97    0  188  255  140    0  140    0  199   36   86  254   47    3   24    2  133  254  100    0  117    0
147    9  178  250  211   11  204  255  233  255  140    0  140    0   48   36   65    1   78    5  252  255    0    0  140    0  135    0  167   32  105   16  176   17  237  255   18    0  140    0  140    0  152   35  188    3   44    5   99    0  185  255  140    0  140    0  162   36  119  254   24    3   24    2  133  254  100    0  117    0
147    9  175  250  209   11  204  255  233  255  140    0  140    0   57   34   66    1   78    5  255  255    0    0  140    0  135    0  134   34   93   16  188   17  224  255   30    0  140    0  140    0   37   35  194    3   40    5   99    0  185  255  140    0  140    0  161   35  150  254    6    3   28    2  124  254  105    0  119    0
147    9  172  250  208   11  204  255  233  255  140    0  140    0  137   33   67    1   78    5    0    0    0    0  140    0  135    0  169   30   93   16  187   17  227  255   27    0  140    0  140    0  166   34  202    3   33    5  102    0  181  255  140    0  140    0   51   34  183  254  240    2   29    2  116  254  105    0  115    0
147    9  168  250  207   11  204  255  233  255  140    0  140    0  199   34   67    1   77    5    1    0    0    0  140    0  135    0  148   34   80   16  200   17  214  255   39    0  140    0  140    0   49   36  197    3   37    5   85    0  194  255  140    0  140    0   10   35  214  254  215    2   26    2  106  254  109    0  115    0
147    9  165  250  205   11  204  255  233  255  140    0  140    0  177   32   66    1   78    5  255  255    0    0  140    0  135    0   65   33   73   16  207   17  209  255   44    0  140    0  140    0   38   35  192    3   41    5   68    0  207  255  140    0  140    0   24   37  244  254  189    2   21    2   95  254  107    0  119    0
147    9  162  250  204   11  204  255  233  255  140    0  140    0  131   33   67    1   78    5    0    0    0    0  140    0  135    0  181   34   69   16  210   17  207  255   45    0  140    0  140    0  163   34  196    3   38    5   68    0  207  255  140    0  140    0  234   35   20  255  164    2   21    2   95  254  107    0  119    0
147    9  159  250  203   11  204  255  233  255  140    0  140    0   65   37   69    1   77    5    4    0  255  255  140    0  135    0  161   33   65   16  214   17  206  255   46    0  140    0  140    0   47   38  200    3   35    5   68    0  207  255  140    0  140    0   52   34   52  255  139    2   21    2   95  254  107    0  119    0
147    9   69    1   77    5    4    0  255  255  140    0  135    0  144   34   64   16  215   17  209  255   43    0  140    0  140    0  177   33  204    3   32    5   68    0  207  255  140    0  140    0   95   28   84  255  114    2   21    2   95  254  107    0  119    0
147    9   69    1   77    5    4    0    0    0  140    0  135    0  227   32   66   16  213   17  214  255   38    0  140    0  140    0  245   34  208    3   29    5   68    0  207  255  140    0  140    0  113   35  116  255   89    2   21    2   95  254  107    0  119    0
3   10  148  255   64    2   21    2   95  254  107    0  119    0  181   35   69    1   77    5    4    0    0    0  140    0  135    0    7   34   63   16  215   17  214  255   38    0  140    0  140    0  205   31  212    3   26    5   68    0  207  255  140    0  140    0
3   10  179  255   39    2   21    2   95  254  107    0  119    0  140   35   72    1   76    5    8    0  255  255  140    0  135    0    4   35   67   16  212   17  221  255   32    0  140    0  140    0  200   35  216    3   23    5   68    0  207  255  140    0  140    0
3   10  211  255   14    2   21    2   95  254  107    0  119    0   97   34   72    1   76    5    8    0  255  255  140    0  135    0  111   34   81   16  199   17  239  255   16    0  140    0  140    0   90   34  177    3   55    5    5    0    0    0  140    0  140    0
3   10  243  255  245    1   21    2   95  254  107    0  119    0  204   34   73    1   76    5    8    0  255  255  140    0  135    0  184   35   69   16  210   17  227  255   27    0  140    0  140    0  217   33  172    3   58    5  255  255    1    0  140    0  140    0
3   10   18    0  220    1   21    2   95  254  107    0  119    0   44   33   73    1   76    5    8    0  255  255  140    0  135    0   47   33   83   16  196   17  246  255    9    0  140    0  140    0   80   31  172    3   58    5  255  255    1    0  140    0  140    0
3   10   50    0  194    1   21    2   95  254  107    0  119    0   49   33   74    1   76    5    8    0  255  255  140    0  135    0  144   33   86   16  194   17  249  255    6    0  140    0  140    0  101   32  172    3   58    5  255  255    1    0  140    0  140    0
252    9  172    3   58    5  255  255    1    0  140    0  140    0  168   34   74    1   76    5    8    0  255  255  140    0  135    0   76   33   78   16  201   17  241  255   14    0  140    0  140    0
252    9  172    3   58    5  255  255    1    0  140    0  140    0  195   31   75    1   76    5    8    0  255  255  140    0  135    0  225   33   75   16  204   17  238  255   17    0  140    0  140    0
252    9  172    3   58    5  255  255    1    0  140    0  140    0  207   31   75    1   76    5    8    0  255  255  140    0  135    0  152   33   74   16  205   17  238  255   17    0  140    0  140    0
