161    6  100  250  174   11   15    0    7    0  140    0  140    0   26   37   24    1   87    5  250  255    1    0  133    0  133    0   88   36  169   15   91   18  234  255   19    0  140    0  140    0  191   35   80    2  208    5  173  255   33    0  140    0  140    0
161    6   88  250  169   11  249  255  253  255  140    0  140    0  243   31   25    1   87    5  253  255    0    0  133    0  133    0  146   34  180   15   82   18  248  255    7    0  140    0  140    0  178   31   88    2  202    5  192  255   26    0  140    0  140    0
161    6   83  250  166   11  242  255  249  255  140    0  140    0   46   35   26    1   87    5  255  255    0    0  133    0  133    0  247   34  174   15   87   18  242  255   12    0  140    0  140    0   39   31   85    2  203    5  192  255   26    0  140    0  140    0
161    6   83  250  166   11  243  255  250  255  140    0  140    0   58   34   27    1   87    5    0    0    0    0  133    0  133    0    7   37  180   15   82   18  250  255    5    0  140    0  140    0  233   34   81    2  205    5  192  255   26    0  140    0  140    0  195   33  241    2  166    5  246  255    5    0  140    0  140    0
161    6   85  250  167   11  247  255  252  255  140    0  140    0  100   32   27    1   87    5    0    0    0    0  133    0  133    0   84   33  169   15   91   18  238  255   16    0  140    0  140    0   95   31   96    2  197    5  219  255   15    0  140    0  140    0  114   32  241    2  166    5  246  255    5    0  140    0  140    0
161    6   86  250  168   11  250  255  253  255  140    0  140    0  142   32   27    1   86    5    0    0    0    0  133    0  133    0  195   32  168   15   92   18  238  255   16    0  140    0  140    0  126   34   93    2  198    5  219  255   15    0  140    0  140    0  241   34  239    2  167    5  243  255    6    0  140    0  140    0
161    6   86  250  168   11  251  255  254  255  140    0  140    0   54   33   27    1   86    5    0    0    0    0  133    0  133    0  176   34  170   15   90   18  241  255   13    0  140    0  140    0   52   36  142    2  183    5   33    0  244  255  140    0  140    0  127   34  238    2  168    5  243  255    6    0  140    0  140    0
161    6   87  250  168   11  253  255  255  255  140    0  140    0  191   33   28    1   86    5    1    0    0    0  133    0  133    0   49   35  171   15   89   18  244  255   10    0  140    0  140    0  152   29  144    2  182    5   33    0  244  255  140    0  140    0  253   36  235    2  169    5  241  255    8    0  140    0  140    0
161    6   91  250  170   11    4    0    2    0  140    0  140    0    0   34   29    1   86    5    3    0    0    0  133    0  133    0   34   33  181   15   80   18    0    0    0    0  140    0  140    0  191   33  177    2  172    5   77    0  221  255  140    0  140    0   70   37  235    2  169    5  241  255    8    0  140    0  140    0
161    6   91  250  170   11    5    0    2    0  140    0  140    0   69   34   29    1   86    5    4    0    0    0  133    0  133    0  230   32  191   15   72   18   10    0  247  255  140    0  140    0  128   35  196    2  166    5   98    0  209  255  140    0  140    0  162   32  234    2  170    5  241  255    8    0  140    0  140    0
161    6   91  250  170   11    4    0    2    0  140    0  140    0   61   30   29    1   86    5    3    0    0    0  133    0  133    0    0   37  190   15   72   18    9    0  249  255  140    0  140    0  235   30  211    2  161    5  111    0  201  255  140    0  140    0   41   34  233    2  170    5  241  255    8    0  140    0  140    0
161    6   93  250  171   11    7    0    3    0  140    0  140    0    9   31   29    1   86    5    2    0    0    0  133    0  133    0  163   33  198   15   66   18   17    0  242  255  140    0  140    0  204   31  221    2  158    5  116    0  198  255  140    0  140    0
161    6   97  250  173   11   14    0    7    0  140    0  140    0   98   33   31    1   86    5    5    0  255  255  133    0  133    0   77   30  193   15   70   18   10    0  247  255  140    0  140    0   84   33  228    2  156    5  115    0  197  255  140    0  140    0
161    6   97  250  173   11   11    0    5    0  140    0  140    0   47   33   30    1   86    5    4    0    0    0  133    0  133    0   32   35  181   15   80   18  253  255    3    0  140    0  140    0  211   31  233    2  155    5  111    0  199  255  140    0  140    0
161    6  101  250  175   11   18    0    8    0  140    0  140    0  251   35   29    1   86    5    1    0    0    0  133    0  133    0   73   35  173   15   88   18  243  255   11    0  140    0  140    0  247   33  237    2  153    5  106    0  201  255  140    0  140    0
161    6  106  250  177   11   25    0   12    0  140    0  140    0   51   34   29    1   86    5    0    0    0    0  133    0  133    0  243   31  181   15   80   18  254  255    2    0  140    0  140    0  239   33  240    2  153    5   98    0  205  255  140    0  140    0
161    6  104  250  177   11   20    0    9    0  140    0  140    0  162   33   29    1   86    5    1    0    0    0  133    0  133    0  126   34  179   15   82   18  251  255    4    0  140    0  140    0  179   30  241    2  153    5   89    0  210  255  140    0  140    0
161    6  106  250  177   11   20    0    9    0  140    0  140    0   93   31   29    1   86    5    0    0    0    0  133    0  133    0  127   32  184   15   78   18    0    0    0    0  140    0  140    0  255   33  241    2  154    5   78    0  215  255  140    0  140    0
161    6  101  250  175   11    8    0    4    0  140    0  140    0   88   34   29    1   86    5    1    0    0    0  133    0  133    0  112   34  187   15   75   18    4    0  252  255  140    0  140    0    3   35  244    2  153    5   74    0  217  255  140    0  140    0
161    6   96  250  172   11    0    0    0    0  140    0  140    0   58   38   29    1   86    5    0    0    0    0  133    0  133    0   28   34  176   15   85   18  248  255    7    0  140    0  140    0   45   36  246    2  153    5   68    0  220  255  140    0  140    0
161    6   95  250  172   11  254  255  255  255  140    0  140    0  238   32   29    1   86    5    0    0    0    0  133    0  133    0   90   34  183   15   79   18    0    0    0    0  140    0  140    0  133   34  245    2  154    5   59    0  225  255  140    0  140    0
161    6   93  250  171   11  251  255  254  255  140    0  140    0  181   32   28    1   86    5    0    0    0    0  133    0  133    0   66   32  183   15   79   18    0    0    0    0  140    0  140    0   61   34  244    2  155    5   50    0  230  255  140    0  140    0
161    6   95  250  172   11  255  255    0    0  140    0  140    0  139   34   26    1   87    5  252  255    0    0  133    0  133    0   35   35  182   15   79   18    0    0    0    0  140    0  140    0   20   32  247    2  153    5   50    0  230  255  140    0  140    0
161    6   94  250  172   11  254  255  255  255  140    0  140    0  201   33   26    1   87    5  252  255    0    0  133    0  133    0   25   34  191   15   71   18    9    0  248  255  140    0  140    0  164   34  219    2  167    5  249  255    5    0  140    0  140    0
161    6   94  250  172   11  254  255  255  255  140    0  140    0   25   36   26    1   87    5  253  255    0    0  133    0  133    0    9   37  191   15   71   18    8    0  249  255  140    0  140    0   45   35  218    2  167    5  249  255    5    0  140    0  140    0
161    6   94  250  172   11  254  255  255  255  140    0  140    0   58   31   26    1   87    5  253  255    0    0  133    0  133    0  202   34  201   15   63   18   19    0  240  255  140    0  140    0  206   33  186    2  182    5  193  255   31    0  140    0  140    0
161    6   90  250  170   11  247  255  252  255  140    0  140    0  146   34   27    1   86    5  255  255    0    0  133    0  133    0  143   33  213   15   52   18   31    0  229  255  140    0  140    0  182   32  165    2  191    5  164  255   43    0  140    0  140    0
161    6   93  250  171   11  253  255  255  255  140    0  140    0  162   31   27    1   86    5  255  255    0    0  133    0  133    0   91   34  208   15   57   18   23    0  236  255  140    0  140    0  212   30  148    2  197    5  144  255   50    0  140    0  140    0
161    6   95  250  172   11    0    0    0    0  140    0  140    0   72   34   25    1   87    5  251  255    1    0  133    0  133    0  193   31  198   15   66   18   10    0  247  255  140    0  140    0  113   33  133    2  202    5  131  255   54    0  140    0  140    0
161    6   97  250  173   11    4    0    2    0  140    0  140    0  241   35   24    1   87    5  250  255    1    0  133    0  133    0  137   35  191   15   71   18    2    0  254  255  140    0  140    0  137   30  120    2  206    5  122  255   57    0  140    0  140    0
161    6   98  250  173   11    4    0    2    0  140    0  140    0  151   30   23    1   87    5  250  255    1    0  133    0  133    0   87   34  192   15   71   18    2    0  254  255  140    0  140    0   75   34  110    2  209    5  119  255   57    0  140    0  140    0
161    6   97  250  173   11    3    0    1    0  140    0  140    0  140   33   21    1   88    5  247  255    1    0  133    0  133    0   60   32  189   15   74   18    0    0    0    0  140    0  140    0  109   31   99    2  212    5  114  255   58    0  140    0  140    0
161    6   93  250  171   11  252  255  254  255  140    0  140    0   45   34   20    1   88    5  245  255    2    0  133    0  133    0   79   34  181   15   81   18  247  255    8    0  140    0  140    0   91   34   90    2  214    5  114  255   57    0  140    0  140    0
161    6   91  250  170   11  250  255  253  255  140    0  140    0   93   31   19    1   88    5  245  255    2    0  133    0  133    0   27   33  179   15   82   18  246  255    9    0  140    0  140    0    5   30   80    2  217    5  113  255   57    0  140    0  140    0
161    6   89  250  169   11  245  255  251  255  140    0  140    0  232   33   17    1   89    5  242  255    2    0  133    0  133    0    9   34  174   15   87   18  241  255   13    0  140    0  140    0   83   34   71    2  219    5  112  255   56    0  140    0  140    0
161    6   87  250  168   11  244  255  250  255  140    0  140    0  239   32   15    1   89    5  240  255    3    0  133    0  133    0    9   32  171   15   89   18  238  255   15    0  140    0  140    0  236   30   68    2  219    5  123  255   51    0  140    0  140    0
161    6   86  250  167   11  243  255  250  255  140    0  140    0   46   30   14    1   89    5  240  255    3    0  135    0  123    0   11   30  167   15   92   18  235  255   18    0  140    0  140    0   56   32   60    2  222    5  123  255   51    0  140    0  140    0
161    6   82  250  165   11  237  255  247  255  140    0  140    0  240   31   13    1   89    5  239  255    3    0  136    0  114    0  245   31  159   15   99   18  228  255   24    0  140    0  140    0   62   32   52    2  225    5  123  255   51    0  140    0  140    0
161    6   81  250  165   11  239  255  248  255  140    0  140    0  209   35   13    1   89    5  242  255    2    0  137    0  106    0   94   29  151   15  106   18  221  255   30    0  140    0  140    0  174   30   44    2  228    5  123  255   51    0  140    0  140    0
161    6   78  250  164   11  235  255  246  255  140    0  140    0   78   31   12    1   90    5  241  255    2    0  137    0  110    0  197   33  143   15  113   18  215  255   35    0  140    0  140    0  129   33   45    2  226    5  139  255   43    0  140    0  140    0
161    6   75  250  162   11  230  255  244  255  140    0  140    0  101   31   10    1   90    5  240  255    3    0  137    0  103    0    5   35  145   15  111   18  220  255   31    0  140    0  140    0  187   34   38    2  228    5  139  255   43    0  140    0  140    0
161    6   70  250  160   11  224  255  240  255  140    0  140    0  157   34   10    1   90    5  241  255    3    0  135    0   97    0  209   33  148   15  108   18  226  255   26    0  140    0  140    0  166   31   31    2  231    5  139  255   43    0  140    0  140    0
161    6   69  250  159   11  226  255  241  255  140    0  140    0   36   35   10    1   90    5  243  255    2    0  134    0   92    0   91   36  152   15  105   18  232  255   20    0  140    0  140    0   91   30   24    2  234    5  139  255   43    0  140    0  140    0
161    6   67  250  158   11  226  255  241  255  140    0  140    0   23   35   10    1   90    5  245  255    2    0  134    0   88    0  127   33  155   15  103   18  237  255   16    0  140    0  140    0   56   33   17    2  236    5  139  255   43    0  140    0  140    0
161    6   65  250  158   11  227  255  242  255  140    0  140    0  125   36   10    1   90    5  246  255    1    0  134    0   84    0  180   35  160   15   99   18  243  255   11    0  140    0  140    0   46   35   10    2  239    5  139  255   43    0  140    0  140    0
161    6   60  250  155   11  219  255  238  255  140    0  140    0   14   34   11    1   90    5  250  255    1    0  134    0   80    0  182   32  159   15   99   18  243  255   11    0  140    0  140    0    6   33    3    2  241    5  139  255   43    0  140    0  140    0
161    6   54  250  152   11  212  255  234  255  140    0  140    0   24   32   11    1   90    5  251  255    1    0  134    0   77    0  155   33  166   15   93   18  252  255    3    0  140    0  140    0  132   31  252    1  244    5  139  255   43    0  140    0  140    0
161    6   48  250  149   11  207  255  232  255  140    0  140    0   16   31   10    1   90    5  250  255    1    0  134    0   74    0   94   33  163   15   96   18  249  255    6    0  140    0  140    0   79   31  245    1  247    5  139  255   43    0  140    0  140    0
161    6   38  250  144   11  193  255  225  255  140    0  140    0  100   33   10    1   90    5  250  255    1    0  135    0   71    0  203   35  157   15  101   18  243  255   11    0  140    0  140    0  200   33  238    1  249    5  139  255   43    0  140    0  140    0
161    6   33  250  141   11  190  255  223  255  140    0  140    0  177   28   12    1   89    5  255  255    0    0  135    0   69    0  181   31  155   15  102   18  242  255   12    0  140    0  140    0   20   35  231    1  252    5  139  255   43    0  140    0  140    0
161    6   27  250  138   11  186  255  221  255  140    0  140    0  134   33   12    1   89    5  255  255    0    0  135    0   67    0   92   33  152   15  105   18  239  255   15    0  140    0  140    0
161    6   21  250  135   11  182  255  218  255  140    0  140    0   49   35   13    1   89    5    0    0    0    0  134    0   66    0  123   32  145   15  111   18  232  255   20    0  140    0  140    0
161    6   20  250  135   11  190  255  223  255  140    0  140    0   72   30   13    1   89    5    0    0    0    0  135    0   64    0  144   34  157   15  101   18  248  255    7    0  140    0  140    0
161    6   26  250  138   11  209  255  232  255  140    0  140    0   55   33   13    1   89    5    0    0    0    0  135    0   63    0   97   33  152   15  105   18  242  255   11    0  140    0  140    0
161    6   31  250  140   11  223  255  240  255  140    0  140    0  188   34   14    1   89    5    2    0    0    0  135    0   62    0   31   31  147   15  109   18  238  255   16    0  140    0  140    0
161    6   31  250  140   11  227  255  242  255  140    0  140    0   36   34   15    1   89    5    2    0    0    0  135    0   61    0  166   33  148   15  109   18  240  255   14    0  140    0  140    0
161    6   41  250  146   11  250  255  253  255  140    0  140    0  111   34   17    1   89    5    6    0  255  255  134    0   60    0   80   34  153   15  104   18  247  255    7    0  140    0  140    0
161    6   41  250  146   11  250  255  253  255  140    0  140    0  199   34   20    1   88    5   11    0  254  255  134    0   59    0  255   33  160   15   98   18    0    0    0    0  140    0  140    0
161    6   54  250  152   11   18    0    9    0  140    0  140    0   81   31   22    1   88    5   14    0  254  255  134    0   59    0   99   33  167   15   92   18    6    0  250  255  140    0  140    0
161    6   68  250  160   11   43    0   21    0  140    0  140    0  202   36   21    1   88    5   10    0  254  255  134    0   58    0  103   33  168   15   91   18    8    0  249  255  140    0  140    0
161    6   72  250  162   11   46    0   22    0  140    0  140    0  244   32   21    1   88    5   10    0  254  255  133    0   58    0   53   33  169   15   91   18    8    0  249  255  140    0  140    0
161    6   70  250  161   11   37    0   18    0  140    0  140    0   40   36   22    1   88    5   10    0  254  255  133    0   58    0  115   32  174   15   87   18   13    0  245  255  140    0  140    0
161    6   68  250  159   11   28    0   13    0  140    0  140    0  116   36   22    1   88    5    9    0  255  255  133    0   58    0  217   34  181   15   80   18   20    0  239  255  140    0  140    0
161    6   69  250  160   11   27    0   13    0  140    0  140    0   52   34   23    1   87    5   10    0  254  255  133    0   58    0  226   30  190   15   73   18   28    0  232  255  140    0  140    0
161    6   69  250  160   11   24    0   11    0  140    0  140    0  232   31   23    1   87    5    9    0  255  255  133    0   58    0   20   36  185   15   77   18   22    0  238  255  140    0  140    0
161    6   66  250  159   11   16    0    8    0  140    0  140    0  181   30   22    1   88    5    5    0  255  255  134    0   57    0    1   33  187   15   75   18   22    0  238  255  140    0  140    0
161    6   69  250  160   11   20    0    9    0  140    0  140    0   11   37   21    1   88    5    3    0    0    0  133    0   57    0  127   31  194   15   69   18   29    0  231  255  140    0  140    0
161    6   70  250  160   11   18    0    9    0  140    0  140    0   47   34   20    1   88    5    1    0    0    0  134    0   56    0  246   31  183   15   79   18   14    0  244  255  140    0  140    0
161    6   69  250  160   11   15    0    7    0  140    0  140    0  128   32   20    1   88    5    0    0    0    0  134    0   56    0  162   34  184   15   78   18   14    0  244  255  140    0  140    0
161    6   71  250  161   11   17    0    8    0  140    0  140    0   98   36   20    1   88    5    0    0    0    0  135    0   55    0   40   33  182   15   80   18   10    0  247  255  140    0  140    0
161    6   79  250  165   11   31    0   15    0  140    0  140    0   58   35   20    1   88    5    1    0    0    0  136    0   54    0   31   36  186   15   76   18   15    0  243  255  140    0  140    0
161    6   77  250  164   11   23    0   11    0  140    0  140    0  238   31   21    1   88    5    2    0    0    0  136    0   64    0   66   35  185   15   77   18   12    0  246  255  140    0  140    0
161    6   78  250  164   11   23    0   11    0  140    0  140    0  141   36   20    1   88    5    0    0    0    0  136    0   73    0   66   35  200   15   64   18   29    0  231  255  140    0  140    0
161    6   72  250  161   11    8    0    4    0  140    0  140    0    7   33   21    1   88    5    1    0    0    0  136    0   70    0  110   34  209   15   56   18   37    0  224  255  140    0  140    0
161    6   67  250  159   11  254  255  255  255  140    0  140    0   24   33   20    1   88    5    0    0    0    0  137    0   67    0  223   32  212   15   54   18   38    0  223  255  140    0  140    0
161    6   59  250  155   11  239  255  248  255  140    0  140    0  171   33   21    1   88    5    1    0    0    0  137    0   76    0    0   37  217   15   49   18   41    0  221  255  140    0  140    0
161    6   57  250  154   11  238  255  247  255  140    0  140    0   28   35   22    1   88    5    3    0    0    0  137    0   84    0   63   35  223   15   44   18   45    0  217  255  140    0  140    0
161    6   62  250  156   11  248  255  252  255  140    0  140    0  177   31   20    1   88    5    0    0    0    0  137    0   91    0  210   29  233   15   35   18   53    0  209  255  140    0  140    0
161    6   66  250  158   11    0    0    0    0  140    0  140    0  151   30   20    1   88    5  255  255    0    0  137    0   97    0  172   32  233   15   35   18   50    0  212  255  140    0  140    0
161    6   73  250  162   11   15    0    7    0  140    0  140    0  254   34   20    1   88    5  255  255    0    0  138    0   91    0   35   35  241   15   28   18   56    0  207  255  140    0  140    0
161    6   80  250  165   11   25    0   12    0  140    0  140    0   61   35   20    1   88    5    0    0    0    0  138    0   86    0  211   27  233   15   35   18   42    0  219  255  140    0  140    0
161    6   80  250  165   11   23    0   11    0  140    0  140    0  101   36   20    1   88    5    0    0    0    0  138    0   82    0  162   35  227   15   41   18   33    0  228  255  140    0  140    0
161    6   86  250  168   11   32    0   15    0  140    0  140    0  246   35   20    1   88    5  255  255    0    0  138    0   78    0   24   32  216   15   50   18   18    0  240  255  140    0  140    0
161    6   88  250  169   11   31    0   15    0  140    0  140    0  214   34   20    1   88    5    0    0    0    0  138    0   75    0   11   33  212   15   53   18   13    0  245  255  140    0  140    0
161    6   86  250  168   11   24    0   12    0  140    0  140    0  147   33   22    1   88    5    2    0    0    0  137    0   72    0  254   33  213   15   53   18   13    0  245  255  140    0  140    0
161    6   87  250  169   11   24    0   11    0  140    0  140    0   99   32   23    1   87    5    5    0  255  255  135    0   70    0  146   33  211   15   55   18    9    0  248  255  140    0  140    0
161    6   93  250  171   11   31    0   15    0  140    0  140    0  252   34   25    1   87    5    7    0  255  255  134    0   68    0   72   32  216   15   51   18   14    0  244  255  140    0  140    0
161    6   97  250  173   11   35    0   17    0  140    0  140    0  199   31   26    1   87    5    9    0  254  255  132    0   67    0  244   31  216   15   50   18   14    0  244  255  140    0  140    0
161    6  101  250  175   11   39    0   18    0  140    0  140    0  110   30   27    1   86    5   10    0  254  255  131    0   66    0  239   34  216   15   50   18   12    0  245  255  140    0  140    0
161    6  109  250  179   11   50    0   24    0  140    0  140    0  185   36   27    1   86    5    8    0  255  255  131    0   65    0   30   30  226   15   42   18   23    0  236  255  140    0  140    0
161    6  118  250  183   11   62    0   29    0  140    0  140    0   48   32   28    1   86    5   10    0  254  255  129    0   64    0  105   33  216   15   51   18   10    0  248  255  140    0  140    0
161    6  114  250  181   11   46    0   22    0  140    0  140    0  228   35   29    1   86    5   10    0  254  255  128    0   63    0  217   34  202   15   63   18  250  255    6    0  140    0  140    0
161    6  118  250  184   11   50    0   23    0  140    0  140    0    4   35   27    1   86    5    5    0  255  255  129    0   62    0   54   35  212   15   54   18    5    0  251  255  140    0  140    0
161    6  132  250  190   11   69    0   32    0  140    0  140    0   69   36   28    1   86    5    6    0  255  255  129    0   61    0   63   34  202   15   63   18  250  255    5    0  140    0  140    0
161    6  129  250  189   11   56    0   26    0  140    0  140    0   73   34   27    1   86    5    4    0    0    0  130    0   60    0  112   37  209   15   56   18    2    0  254  255  140    0  140    0
161    6  123  250  186   11   39    0   18    0  140    0  140    0   44   33   27    1   86    5    3    0    0    0  130    0   60    0  202   32  213   15   53   18    6    0  250  255  140    0  140    0
161    6  121  250  185   11   31    0   14    0  140    0  140    0  245   32   26    1   87    5    2    0    0    0  130    0   59    0   82   33  212   15   54   18    4    0  252  255  140    0  140    0
161    6  123  250  186   11   31    0   14    0  140    0  140    0  182   32   26    1   87    5    0    0    0    0  131    0   58    0  253   35  214   15   52   18    6    0  251  255  140    0  140    0
161    6  125  250  187   11   31    0   14    0  140    0  140    0  189   33   26    1   87    5    1    0    0    0  131    0   58    0  148   33  214   15   52   18    6    0  251  255  140    0  140    0
161    6  137  250  192   11   49    0   23    0  140    0  140    0  186   33   25    1   87    5  255  255    0    0  132    0   57    0   12   35  209   15   56   18    0    0    0    0  140    0  140    0
161    6  139  250  193   11   47    0   21    0  140    0  140    0  151   34   24    1   87    5  254  255    0    0  131    0   57    0   29   34  212   15   53   18    4    0  253  255  140    0  140    0
161    6  152  250  199   11   64    0   29    0  140    0  140    0  208   34   23    1   87    5  251  255    1    0  131    0   57    0   15   30  215   15   51   18    6    0  250  255  140    0  140    0
161    6  156  250  201   11   64    0   29    0  140    0  140    0   35   31   23    1   87    5  252  255    0    0  132    0   57    0  167   35  226   15   42   18   18    0  240  255  140    0  140    0
161    6  147  250  197   11   43    0   20    0  140    0  140    0  194   30   22    1   87    5  252  255    0    0  132    0   57    0  240   31  219   15   48   18    9    0  248  255  140    0  140    0
161    6  142  250  195   11   30    0   14    0  140    0  140    0  173   32   23    1   87    5  253  255    0    0  133    0   56    0  135   34  223   15   44   18   14    0  244  255  140    0  140    0
161    6  138  250  193   11   20    0    9    0  140    0  140    0  200   32   23    1   87    5  254  255    0    0  133    0   56    0   71   33  228   15   39   18   18    0  240  255  140    0  140    0
161    6  134  250  191   11   11    0    5    0  140    0  140    0   15   34   24    1   87    5    0    0    0    0  133    0   66    0  174   32  219   15   48   18    6    0  251  255  140    0  140    0
161    6  124  250  186   11  248  255  253  255  140    0  140    0   42   33   23    1   87    5  254  255    0    0  133    0   75    0  224   33  221   15   46   18    8    0  249  255  140    0  140    0
161    6  118  250  183   11  238  255  248  255  140    0  140    0  217   33   21    1   88    5  250  255    1    0  133    0   83    0  166   34  236   15   33   18   24    0  235  255  140    0  140    0
161    6  116  250  182   11  236  255  247  255  140    0  140    0  185   31   21    1   88    5  252  255    0    0  133    0   90    0  145   34  233   15   36   18   19    0  240  255  140    0  140    0
161    6  116  250  182   11  238  255  248  255  140    0  140    0  147   34   20    1   88    5  250  255    1    0  133    0   96    0  208   31  229   15   38   18   14    0  244  255  140    0  140    0
161    6  118  250  184   11  246  255  251  255  140    0  140    0   64   34   20    1   88    5  250  255    1    0  133    0  101    0  201   33  233   15   36   18   17    0  241  255  140    0  140    0
161    6  124  250  186   11    0    0    0    0  140    0  140    0   75   32   20    1   88    5  252  255    0    0  133    0  105    0  233   34  244   15   25   18   29    0  231  255  140    0  140    0
161    6  124  250  186   11    0    0    0    0  140    0  140    0   48   34   20    1   88    5  252  255    0    0  133    0  109    0  147   30  250   15   20   18   33    0  227  255  140    0  140    0
161    6  128  250  188   11    8    0    3    0  140    0  140    0  110   31   20    1   88    5  253  255    0    0  135    0  102    0  152   33  245   15   25   18   25    0  234  255  140    0  140    0
161    6  132  250  190   11   14    0    6    0  140    0  140    0  251   34   19    1   88    5  252  255    0    0  135    0  106    0  228   34  237   15   32   18   15    0  243  255  140    0  140    0
161    6  131  250  190   11   11    0    5    0  140    0  140    0  207   33   19    1   88    5  251  255    1    0  135    0  110    0   98   33  238   15   31   18   15    0  243  255  140    0  140    0
161    6  131  250  190   11   10    0    4    0  140    0  140    0  188   34   16    1   89    5  247  255    1    0  135    0  113    0   55   36  247   15   23   18   24    0  235  255  140    0  140    0  112   36   76    2  190    5  250  255    2    0  140    0  140    0
161    6  131  250  190   11    9    0    4    0  140    0  140    0   64   31   14    1   89    5  244  255    2    0  136    0  105    0  217   36  245   15   25   18   20    0  239  255  140    0  140    0  147   29   75    2  190    5  250  255    2    0  140    0  140    0
161    6  127  250  188   11    0    0    0    0  140    0  140    0   34   36   12    1   89    5  241  255    2    0  137    0   98    0   17   36  252   15   19   18   26    0  233  255  140    0  140    0
161    6  130  250  189   11    5    0    2    0  140    0  140    0  150   35   12    1   90    5  243  255    2    0  137    0   92    0   82   33  249   15   21   18   21    0  238  255  140    0  140    0
161    6  129  250  188   11    3    0    1    0  140    0  140    0  100   33   14    1   89    5  248  255    1    0  136    0   88    0  173   32  234   15   35   18    2    0  255  255  140    0  140    0
161    6  124  250  186   11  251  255  254  255  140    0  140    0  169   33   11    1   90    5  245  255    2    0  135    0   84    0  172   31  225   15   42   18  249  255    6    0  140    0  140    0
161    6  120  250  184   11  243  255  250  255  140    0  140    0  143   36    9    1   90    5  242  255    2    0  135    0   80    0  184   33  225   15   43   18  249  255    6    0  140    0  140    0
161    6  110  250  180   11  226  255  242  255  140    0  140    0   78   36    8    1   90    5  240  255    3    0  135    0   87    0  112   34  223   15   45   18  247  255    8    0  140    0  140    0
161    6   98  250  174   11  207  255  233  255  140    0  140    0  106   33    6    1   91    5  239  255    3    0  135    0   93    0  187   33  226   15   41   18  252  255    3    0  140    0  140    0
161    6   87  250  169   11  192  255  225  255  140    0  140    0  113   33    5    1   91    5  239  255    3    0  135    0   98    0  123   33  223   15   45   18  248  255    7    0  140    0  140    0
161    6   85  250  167   11  194  255  226  255  140    0  140    0  250   31    3    1   91    5  238  255    3    0  135    0  103    0  204   29  222   15   45   18  248  255    7    0  140    0  140    0
161    6   82  250  166   11  197  255  227  255  140    0  140    0  231   31    3    1   91    5  239  255    3    0  135    0  107    0  235   28  216   15   51   18  241  255   13    0  140    0  140    0  195   34  117    2  200    5   35    0  242  255  140    0  140    0
161    6   83  250  167   11  205  255  232  255  140    0  140    0   26   35    2    1   91    5  240  255    3    0  135    0  111    0  226   33  206   15   59   18  231  255   22    0  140    0  140    0  124   35  117    2  202    5   30    0  244  255  140    0  140    0
161    6   82  250  166   11  208  255  233  255  140    0  140    0  221   33    2    1   91    5  242  255    2    0  135    0  114    0   62   33  203   15   61   18  230  255   23    0  140    0  140    0   42   33  118    2  204    5   28    0  245  255  140    0  140    0
161    6   93  250  171   11  235  255  246  255  140    0  140    0  118   35    3    1   91    5  245  255    2    0  135    0  117    0  228   32  215   15   52   18  245  255   10    0  140    0  140    0   29   35  118    2  205    5   25    0  246  255  140    0  140    0
161    6   99  250  174   11  249  255  253  255  140    0  140    0   31   34    3    1   91    5  247  255    1    0  135    0  119    0  210   32  217   15   49   18  248  255    6    0  140    0  140    0  249   33  116    2  208    5   17    0  249  255  140    0  140    0
161    6  104  250  177   11    2    0    1    0  140    0  140    0  149   32    3    1   91    5  248  255    1    0  135    0  121    0  213   36  210   15   55   18  241  255   13    0  140    0  140    0  129   32  117    2  209    5   16    0  250  255  140    0  140    0
161    6  110  250  179   11   13    0    6    0  140    0  140    0  106   33    3    1   91    5  248  255    1    0  135    0  123    0   10   34  203   15   62   18  233  255   20    0  140    0  140    0  179   33  115    2  210    5   10    0  252  255  140    0  140    0
161    6  108  250  179   11    8    0    4    0  140    0  140    0  105   35    4    1   91    5  252  255    0    0  135    0  125    0  164   33  217   15   49   18  252  255    4    0  140    0  140    0  191   36  119    2  210    5   16    0  250  255  140    0  140    0
161    6  109  250  179   11    9    0    4    0  140    0  140    0  138   35    7    1   91    5    0    0    0    0  135    0  126    0   76   32  203   15   62   18  236  255   18    0  140    0  140    0  107   34  119    2  211    5   13    0  251  255  140    0  140    0
161    6  105  250  177   11    0    0    0    0  140    0  140    0   45   36    9    1   90    5    4    0    0    0  135    0  127    0   38   36  209   15   56   18  244  255   10    0  140    0  140    0  140   33  123    2  210    5   18    0  248  255  140    0  140    0
161    6  107  250  178   11    5    0    2    0  140    0  140    0    7   34   11    1   90    5    8    0  255  255  135    0  128    0  108   34  197   15   67   18  231  255   21    0  140    0  140    0   49   32  121    2  211    5   12    0  251  255  140    0  140    0
161    6  109  250  179   11    7    0    3    0  140    0  140    0  172   33   13    1   89    5   11    0  254  255  135    0  129    0  229   32  189   15   74   18  224  255   28    0  140    0  140    0  142   36  124    2  211    5   16    0  249  255  140    0  140    0
161    6  109  250  179   11    6    0    3    0  140    0  140    0   69   34   13    1   89    5   10    0  254  255  135    0  130    0  138   34  179   15   82   18  215  255   35    0  140    0  140    0  146   34  122    2  212    5   11    0  252  255  140    0  140    0
161    6  104  250  177   11  254  255  255  255  140    0  140    0   36   31   15    1   89    5   11    0  254  255  135    0  131    0  147   31  182   15   80   18  221  255   30    0  140    0  140    0   39   33  123    2  212    5   10    0  252  255  140    0  140    0
161    6   98  250  174   11  242  255  250  255  140    0  140    0  103   34   16    1   89    5   13    0  254  255  135    0  132    0  119   32  183   15   79   18  224  255   27    0  140    0  140    0  183   33  124    2  212    5   12    0  251  255  140    0  140    0
161    6   90  250  170   11  229  255  243  255  140    0  140    0  242   34   17    1   88    5   14    0  254  255  135    0  133    0   93   34  178   15   83   18  221  255   30    0  140    0  140    0   32   36  124    2  213    5   10    0  252  255  140    0  140    0
161    6   85  250  167   11  221  255  239  255  140    0  140    0   15   34   16    1   89    5    9    0  255  255  135    0  133    0   33   36  177   15   84   18  222  255   29    0  140    0  140    0   36   33  127    2  212    5   14    0  250  255  140    0  140    0
161    6   78  250  164   11  213  255  235  255  140    0  140    0    0   31   15    1   89    5    6    0  255  255  135    0  133    0   29   31  175   15   86   18  222  255   29    0  140    0  140    0  103   33  131    2  210    5   20    0  247  255  140    0  140    0
161    6   69  250  159   11  200  255  229  255  140    0  140    0  242   34   15    1   89    5    6    0  255  255  135    0  133    0  238   33  170   15   90   18  219  255   31    0  140    0  140    0  167   32  136    2  209    5   27    0  245  255  140    0  140    0
161    6   64  250  157   11  197  255  227  255  140    0  140    0  189   31   14    1   89    5    3    0    0    0  135    0  133    0   41   37  164   15   95   18  215  255   35    0  140    0  140    0  137   34  140    2  208    5   30    0  243  255  140    0  140    0
161    6   57  250  154   11  191  255  224  255  140    0  140    0   22   35   14    1   89    5    2    0    0    0  135    0  123    0    7   34  156   15  102   18  209  255   40    0  140    0  140    0  241   34  142    2  207    5   30    0  243  255  140    0  140    0
161    6   50  250  150   11  185  255  221  255  140    0  140    0  112   36   16    1   89    5    6    0  255  255  135    0  125    0   30   34  156   15  102   18  212  255   37    0  140    0  140    0  135   35  147    2  205    5   37    0  240  255  140    0  140    0
161    6   49  250  150   11  191  255  224  255  140    0  140    0   63   35   15    1   89    5    4    0    0    0  135    0  126    0  255   32  163   15   96   18  222  255   28    0  140    0  140    0   50   32  152    2  203    5   42    0  238  255  140    0  140    0
161    6   53  250  151   11  206  255  231  255  140    0  140    0  160   34   14    1   89    5    1    0    0    0  135    0  127    0   93   34  173   15   87   18  236  255   17    0  140    0  140    0  209   33  157    2  201    5   46    0  236  255  140    0  140    0
161    6   60  250  155   11  225  255  241  255  140    0  140    0  174   33   13    1   89    5    0    0    0    0  134    0  118    0  132   33  170   15   90   18  234  255   18    0  140    0  140    0  254   28  160    2  200    5   46    0  236  255  140    0  140    0
161    6   65  250  158   11  238  255  247  255  140    0  140    0  226   33   12    1   89    5  254  255    0    0  133    0  110    0  175   36  179   15   82   18  245  255    9    0  140    0  140    0   96   34  163    2  198    5   46    0  236  255  140    0  140    0
161    6   68  250  159   11  246  255  252  255  140    0  140    0   60   33   13    1   89    5    0    0    0    0  131    0  104    0   98   35  175   15   86   18  242  255   12    0  140    0  140    0   65   33  165    2  197    5   46    0  236  255  140    0  140    0
161    6   69  250  159   11  249  255  253  255  140    0  140    0  168   32   14    1   89    5    2    0    0    0  130    0   98    0   86   28  178   15   83   18  246  255    9    0  140    0  140    0  176   33  168    2  196    5   46    0  236  255  140    0  140    0
161    6   62  250  156   11  237  255  247  255  140    0  140    0   24   34   16    1   89    5    4    0    0    0  130    0   93    0  177   34  169   15   91   18  237  255   16    0  140    0  140    0  150   35  171    2  195    5   46    0  236  255  140    0  140    0
161    6   63  250  157   11  242  255  249  255  140    0  140    0   56   31   17    1   89    5    5    0  255  255  129    0   89    0   93   32  176   15   85   18  246  255    8    0  140    0  140    0   90   33  174    2  193    5   46    0  236  255  140    0  140    0   49   36   26   16  152   26  236  255   13    0  140    0  140    0
161    6   63  250  157   11  243  255  250  255  140    0  140    0  151   30   16    1   89    5    3    0    0    0  129    0   85    0   42   37  176   15   85   18  247  255    8    0  140    0  140    0   69   34  177    2  192    5   46    0  236  255  140    0  140    0  184   36   16   16  159   26  223  255   21    0  140    0  140    0
161    6   64  250  157   11  246  255  251  255  140    0  140    0   42   30   17    1   89    5    4    0    0    0  129    0   81    0  186   31  162   15   97   18  231  255   21    0  140    0  140    0   57   35  179    2  191    5   46    0  236  255  140    0  140    0   52   36   14   16  160   26  223  255   21    0  140    0  140    0
161    6   63  250  157   11  245  255  251  255  140    0  140    0   21   33   18    1   88    5    6    0  255  255  129    0   78    0  163   35  171   15   89   18  244  255   10    0  140    0  140    0   20   34  182    2  189    5   46    0  236  255  140    0  140    0   51   36   12   16  161   26  223  255   21    0  140    0  140    0
161    6   69  250  159   11    1    0    0    0  140    0  140    0  255   33   18    1   88    5    6    0  255  255  129    0   75    0   65   35  171   15   89   18  245  255   10    0  140    0  140    0  221   34  185    2  188    5   46    0  236  255  140    0  140    0
161    6   73  250  162   11    9    0    4    0  140    0  140    0   67   33   19    1   88    5    7    0  255  255  128    0   73    0  109   34  172   15   88   18  246  255    9    0  140    0  140    0
161    6   79  250  165   11   19    0    9    0  140    0  140    0  101   33   20    1   88    5    8    0  255  255  128    0   71    0  103   34  165   15   94   18  240  255   14    0  140    0  140    0
161    6   84  250  167   11   27    0   13    0  140    0  140    0  186   35   19    1   88    5    6    0  255  255  127    0   69    0  253   32  161   15   98   18  236  255   17    0  140    0  140    0
161    6   84  250  167   11   23    0   11    0  140    0  140    0  252   29   18    1   88    5    3    0    0    0  128    0   67    0  181   34  144   15  112   18  219  255   32    0  140    0  140    0
161    6   90  250  170   11   32    0   15    0  140    0  140    0  165   32   18    1   88    5    2    0    0    0  128    0   66    0  150   32  144   15  112   18  221  255   29    0  140    0  140    0
161    6   92  250  171   11   33    0   16    0  140    0  140    0  195   33   16    1   89    5  255  255    0    0  129    0   75    0  220   31  144   15  112   18  223  255   28    0  140    0  140    0
161    6   94  250  172   11   32    0   15    0  140    0  140    0  129   35   14    1   89    5  252  255    0    0  130    0   83    0   89   36  145   15  111   18  226  255   25    0  140    0  140    0
161    6  101  250  175   11   42    0   20    0  140    0  140    0   33   34   13    1   89    5  250  255    1    0  131    0   90    0  206   35  146   15  110   18  230  255   22    0  140    0  140    0
161    6  108  250  179   11   50    0   23    0  140    0  140    0  165   34   13    1   89    5  250  255    1    0  132    0   85    0   37   35  131   15  123   18  215  255   35    0  140    0  140    0
161    6  118  250  183   11   64    0   30    0  140    0  140    0  209   30   14    1   89    5  253  255    0    0  134    0   81    0    7   34  125   15  128   18  211  255   38    0  140    0  140    0
161    6  128  250  188   11   75    0   35    0  140    0  140    0   62   30   15    1   89    5    0    0    0    0  135    0   77    0  229   34  120   15  132   18  209  255   39    0  140    0  140    0
161    6  131  250  189   11   72    0   33    0  140    0  140    0  125   34   16    1   89    5    1    0    0    0  136    0   74    0  126   31  130   15  124   18  223  255   28    0  140    0  140    0
161    6  132  250  190   11   67    0   31    0  140    0  140    0  228   34   17    1   89    5    2    0    0    0  137    0   71    0  156   33  128   15  125   18  223  255   28    0  140    0  140    0
161    6  131  250  190   11   56    0   26    0  140    0  140    0  175   34   14    1   89    5  253  255    0    0  137    0   79    0   98   33  129   15  124   18  226  255   25    0  140    0  140    0
161    6  134  250  191   11   55    0   25    0  140    0  140    0   19   34   13    1   89    5  251  255    1    0  137    0   86    0  235   34  127   15  126   18  226  255   25    0  140    0  140    0
161    6  131  250  190   11   45    0   21    0  140    0  140    0  100   33   12    1   89    5  250  255    1    0  137    0   92    0   95   33  119   15  133   18  219  255   31    0  140    0  140    0
161    6  126  250  187   11   28    0   13    0  140    0  140    0   94   35   11    1   90    5  250  255    1    0  137    0   98    0  112   34  124   15  129   18  227  255   24    0  140    0  140    0
161    6  123  250  186   11   20    0    9    0  140    0  140    0   54   34   11    1   90    5  250  255    1    0  137    0  103    0   17   36  108   15  142   18  211  255   38    0  140    0  140    0
161    6  117  250  183   11    6    0    3    0  140    0  140    0   51   35    9    1   90    5  247  255    1    0  137    0  107    0  200   31  122   15  131   18  230  255   22    0  140    0  140    0
161    6  113  250  181   11  254  255  255  255  140    0  140    0  254   32    6    1   91    5  242  255    2    0  137    0  111    0   84   34  129   15  124   18  240  255   13    0  140    0  140    0
161    6  112  250  180   11  252  255  255  255  140    0  140    0  182   34    5    1   91    5  242  255    2    0  137    0  114    0  100   35  112   15  139   18  221  255   29    0  140    0  140    0
161    6  103  250  177   11  237  255  247  255  140    0  140    0  188   34    4    1   91    5  243  255    2    0  137    0  117    0  127   34  125   15  128   18  239  255   14    0  140    0  140    0
161    6  101  250  175   11  234  255  246  255  140    0  140    0  150   32    4    1   91    5  243  255    2    0  137    0  119    0  235   35  133   15  121   18  249  255    6    0  140    0  140    0  104   36   79    2  189    5   12    0  251  255  140    0  140    0
161    6  104  250  177   11  243  255  250  255  140    0  140    0  119   32    6    1   91    5  250  255    1    0  137    0  121    0  224   31  133   15  121   18  250  255    5    0  140    0  140    0  178   33   81    2  188    5   16    0  250  255  140    0  140    0
161    6  107  250  178   11  251  255  254  255  140    0  140    0   35   32    7    1   90    5  252  255    0    0  137    0  123    0  173   30  135   15  119   18  253  255    3    0  140    0  140    0  154   34   84    2  187    5   19    0  248  255  140    0  140    0
161    6  103  250  176   11  244  255  251  255  140    0  140    0   60   32    7    1   90    5  253  255    0    0  137    0  125    0  202   34  131   15  122   18  249  255    6    0  140    0  140    0  250   34   85    2  186    5   19    0  248  255  140    0  140    0
161    6   97  250  173   11  233  255  245  255  140    0  140    0   56   35    7    1   90    5  252  255    0    0  137    0  126    0   96   32  140   15  115   18    3    0  254  255  140    0  140    0  197   31   85    2  187    5   16    0  250  255  140    0  140    0
161    6   90  250  170   11  223  255  240  255  140    0  140    0  196   34    8    1   90    5  255  255    0    0  137    0  127    0    8   34  148   15  109   18   11    0  247  255  140    0  140    0  109   36   84    2  187    5   13    0  251  255  140    0  140    0
161    6   83  250  167   11  213  255  236  255  140    0  140    0  135   31    8    1   90    5  254  255    0    0  137    0  128    0  232   30  156   15  101   18   20    0  239  255  140    0  140    0   54   32   84    2  187    5   11    0  252  255  140    0  140    0  144   36  219  252  120    4  226    1  221  254  100    0  100    0
161    6   83  250  167   11  219  255  238  255  140    0  140    0  193   30    7    1   90    5  254  255    0    0  137    0  129    0   37   35  160   15   99   18   22    0  237  255  140    0  140    0  115   35   81    2  188    5    5    0  254  255  140    0  140    0  147   34  248  252  102    4  226    1  221  254  100    0  100    0
161    6   87  250  169   11  230  255  244  255  140    0  140    0   73   34    7    1   90    5  254  255    0    0  137    0  130    0  147   36  153   15  105   18   13    0  246  255  140    0  140    0   54   32   75    2  191    5  250  255    2    0  140    0  140    0
161    6  102  250  176   11    4    0    2    0  140    0  140    0  240   32    7    1   91    5  253  255    0    0  137    0  131    0  234   32  159   15  100   18   18    0  240  255  140    0  140    0  212   33   70    2  193    5  241  255    6    0  140    0  140    0
161    6  115  250  182   11   28    0   13    0  140    0  140    0   90   32    7    1   91    5  253  255    0    0  138    0  121    0  153   33  165   15   94   18   24    0  236  255  140    0  140    0  113   34   69    2  193    5  241  255    6    0  140    0  140    0
161    6  121  250  185   11   36    0   17    0  140    0  140    0   56   34    7    1   90    5  254  255    0    0  138    0  123    0  123   35  171   15   89   18   29    0  231  255  140    0  140    0   58   35   66    2  194    5  237  255    7    0  140    0  140    0
161    6  123  250  186   11   36    0   17    0  140    0  140    0  205   35    8    1   90    5    0    0    0    0  138    0  125    0   17   34  171   15   89   18   27    0  233  255  140    0  140    0  141   33   65    2  195    5  237  255    7    0  140    0  140    0
161    6  125  250  187   11   36    0   17    0  140    0  140    0  183   36    8    1   90    5    0    0    0    0  138    0  126    0   73   33  158   15  100   18   11    0  247  255  140    0  140    0  236   32   95    2  186    5   34    0  244  255  140    0  140    0
161    6  127  250  188   11   36    0   17    0  140    0  140    0  141   35    6    1   91    5  254  255    0    0  138    0  127    0  213   35  148   15  109   18    0    0    0    0  140    0  140    0   35   35   84    2  190    5   11    0  252  255  140    0  140    0
161    6  130  250  189   11   36    0   17    0  140    0  140    0   52   33    6    1   91    5  254  255    0    0  139    0  118    0   16   35  148   15  109   18    0    0    0    0  140    0  140    0  182   35   85    2  190    5   11    0  252  255  140    0  140    0
161    6  132  250  190   11   36    0   17    0  140    0  140    0   38   30    7    1   90    5  255  255    0    0  139    0  120    0  144   34  153   15  104   18    5    0  252  255  140    0  140    0  147   34   77    2  193    5  254  255    1    0  140    0  140    0
161    6  134  250  191   11   36    0   17    0  140    0  140    0   91   36    8    1   90    5    0    0    0    0  139    0  111    0  179   34  152   15  105   18    3    0  254  255  140    0  140    0  184   35   77    2  193    5  254  255    1    0  140    0  140    0  234   30   66  254  164    3  146    1  205  254  122    0  110    0
161    6  136  250  192   11   36    0   17    0  140    0  140    0  134   33   10    1   90    5    4    0    0    0  139    0  114    0  146   33  142   15  114   18  249  255    6    0  140    0  140    0  254   32  107    2  184    5   46    0  238  255  140    0  140    0  116   32   86  254  139    3  133    1  196  254  117    0  109    0
161    6  138  250  193   11   36    0   17    0  140    0  140    0  253   35   10    1   90    5    5    0    0    0  139    0  107    0  212   32  139   15  116   18  246  255    9    0  140    0  140    0  160   35  109    2  182    5   46    0  238  255  140    0  140    0   78   32  113  254  122    3  140    1  196  254  127    0  108    0
161    6  141  250  194   11   36    0   17    0  140    0  140    0  193   30    9    1   90    5    2    0    0    0  139    0  111    0   96   32  138   15  117   18  246  255    9    0  140    0  140    0  144   34  130    2  177    5   75    0  224  255  140    0  140    0  253   35  143  254  105    3  150    1    0  255  128    0  112    0
161    6  143  250  195   11   36    0   17    0  140    0  140    0    3   34    8    1   90    5    0    0    0    0  139    0  104    0  163   32  132   15  122   18  240  255   14    0  140    0  140    0  150   33  135    2  175    5   75    0  224  255  140    0  140    0   55   36  177  254   94    3  170    1    6  255  119    0  111    0
161    6    5    1   91    5  250  255    1    0  139    0   98    0  171   32  130   15  124   18  239  255   14    0  140    0  140    0  114   33  139    2  173    5   75    0  224  255  140    0  140    0  131   35  206  254   81    3  178    1    2  255  126    0  108    0
161    6    4    1   91    5  250  255    1    0  138    0   93    0  143   33  120   15  132   18  229  255   23    0  140    0  140    0   41   31  144    2  171    5   75    0  224  255  140    0  140    0   47   34  232  254   64    3  177    1  250  254  131    0  110    0
161    6    7    1   90    5    0    0    0    0  137    0   88    0  166   30  122   15  131   18  233  255   19    0  140    0  140    0   82   33  148    2  169    5   75    0  224  255  140    0  140    0  160   34  254  254   47    3  169    1  241  254  141    0  106    0
37    7   19  255   30    3  161    1  233  254  145    0  101    0   83   31    8    1   90    5    1    0    0    0  137    0   84    0  249   34  127   15  126   18  240  255   13    0  140    0  140    0   99   36  153    2  167    5   75    0  224  255  140    0  140    0
37    7   44  255   13    3  161    1  233  254  145    0  101    0  137   31   11    1   90    5    7    0  255  255  135    0   81    0   45   30  134   15  120   18  250  255    5    0  140    0  140    0   79   32  157    2  165    5   75    0  224  255  140    0  140    0
37    7   76  255    0    3  172    1   23  255  150    0  105    0   79   35   11    1   90    5    7    0  255  255  135    0   88    0   13   36  150   15  107   18   11    0  246  255  140    0  140    0   48   32  111    2  186    5    5    0    0    0  140    0  140    0
37    7   93  255  240    2  157    1   17  255  149    0  103    0   90   33   10    1   90    5    3    0    0    0  134    0   84    0  238   30  151   15  106   18   12    0  246  255  140    0  140    0   18   35  111    2  186    5    5    0    0    0  140    0  140    0
37    7  117  255  226    2  157    1   17  255  149    0  103    0   79   32   10    1   90    5    2    0    0    0  135    0   80    0   46   33  148   15  108   18    8    0  250  255  140    0  140    0  142   34  111    2  186    5    5    0    0    0  140    0  140    0
37    7  146  255  212    2  164    1  251  254  153    0  101    0  216   33   11    1   90    5    4    0    0    0  135    0   87    0   97   35  145   15  111   18    4    0  253  255  140    0  140    0   85   32   95    2  199    5  238  255    8    0  140    0  140    0
37    7  174  255  196    2  168    1  238  254  158    0  102    0   35   34   15    1   89    5   12    0  254  255  128    0   88    0   40   33  152   15  105   18   11    0  247  255  140    0  140    0   22   34   94    2  200    5  238  255    8    0  140    0  140    0
37    7  206  255  181    2  180    1   25  255  166    0   99    0  102   34   14    1   89    5    9    0  255  255  129    0   94    0  130   29  160   15   99   18   19    0  240  255  140    0  140    0   37   32   70    2  215    5  206  255   20    0  140    0  140    0
37    7  232  255  167    2  180    1   25  255  166    0   99    0   88   29   17    1   89    5   12    0  254  255  123    0   94    0  221   32  162   15   97   18   20    0  239  255  140    0  140    0   43   36   67    2  216    5  206  255   20    0  140    0  140    0
