59   19    3  245  124   21  167  255  211  255  133    0  133    0
59   19   12  245  129   21  192  255  224  255  133    0  133    0
59   19   16  245  131   21  208  255  232  255  133    0  133    0
59   19   33  245  139   21  244  255  250  255  133    0  133    0
59   19   43  245  145   21    7    0    4    0  133    0  133    0
59   19   49  245  147   21   16    0    8    0  133    0  133    0
59   19   65  245  155   21   44    0   22    0  133    0  133    0
59   19   85  245  165   21   77    0   38    0  133    0  133    0
59   19   94  245  170   21   86    0   42    0  133    0  133    0
59   19  106  245  176   21   99    0   48    0  133    0  133    0
59   19  106  245  176   21   87    0   42    0  133    0  133    0
59   19  131  245  188   21  125    0   60    0  133    0  133    0   31   30  220  238  245   25   46    1  206    0  140    0  140    0
59   19  151  245  198   21  149    0   71    0  133    0  133    0   85   36  238  238    2   26   46    1  206    0  140    0  140    0
59   19  151  245  198   21  133    0   63    0  133    0  133    0
59   19  168  245  206   21  148    0   70    0  133    0  133    0
59   19  173  245  208   21  141    0   67    0  133    0  133    0
59   19  181  245  212   21  141    0   66    0  133    0  133    0
59   19  200  245  221   21  160    0   75    0  133    0  133    0   98   35  239  238  255   25  165    0  109    0  140    0  140    0
59   19  194  245  218   21  130    0   61    0  133    0  133    0   14   33  249  238    6   26  165    0  109    0  140    0  140    0
59   19  205  245  223   21  136    0   63    0  133    0  133    0
59   19  211  245  226   21  132    0   61    0  133    0  133    0
59   19  213  245  226   21  121    0   56    0  133    0  133    0
59   19  220  245  230   21  121    0   56    0  133    0  133    0
59   19  207  245  224   21   82    0   38    0  133    0  133    0
59   19  196  245  219   21   52    0   24    0  133    0  133    0
59   19  188  245  215   21   31    0   14    0  133    0  133    0
59   19  193  245  217   21   36    0   17    0  133    0  133    0
59   19  188  245  215   21   22    0   10    0  133    0  133    0
59   19  188  245  215   21   20    0    9    0  133    0  133    0
59   19  183  245  212   21    7    0    3    0  133    0  133    0
59   19  175  245  208   21  248  255  253  255  133    0  133    0
59   19  177  245  209   21  254  255  255  255  133    0  133    0
59   19  164  245  203   21  230  255  244  255  133    0  133    0
59   19  161  245  202   21  226  255  242  255  133    0  133    0
59   19  162  245  202   21  233  255  245  255  133    0  133    0
59   19  151  245  197   21  214  255  236  255  133    0  133    0
59   19  153  245  198   21  222  255  240  255  133    0  133    0   17   32  124  239   89   26  119    0   75    0  140    0  140    0
59   19  152  245  197   21  224  255  241  255  133    0  133    0  223   32  131  239   93   26  119    0   75    0  140    0  140    0
59   19  157  245  200   21  238  255  248  255  133    0  133    0   21   33  104  239   76   26   57    0   36    0  140    0  140    0
59   19  152  245  197   21  230  255  244  255  133    0  133    0   48   34  107  239   79   26   57    0   36    0  140    0  140    0
59   19  153  245  198   21  235  255  246  255  133    0  133    0   89   34  111  239   81   26   57    0   36    0  140    0  140    0
59   19  146  245  194   21  224  255  241  255  133    0  133    0
59   19  147  245  195   21  229  255  243  255  133    0  133    0   53   32   55  239   45   26  210  255  228  255  140    0  140    0
59   19  143  245  193   21  225  255  241  255  133    0  133    0   83   32   82  239   62   26    1    0    1    0  140    0  140    0
59   19  148  245  195   21  237  255  247  255  133    0  133    0   42   32   82  239   62   26    1    0    1    0  140    0  140    0
59   19  138  245  190   21  221  255  240  255  133    0  133    0   45   33   82  239   62   26    1    0    1    0  140    0  140    0
59   19  136  245  189   21  221  255  240  255  133    0  133    0
59   19  137  245  190   21  227  255  242  255  133    0  133    0
59   19  135  245  189   21  227  255  242  255  133    0  133    0
59   19   79  245  162   21  130  255  195  255  133    0  133    0
59   19   64  245  154   21  116  255  187  255  133    0  133    0
59   19   34  245  139   21   79  255  167  255  133    0  133    0
59   19   27  245  136   21   86  255  170  255  133    0  133    0
59   19   13  245  129   21   79  255  166  255  133    0  133    0
59   19  242  244  115   21   51  255  150  255  133    0  133    0
59   19  234  244  111   21   58  255  154  255  133    0  133    0
59   19  222  244  104   21   58  255  154  255  133    0  133    0
59   19  234  244  111   21   99  255  176  255  133    0  133    0
59   19  247  244  117   21  138  255  196  255  133    0  133    0
59   19    4  245  124   21  173  255  214  255  133    0  133    0
59   19   12  245  129   21  197  255  226  255  133    0  133    0
59   19   15  245  130   21  209  255  232  255  133    0  133    0
59   19   18  245  131   21  218  255  237  255  133    0  133    0
59   19   35  245  140   21  253  255  255  255  133    0  133    0
59   19   60  245  153   21   44    0   22    0  133    0  133    0
59   19   60  245  153   21   39    0   19    0  133    0  133    0
59   19   75  245  161   21   62    0   30    0  133    0  133    0
59   19   96  245  171   21   94    0   46    0  133    0  133    0
59   19  112  245  179   21  113    0   55    0  133    0  133    0
59   19  130  245  188   21  136    0   65    0  133    0  133    0
59   19  140  245  193   21  140    0   67    0  133    0  133    0
59   19  141  245  193   21  126    0   60    0  133    0  133    0
59   19  148  245  197   21  124    0   59    0  133    0  133    0
59   19  155  245  200   21  123    0   59    0  133    0  133    0
59   19  157  245  201   21  113    0   54    0  133    0  133    0
59   19  164  245  204   21  113    0   53    0  133    0  133    0
59   19  163  245  203   21   97    0   46    0  133    0  133    0  251   34  220  238  235   25   33    0   22    0  140    0  140    0
59   19  165  245  204   21   90    0   42    0  133    0  133    0   26   35  222  238  236   25   33    0   22    0  140    0  140    0
59   19  157  245  200   21   64    0   30    0  133    0  133    0   18   35  205  238  225   25    1    0    1    0  140    0  140    0
59   19  144  245  194   21   32    0   15    0  133    0  133    0   39   35  206  238  226   25    1    0    1    0  140    0  140    0
59   19  137  245  191   21   16    0    7    0  133    0  133    0  245   36  212  238  230   25   12    0    8    0  140    0  140    0
59   19  139  245  192   21   18    0    8    0  133    0  133    0   84   35  213  238  231   25   12    0    8    0  140    0  140    0
59   19  136  245  190   21   10    0    4    0  133    0  133    0  193   34  214  238  232   25   14    0    9    0  140    0  140    0
59   19  128  245  186   21  251  255  254  255  133    0  133    0   37   35  201  238  223   25  248  255  251  255  140    0  140    0
59   19  117  245  181   21  230  255  244  255  133    0  133    0  207   36  201  238  223   25  248  255  251  255  140    0  140    0
59   19  117  245  181   21  234  255  245  255  133    0  133    0  235   26   11  239   12   26   96    0   64    0  140    0  140    0
59   19  122  245  183   21  244  255  251  255  133    0  133    0  125   35   16  239   15   26   96    0   64    0  140    0  140    0
59   19  123  245  183   21  248  255  252  255  133    0  133    0  254   33   34  239   27   26  114    0   74    0  140    0  140    0
59   19  121  245  183   21  245  255  251  255  133    0  133    0   85   34   33  239   27   26  102    0   66    0  140    0  140    0
59   19  124  245  184   21  252  255  254  255  133    0  133    0   67   34   39  239   31   26  102    0   66    0  140    0  140    0
59   19  132  245  188   21   12    0    5    0  133    0  133    0  126   35   45  239   35   26  102    0   66    0  140    0  140    0
59   19  146  245  195   21   36    0   17    0  133    0  133    0  130   34   51  239   39   26  102    0   66    0  140    0  140    0
59   19  154  245  198   21   47    0   22    0  133    0  133    0   93   33   58  239   42   26  102    0   66    0  140    0  140    0
59   19  159  245  201   21   52    0   25    0  133    0  133    0  226   34   64  239   46   26  102    0   66    0  140    0  140    0
59   19  162  245  202   21   52    0   24    0  133    0  133    0  192   34   70  239   50   26  102    0   66    0  140    0  140    0
59   19  162  245  202   21   44    0   21    0  133    0  133    0  155   35   76  239   54   26  102    0   66    0  140    0  140    0
59   19  167  245  204   21   50    0   23    0  133    0  133    0  239   32   82  239   58   26  102    0   66    0  140    0  140    0
59   19  176  245  209   21   61    0   29    0  133    0  133    0  169   35   97  239   68   26  113    0   71    0  140    0  140    0
59   19  187  245  214   21   74    0   35    0  133    0  133    0  223   33   89  239   63   26   95    0   60    0  140    0  140    0
59   19  201  245  221   21   94    0   44    0  133    0  133    0  193   33   80  239   57   26   77    0   49    0  140    0  140    0
59   19  204  245  222   21   87    0   41    0  133    0  133    0  192   35   85  239   60   26   77    0   49    0  140    0  140    0
59   19  213  245  226   21   95    0   44    0  133    0  133    0  207   27   51  239   39   26   27    0   18    0  140    0  140    0
59   19  211  245  225   21   79    0   37    0  133    0  133    0   32   32   61  239   45   26   39    0   25    0  140    0  140    0
59   19  212  245  225   21   73    0   34    0  133    0  133    0  109   31   63  239   47   26   39    0   25    0  140    0  140    0
59   19  212  245  225   21   65    0   30    0  133    0  133    0   37   34  225  238  243   25  164  255  198  255  140    0  140    0
59   19  205  245  222   21   44    0   20    0  133    0  133    0   27   34  220  238  240   25  164  255  198  255  140    0  140    0
59   19  198  245  219   21   26    0   12    0  133    0  133    0  106   31    9  239   12   26  237  255  245  255  140    0  140    0
59   19  197  245  218   21   21    0    9    0  133    0  133    0   54   36    7  239   12   26  237  255  245  255  140    0  140    0
59   19  189  245  215   21    3    0    1    0  133    0  133    0  239   33  224  238  242   25  181  255  207  255  140    0  140    0
59   19  172  245  207   21  228  255  243  255  133    0  133    0  191   35  219  238  239   25  181  255  207  255  140    0  140    0
59   19  160  245  201   21  206  255  233  255  133    0  133    0  222   22  214  238  236   25  181  255  207  255  140    0  140    0
59   19  155  245  198   21  203  255  231  255  133    0  133    0  170   33  222  238  241   25  198  255  218  255  140    0  140    0
59   19  142  245  192   21  185  255  222  255  133    0  133    0  134   30    5  239   10   26    1    0    1    0  140    0  140    0
59   19  141  245  192   21  190  255  225  255  133    0  133    0    4   36  243  238  255   25  232  255  240  255  140    0  140    0
59   19  136  245  190   21  190  255  224  255  133    0  133    0  236   33  241  238  254   25  232  255  240  255  140    0  140    0
59   19  131  245  187   21  187  255  223  255  133    0  133    0  136   32  233  238  248   25  221  255  233  255  140    0  140    0
59   19  134  245  188   21  201  255  230  255  133    0  133    0  114   35  236  238  250   25  229  255  239  255  140    0  140    0
59   19  129  245  186   21  198  255  228  255  133    0  133    0  142   33  234  238  249   25  229  255  239  255  140    0  140    0
59   19  134  245  189   21  214  255  236  255  133    0  133    0  171   36  233  238  248   25  229  255  239  255  140    0  140    0
59   19  134  245  188   21  218  255  238  255  133    0  133    0  220   35  231  238  247   25  229  255  239  255  140    0  140    0
59   19  141  245  191   21  235  255  246  255  133    0  133    0  190   34  229  238  246   25  229  255  239  255  140    0  140    0
59   19  152  245  197   21    3    0    1    0  133    0  133    0   93   33  228  238  245   25  229  255  239  255  140    0  140    0
59   19  152  245  197   21    2    0    1    0  133    0  133    0  110   35  226  238  244   25  229  255  239  255  140    0  140    0
59   19  146  245  194   21  248  255  253  255  133    0  133    0  146   32  224  238  242   25  229  255  239  255  140    0  140    0
59   19  140  245  191   21  237  255  247  255  133    0  133    0  174   27  223  238  241   25  229  255  239  255  140    0  140    0
59   19  148  245  195   21  255  255    0    0  133    0  133    0   74   33  221  238  240   25  229  255  239  255  140    0  140    0
59   19  154  245  198   21    8    0    4    0  133    0  133    0    2   36  220  238  239   25  229  255  239  255  140    0  140    0
59   19  154  245  198   21    7    0    3    0  133    0  133    0
59   19  150  245  196   21    0    0    0    0  133    0  133    0
59   19  156  245  199   21   11    0    5    0  133    0  133    0
59   19  146  245  194   21  248  255  253  255  133    0  133    0
59   19  142  245  192   21  242  255  249  255  133    0  133    0
59   19  141  245  192   21  241  255  249  255  133    0  133    0
59   19  150  245  196   21    2    0    1    0  133    0  133    0
59   19  158  245  199   21   17    0    8    0  133    0  133    0
59   19  169  245  205   21   37    0   17    0  133    0  133    0
59   19  163  245  202   21   21    0   10    0  133    0  133    0
59   19  152  245  197   21  255  255    0    0  133    0  133    0
59   19  142  245  192   21  236  255  247  255  133    0  133    0
59   19  141  245  191   21  236  255  246  255  133    0  133    0
59   19  136  245  189   21  230  255  244  255  133    0  133    0
59   19  140  245  191   21  239  255  248  255  133    0  133    0  212   34  171  238  209   25  115  254  248  254  140    0  140    0
59   19  131  245  186   21  224  255  241  255  133    0  133    0  164   34  143  238  190   25  107  254  238  254  140    0  140    0   66   30   87  252   55    5   30    0   21    0  140    0  140    0
59   19  124  245  183   21  215  255  236  255  133    0  133    0  157   35  118  238  173   25  107  254  238  254  140    0  140    0  130   35   91  252   57    5   33    0   23    0  140    0  140    0
59   19  118  245  180   21  208  255  233  255  133    0  133    0   42   29   94  238  157   25  107  254  238  254  140    0  140    0  131   35   93  252   58    5   33    0   23    0  140    0  140    0
59   19  120  245  181   21  217  255  237  255  133    0  133    0  170   31   63  238  135   25   96  254  223  254  140    0  140    0   44   32   93  252   59    5   29    0   20    0  140    0  140    0
59   19  130  245  186   21  241  255  249  255  133    0  133    0  166   34   38  238  118   25   96  254  223  254  140    0  140    0   67   36   91  252   57    5   22    0   15    0  140    0  140    0
59   19  133  245  187   21  248  255  253  255  133    0  133    0  117   31   13  238  100   25   96  254  223  254  140    0  140    0  215   34   90  252   57    5   17    0   12    0  140    0  140    0
59   19  125  245  184   21  235  255  246  255  133    0  133    0  212   30  252  237   88   25  110  254  227  254  140    0  140    0   73   35   90  252   56    5   14    0   10    0  140    0  140    0
59   19  130  245  186   21  246  255  251  255  133    0  133    0  147   35  226  237   69   25  106  254  221  254  140    0  140    0  219   33   92  252   58    5   17    0   12    0  140    0  140    0
59   19  124  245  183   21  236  255  246  255  133    0  133    0   35   34  201  237   51   25  106  254  221  254  140    0  140    0    6   35   93  252   59    5   17    0   12    0  140    0  140    0
59   19  128  245  185   21  247  255  252  255  133    0  133    0   60   33  245  237   84   25  209  254   43  255  140    0  140    0  133   34   91  252   57    5   11    0    8    0  140    0  140    0
59   19  122  245  182   21  236  255  247  255  133    0  133    0  140   32  227  237   71   25  209  254   43  255  140    0  140    0   15   36   87  252   55    5    3    0    2    0  140    0  140    0
59   19  118  245  180   21  231  255  244  255  133    0  133    0  130   34  209  237   58   25  209  254   43  255  140    0  140    0   40   34   87  252   54    5    2    0    1    0  140    0  140    0
59   19  113  245  178   21  223  255  240  255  133    0  133    0  160   36  191  237   45   25  209  254   43  255  140    0  140    0  128   32   81  252   50    5  247  255  250  255  140    0  140    0
59   19   95  245  169   21  194  255  226  255  133    0  133    0  226   31  210  237   59   25    7  255   78  255  140    0  140    0  228   34   81  252   50    5  247  255  250  255  140    0  140    0
59   19   81  245  162   21  174  255  216  255  133    0  133    0  196   34  195  237   49   25    7  255   78  255  140    0  140    0   28   36   72  252   43    5  232  255  239  255  140    0  140    0
59   19   61  245  152   21  146  255  201  255  133    0  133    0   21   36  180  237   38   25    7  255   78  255  140    0  140    0  168   35   70  252   42    5  232  255  239  255  140    0  140    0
59   19   57  245  150   21  150  255  203  255  133    0  133    0  155   35  247  237   88   25  119  255  161  255  132    0  135    0   91   32   69  252   41    5  232  255  239  255  140    0  140    0
59   19   53  245  148   21  155  255  206  255  133    0  133    0   87   34    9  238  101   25  153  255  184  255  133    0  135    0   40   33   75  252   46    5  245  255  248  255  140    0  140    0
59   19   64  245  154   21  187  255  222  255  133    0  133    0   53   35    3  238   97   25  153  255  184  255  133    0  135    0  237   35   83  252   52    5    4    0    3    0  140    0  140    0
59   19   75  245  159   21  216  255  237  255  133    0  133    0   14   36  252  237   93   25  153  255  184  255  133    0  135    0   21   34   87  252   54    5   10    0    7    0  140    0  140    0
59   19   70  245  157   21  212  255  234  255  133    0  133    0  105   36   26  238  114   25  201  255  218  255  133    0  135    0  127   34   83  252   52    5    2    0    1    0  140    0  140    0
59   19   72  245  157   21  219  255  238  255  133    0  133    0  246   32   22  238  112   25  201  255  218  255  133    0  135    0   71   33   89  252   56    5   12    0    8    0  140    0  140    0
59   19   74  245  159   21  229  255  243  255  133    0  133    0  139   35   19  238  109   25  201  255  218  255  133    0  135    0  114   34   89  252   56    5   10    0    7    0  140    0  140    0
59   19   74  245  159   21  232  255  244  255  133    0  133    0  169   34   16  238  107   25  201  255  218  255  133    0  135    0  132   26   88  252   56    5    9    0    6    0  140    0  140    0
59   19   90  245  167   21    8    0    4    0  133    0  133    0  164   33   12  238  105   25  201  255  218  255  133    0  135    0  182   36   96  252   61    5   22    0   15    0  140    0  140    0
59   19  108  245  176   21   41    0   20    0  133    0  133    0  112   32   95  252   60    5   17    0   11    0  140    0  140    0
59   19  119  245  181   21   57    0   28    0  133    0  133    0  207   31    9  239   37   26   16    1  198    0  133    0  135    0   60   34   98  252   62    5   21    0   14    0  140    0  140    0
59   19  132  245  187   21   74    0   36    0  133    0  133    0  189   34   64  239   73   26   66    1  209    0  133    0  135    0  214   35   96  252   60    5   14    0    9    0  140    0  140    0
59   19  150  245  196   21  101    0   48    0  133    0  133    0  164   33   83  239   85   26   66    1  209    0  133    0  135    0  192   32   93  252   58    5    7    0    5    0  140    0  140    0
59   19  164  245  203   21  116    0   55    0  133    0  133    0  131   29  102  239   98   26   66    1  209    0  133    0  135    0  149   36   81  252   50    5  241  255  246  255  140    0  140    0
59   19  175  245  208   21  123    0   58    0  133    0  133    0   20   37   71  252   43    5  223  255  233  255  140    0  140    0
59   19  190  245  215   21  138    0   64    0  133    0  133    0  126   34   57  252   34    5  202  255  217  255  140    0  140    0
59   19  195  245  218   21  131    0   61    0  133    0  133    0   61   31   46  252   25    5  187  255  205  255  140    0  140    0
59   19  194  245  217   21  115    0   54    0  133    0  133    0  230   32   42  252   22    5  187  255  205  255  140    0  140    0
59   19  197  245  219   21  107    0   50    0  133    0  133    0  156   34   29  252   13    5  171  255  191  255  140    0  140    0
59   19  198  245  219   21   98    0   45    0  133    0  133    0  239   34   23  252    8    5  170  255  189  255  140    0  140    0
59   19  194  245  217   21   77    0   36    0  133    0  133    0  200   36  181  238  227   25  231  255  240  255  133    0  135    0  216   34   16  252    2    5  166  255  185  255  140    0  140    0
59   19  186  245  213   21   53    0   25    0  133    0  133    0  103   33  180  238  226   25  231  255  240  255  133    0  135    0   24   35   17  252    3    5  177  255  194  255  140    0  140    0
59   19  175  245  208   21   27    0   13    0  133    0  133    0  205   35  182  238  226   25  237  255  243  255  133    0  135    0  137   35   12  252  255    4  177  255  194  255  140    0  140    0
59   19  177  245  209   21   27    0   13    0  133    0  133    0   75   34  181  238  225   25  237  255  243  255  133    0  135    0  104   35   11  252  255    4  185  255  200  255  140    0  140    0
59   19  178  245  210   21   27    0   12    0  133    0  133    0   83   34  202  238  237   25   12    0    8    0  133    0  135    0  114   32    8  252  252    4  187  255  202  255  140    0  140    0
59   19  180  245  210   21   27    0   12    0  133    0  133    0    4   28  203  238  238   25   12    0    8    0  133    0  135    0  180   34    6  252  251    4  191  255  204  255  140    0  140    0
59   19  178  245  209   21   20    0    9    0  133    0  133    0  155   36  203  238  238   25   12    0    8    0  133    0  135    0  215   34    4  252  249    4  194  255  207  255  140    0  140    0
59   19  176  245  208   21   13    0    6    0  133    0  133    0   40   32  204  238  239   25   12    0    8    0  133    0  135    0   81   35    5  252  250    4  203  255  214  255  140    0  140    0
59   19  165  245  203   21  249  255  253  255  133    0  133    0  104   35    2  252  247    4  203  255  214  255  140    0  140    0
59   19  157  245  199   21  234  255  246  255  133    0  133    0  245   32   26  239   34   26  123    0   82    0  133    0  135    0  248   31  255  251  245    4  203  255  214  255  140    0  140    0
59   19  157  245  199   21  236  255  247  255  133    0  133    0   93   36  249  238   10   26   63    0   42    0  133    0  135    0  139   34  255  251  245    4  210  255  219  255  140    0  140    0
59   19  156  245  199   21  236  255  247  255  133    0  133    0  215   33    5  239   18   26   76    0   49    0  133    0  135    0  253   32  252  251  243    4  210  255  219  255  140    0  140    0
59   19  159  245  200   21  245  255  251  255  133    0  133    0   59   32   16  239   24   26   86    0   56    0  133    0  135    0   43   33  255  251  245    4  219  255  227  255  140    0  140    0
59   19  158  245  200   21  245  255  251  255  133    0  133    0    6   35   22  239   28   26   86    0   56    0  133    0  135    0  251   34    1  252  247    4  226  255  232  255  140    0  140    0
59   19  146  245  194   21  223  255  241  255  133    0  133    0  196   34  254  238   12   26   38    0   25    0  133    0  135    0   95   31  254  251  245    4  225  255  231  255  140    0  140    0
59   19  151  245  196   21  236  255  247  255  133    0  133    0   73   33    0  239   13   26   38    0   25    0  133    0  135    0  204   33  253  251  243    4  225  255  231  255  140    0  140    0
59   19  150  245  196   21  237  255  247  255  133    0  133    0  174   33    2  239   15   26   38    0   25    0  133    0  135    0   28   37  251  251  241    4  225  255  231  255  140    0  140    0
59   19  142  245  192   21  223  255  241  255  133    0  133    0  231   34   18  239   24   26   59    0   38    0  133    0  135    0  232   31  249  251  240    4  225  255  231  255  140    0  140    0
59   19  143  245  192   21  229  255  243  255  133    0  133    0   75   35   21  239   27   26   59    0   38    0  133    0  135    0  196   33  247  251  238    4  225  255  231  255  140    0  140    0
59   19  140  245  191   21  226  255  242  255  133    0  133    0  221   33   25  239   29   26   59    0   38    0  133    0  135    0  128   34  245  251  237    4  225  255  231  255  140    0  140    0
59   19  138  245  190   21  226  255  242  255  133    0  133    0   20   35   28  239   31   26   59    0   38    0  133    0  135    0   11   34  254  251  245    4  241  255  245  255  140    0  140    0
59   19  136  245  189   21  227  255  242  255  133    0  133    0  130   35   32  239   33   26   59    0   38    0  133    0  135    0   78   35  254  251  244    4  241  255  245  255  140    0  140    0
59   19  133  245  188   21  224  255  241  255  133    0  133    0  132   33   36  239   36   26   59    0   38    0  133    0  135    0  120   34  253  251  244    4  241  255  245  255  140    0  140    0
59   19  120  245  181   21  203  255  230  255  133    0  133    0  254   33   88  239   69   26  122    0   78    0  133    0  135    0  236   30  252  251  243    4  241  255  245  255  140    0  140    0
59   19  122  245  182   21  212  255  235  255  133    0  133    0   97   33   95  239   74   26  122    0   78    0  133    0  135    0   69   32  251  251  242    4  241  255  245  255  140    0  140    0
59   19  109  245  176   21  193  255  225  255  133    0  133    0    8   33  102  239   79   26  122    0   78    0  133    0  135    0  242   28  250  251  241    4  241  255  245  255  140    0  140    0
59   19  102  245  172   21  186  255  222  255  133    0  133    0  140   36  249  251  241    4  241  255  245  255  140    0  140    0
59   19  103  245  173   21  196  255  227  255  133    0  133    0  197   33  135  238  189   25   83  255  152  255  133    0  135    0  164   34  248  251  240    4  241  255  245  255  140    0  140    0
59   19  114  245  179   21  225  255  241  255  133    0  133    0  216   28   92  238  160   25   44  255  113  255  133    0  135    0  199   33  247  251  239    4  241  255  245  255  140    0  140    0
59   19  118  245  180   21  236  255  247  255  133    0  133    0  255   37   99  238  164   25   70  255  129  255  133    0  135    0  125   37  246  251  239    4  241  255  245  255  140    0  140    0
59   19  115  245  179   21  233  255  245  255  133    0  133    0   88   31   88  238  156   25   70  255  129  255  133    0  135    0  120   32  245  251  238    4  241  255  245  255  140    0  140    0
59   19  112  245  177   21  230  255  243  255  133    0  133    0  170   33  102  238  165   25  106  255  153  255  133    0  135    0
59   19  118  245  180   21  243  255  250  255  133    0  133    0  189   32   93  238  159   25  106  255  153  255  133    0  135    0
59   19  119  245  181   21  246  255  252  255  133    0  133    0   91   35   84  238  152   25  106  255  153  255  133    0  135    0
59   19  111  245  177   21  234  255  246  255  133    0  133    0   52   33  156  238  201   25  217  255  233  255  133    0  135    0
59   19  113  245  178   21  239  255  248  255  133    0  133    0  119   33  128  238  182   25  182  255  206  255  133    0  135    0
59   19  106  245  174   21  228  255  243  255  133    0  133    0  191   29  124  238  179   25  182  255  206  255  133    0  135    0
59   19  112  245  177   21  243  255  250  255  133    0  133    0  118   31  119  238  175   25  182  255  206  255  133    0  135    0
59   19  112  245  177   21  245  255  251  255  133    0  133    0  165   33  190  238  224   25   30    0   22    0  133    0  135    0
59   19  113  245  178   21  247  255  252  255  133    0  133    0   60   32  192  238  225   25   30    0   22    0  133    0  135    0
59   19  107  245  175   21  238  255  247  255  133    0  133    0  160   34  252  238   10   26  112    0   74    0  133    0  135    0
59   19  109  245  176   21  242  255  250  255  133    0  133    0   44   35   39  239   38   26  162    0  105    0  133    0  135    0
59   19  114  245  178   21  254  255  255  255  133    0  133    0  254   34   48  239   44   26  162    0  105    0  133    0  135    0
59   19  122  245  182   21   12    0    6    0  133    0  133    0   73   33   58  239   51   26  162    0  105    0  133    0  135    0
59   19  139  245  191   21   45    0   21    0  133    0  133    0   46   32   68  239   57   26  162    0  105    0  133    0  135    0
59   19  140  245  191   21   40    0   19    0  133    0  133    0   56   35   78  239   63   26  162    0  105    0  133    0  135    0
59   19  146  245  194   21   47    0   22    0  133    0  133    0  135   31   14  239   20   26   57    0   38    0  133    0  135    0
59   19  141  245  192   21   33    0   16    0  133    0  133    0  138   31   18  239   22   26   57    0   38    0  133    0  135    0
59   19  137  245  189   21   20    0    9    0  133    0  133    0  217   33   74  239   59   26  133    0   85    0  133    0  135    0
59   19  131  245  187   21    8    0    4    0  133    0  133    0  158   33   82  239   64   26  133    0   85    0  133    0  135    0
59   19  130  245  186   21    3    0    1    0  133    0  133    0  213   32  135  239   98   26  197    0  124    0  133    0  135    0
59   19  118  245  180   21  238  255  248  255  133    0  133    0   45   30  147  239  105   26  197    0  124    0  133    0  135    0
59   19  115  245  179   21  235  255  246  255  133    0  133    0   78   32  159  239  113   26  197    0  124    0  133    0  135    0
59   19  111  245  177   21  229  255  243  255  133    0  133    0   83   34  146  239  104   26  162    0  101    0  133    0  135    0
59   19   97  245  170   21  205  255  231  255  133    0  133    0   89   33  138  239   99   26  138    0   86    0  133    0  135    0
59   19   89  245  166   21  197  255  227  255  133    0  133    0  185   33  147  239  104   26  138    0   86    0  133    0  135    0
59   19   85  245  164   21  195  255  226  255  133    0  133    0  108   35   87  239   66   26   42    0   28    0  133    0  135    0
59   19   89  245  166   21  210  255  234  255  133    0  133    0  214   32   89  239   68   26   42    0   28    0  133    0  135    0
59   19   92  245  168   21  221  255  239  255  133    0  133    0   88   34   92  239   70   26   42    0   28    0  133    0  135    0
59   19  101  245  172   21  243  255  250  255  133    0  133    0  169   35   95  239   71   26   42    0   28    0  133    0  135    0
59   19  114  245  178   21   12    0    6    0  133    0  133    0   99   32   97  239   73   26   42    0   28    0  133    0  135    0
59   19  111  245  177   21    5    0    2    0  133    0  133    0   86   35   37  239   34   26  216  255  231  255  133    0  135    0
59   19  116  245  179   21   14    0    6    0  133    0  133    0  143   32  251  238    7   26  164  255  196  255  133    0  135    0
59   19  127  245  185   21   33    0   16    0  133    0  133    0  151   35  245  238    4   26  164  255  196  255  133    0  135    0
59   19  128  245  185   21   31    0   15    0  133    0  133    0   50   34   13  239   18   26  203  255  222  255  133    0  135    0
59   19  139  245  191   21   49    0   23    0  133    0  133    0   60   33    9  239   16   26  203  255  222  255  133    0  135    0
59   19  148  245  195   21   60    0   29    0  133    0  133    0  161   33    6  239   14   26  203  255  222  255  133    0  135    0
59   19  146  245  194   21   49    0   23    0  133    0  133    0   11   36  244  238    2   26  182  255  207  255  133    0  135    0
59   19  147  245  194   21   46    0   22    0  133    0  133    0  178   33  239  238  255   25  182  255  207  255  133    0  135    0
59   19  143  245  192   21   32    0   15    0  133    0  133    0   85   31  155  238  200   25   71  255  133  255  133    0  135    0
59   19  136  245  189   21   15    0    7    0  133    0  133    0  236   36  144  238  192   25   71  255  133  255  133    0  135    0
59   19  138  245  190   21   18    0    8    0  133    0  133    0  126   37   68  238  142   25  236  254   66  255  133    0  135    0
59   19  135  245  188   21    9    0    4    0  133    0  133    0  215   33   51  238  130   25  236  254   66  255  133    0  135    0
59   19  128  245  185   21  253  255  255  255  133    0  133    0  128   30  110  238  169   25   88  255  144  255  133    0  135    0
59   19  127  245  184   21  250  255  253  255  133    0  133    0  143   34  100  238  162   25   88  255  144  255  133    0  135    0
59   19  117  245  180   21  232  255  244  255  133    0  133    0  182   34   46  238  125   25   24  255   95  255  133    0  135    0
59   19  114  245  178   21  229  255  243  255  133    0  133    0    6   34   32  238  115   25   24  255   95  255  133    0  135    0
59   19  106  245  175   21  218  255  238  255  133    0  133    0  110   35   18  238  106   25   24  255   95  255  133    0  135    0
59   19  110  245  176   21  230  255  243  255  133    0  133    0  148   33    4  238   96   25   24  255   95  255  133    0  135    0
59   19  103  245  173   21  219  255  238  255  133    0  133    0  167   34  246  237   86   25   24  255   95  255  133    0  135    0
59   19  101  245  172   21  219  255  238  255  133    0  133    0  150   34  232  237   76   25   24  255   95  255  133    0  135    0
59   19   95  245  169   21  211  255  234  255  133    0  133    0  149   34  218  237   67   25   24  255   95  255  133    0  135    0
59   19   88  245  165   21  204  255  231  255  133    0  133    0  238   33  204  237   57   25   24  255   95  255  133    0  135    0
59   19   74  245  159   21  184  255  221  255  133    0  133    0  187   30  190  237   47   25   24  255   95  255  133    0  135    0
59   19   85  245  164   21  213  255  235  255  133    0  133    0  204   32  177  237   38   25   24  255   95  255  133    0  135    0
59   19   77  245  160   21  203  255  230  255  133    0  133    0   26   33  163  237   28   25   24  255   95  255  133    0  135    0
59   19   64  245  154   21  185  255  221  255  133    0  133    0
59   19   66  245  155   21  196  255  226  255  133    0  133    0
59   19   78  245  160   21  225  255  241  255  133    0  133    0
59   19   78  245  161   21  228  255  243  255  133    0  133    0
59   19   82  245  163   21  240  255  248  255  133    0  133    0
59   19   71  245  157   21  220  255  238  255  133    0  133    0
59   19   61  245  152   21  206  255  231  255  133    0  133    0
59   19   55  245  149   21  200  255  228  255  133    0  133    0
59   19   54  245  149   21  206  255  231  255  133    0  133    0
59   19   59  245  151   21  220  255  239  255  133    0  133    0
59   19   53  245  148   21  213  255  235  255  133    0  133    0
59   19   60  245  151   21  230  255  243  255  133    0  133    0
59   19   60  245  152   21  234  255  245  255  133    0  133    0
59   19   61  245  152   21  238  255  247  255  133    0  133    0
59   19   74  245  158   21    7    0    3    0  133    0  133    0
59   19   89  245  166   21   34    0   17    0  133    0  133    0
59   19   91  245  167   21   34    0   17    0  133    0  133    0
59   19   97  245  170   21   42    0   21    0  133    0  133    0
59   19  116  245  180   21   73    0   36    0  133    0  133    0
59   19  136  245  190   21  103    0   49    0  133    0  133    0
59   19  138  245  190   21   94    0   45    0  133    0  133    0
59   19  140  245  191   21   87    0   41    0  133    0  133    0
59   19  154  245  198   21  103    0   49    0  133    0  133    0
59   19  160  245  201   21  103    0   49    0  133    0  133    0
59   19  157  245  199   21   85    0   41    0  133    0  133    0
59   19  143  245  192   21   49    0   24    0  133    0  133    0
59   19  135  245  189   21   29    0   14    0  133    0  133    0
59   19  138  245  190   21   31    0   15    0  133    0  133    0
59   19  122  245  183   21  255  255    0    0  133    0  133    0
59   19  102  245  173   21  217  255  237  255  133    0  133    0
59   19   87  245  166   21  195  255  227  255  133    0  133    0
59   19   68  245  156   21  166  255  212  255  133    0  133    0  239   33  182  251  178    4  169  255  177  255  140    0  140    0
59   19   45  245  145   21  136  255  196  255  133    0  133    0  219   33  176  251  174    4  169  255  177  255  140    0  140    0
59   19   49  245  147   21  155  255  205  255  133    0  133    0   50   33   32  240  192   26  193    0  114    0  140    0  140    0   54   33  168  251  166    4  163  255  169  255  140    0  140    0
59   19   53  245  149   21  174  255  215  255  133    0  133    0   71   32   75  240  218   26  241    0  141    0  140    0  140    0  228   36  154  251  154    4  149  255  154  255  140    0  140    0
59   19   48  245  146   21  173  255  215  255  133    0  133    0  129   29   90  240  227   26  241    0  141    0  140    0  140    0  164   32  148  251  148    4  149  255  153  255  140    0  140    0
59   19   49  245  147   21  184  255  220  255  133    0  133    0  137   31  104  240  235   26  241    0  141    0  140    0  140    0  238   33  136  251  136    4  139  255  141  255  140    0  140    0
59   19   47  245  146   21  189  255  223  255  133    0  133    0  162   33  131  251  131    4  144  255  145  255  140    0  140    0
59   19   40  245  142   21  183  255  219  255  133    0  133    0  177   29  127  251  127    4  149  255  149  255  140    0  140    0
59   19   40  245  142   21  192  255  224  255  133    0  133    0  207   26  128  251  129    4  163  255  164  255  140    0  140    0
59   19   44  245  144   21  206  255  231  255  133    0  133    0   75   35  118  251  119    4  155  255  154  255  140    0  140    0
59   19   45  245  145   21  213  255  235  255  133    0  133    0  224   33  103  251  103    4  139  255  134  255  140    0  140    0
59   19   45  245  145   21  218  255  237  255  133    0  133    0   60   32   91  251   90    4  130  255  122  255  140    0  140    0
59   19   47  245  146   21  226  255  241  255  133    0  133    0    1   32   82  251   82    4  129  255  119  255  140    0  140    0
59   19   46  245  145   21  227  255  242  255  133    0  133    0  163   35   73  251   68    4  123  255  110  255  140    0  140    0
59   19   35  245  140   21  210  255  233  255  133    0  133    0  113   34   65  251   59    4  123  255  110  255  140    0  140    0
59   19   36  245  140   21  217  255  237  255  133    0  133    0  125   32   57  251   50    4  123  255  110  255  140    0  140    0
59   19   27  245  136   21  205  255  230  255  133    0  133    0  245   33   49  251   42    4  123  255  110  255  140    0  140    0
59   19   27  245  136   21  211  255  233  255  133    0  133    0    1   33   41  251   33    4  123  255  110  255  140    0  140    0
59   19   23  245  133   21  207  255  231  255  133    0  133    0  141   33   33  251   24    4  123  255  110  255  140    0  140    0
59   19   26  245  135   21  219  255  238  255  133    0  133    0  236   31   53  251   48    4  168  255  158  255  140    0  140    0
59   19   20  245  132   21  213  255  234  255  133    0  133    0  110   34   66  251   64    4  194  255  190  255  140    0  140    0
59   19   25  245  134   21  227  255  242  255  133    0  133    0    4   31   62  251   60    4  194  255  190  255  140    0  140    0
59   19   21  245  132   21  223  255  239  255  133    0  133    0  184   33   91  251   95    4  242  255  245  255  140    0  140    0
59   19   23  245  133   21  230  255  243  255  133    0  133    0   46   32  101  251  107    4    1    0    3    0  140    0  140    0
59   19   24  245  134   21  234  255  245  255  133    0  133    0   48   32  101  251  107    4    1    0    3    0  140    0  140    0
59   19   23  245  133   21  236  255  246  255  133    0  133    0  178   34  118  251  127    4   28    0   29    0  140    0  140    0
59   19   49  245  146   21   28    0   14    0  133    0  133    0   93   34  120  251  129    4   28    0   29    0  140    0  140    0
59   19   64  245  154   21   52    0   26    0  133    0  133    0  118   35  121  251  130    4   28    0   29    0  140    0  140    0
59   19   84  245  164   21   84    0   41    0  133    0  133    0   97   33  146  251  157    4   63    0   62    0  140    0  140    0
59   19   91  245  168   21   87    0   42    0  133    0  133    0   65   34  150  251  160    4   63    0   62    0  140    0  140    0
59   19  107  245  176   21  107    0   52    0  133    0  133    0  133   34  174  251  185    4   95    0   88    0  140    0  140    0
59   19  127  245  186   21  132    0   64    0  133    0  133    0  234   32  180  251  190    4   95    0   88    0  140    0  140    0
59   19  139  245  191   21  140    0   67    0  133    0  133    0   88   28  197  251  206    4  113    0  100    0  140    0  140    0
59   19  151  245  197   21  145    0   69    0  133    0  133    0   21   35  205  251  212    4  113    0   99    0  140    0  140    0
59   19  164  245  203   21  154    0   73    0  133    0  133    0  131   31  215  251  221    4  119    0  102    0  140    0  140    0
59   19  180  245  211   21  166    0   78    0  133    0  133    0   96   34  217  251  222    4  111    0   95    0  140    0  140    0
59   19  176  245  209   21  141    0   66    0  133    0  133    0   91   35  230  251  232    4  121    0  101    0  140    0  140    0
59   19  170  245  206   21  113    0   53    0  133    0  133    0   81   35  231  251  232    4  109    0   91    0  140    0  140    0
59   19  169  245  205   21   98    0   46    0  133    0  133    0  248   36  237  251  237    4  109    0   91    0  140    0  140    0
59   19  155  245  199   21   59    0   28    0  133    0  133    0   47   29  245  251  243    4  111    0   91    0  140    0  140    0
59   19  141  245  192   21   26    0   12    0  133    0  133    0  227   31  252  251  249    4  111    0   91    0  140    0  140    0
59   19  130  245  187   21    2    0    1    0  133    0  133    0  198   34    2  252  254    4  111    0   91    0  140    0  140    0
59   19  119  245  182   21  238  255  248  255  133    0  133    0   17   32   15  252    7    5  121    0   95    0  140    0  140    0
59   19  111  245  177   21  224  255  241  255  133    0  133    0   62   30   22  252   13    5  121    0   95    0  140    0  140    0
59   19   87  245  166   21  184  255  221  255  133    0  133    0   98   30   26  252   16    5  116    0   89    0  140    0  140    0
59   19   70  245  158   21  160  255  209  255  133    0  133    0  124   34   29  252   17    5  108    0   83    0  140    0  140    0
59   19   70  245  158   21  172  255  215  255  133    0  133    0  127   34   35  252   22    5  108    0   83    0  140    0  140    0
59   19   71  245  158   21  183  255  220  255  133    0  133    0  254   33   42  252   28    5  108    0   83    0  140    0  140    0
59   19   66  245  156   21  181  255  219  255  133    0  133    0  177   31   48  252   33    5  108    0   83    0  140    0  140    0
59   19   53  245  149   21  166  255  211  255  133    0  133    0  129   35   55  252   38    5  108    0   83    0  140    0  140    0
59   19   48  245  147   21  166  255  211  255  133    0  133    0  220   32   51  252   28    5   90    0   66    0  140    0  140    0
59   19   43  245  144   21  168  255  212  255  133    0  133    0  238   35   56  252   32    5   90    0   66    0  140    0  140    0
59   19   38  245  141   21  167  255  212  255  133    0  133    0    5   38   62  252   36    5   90    0   66    0  140    0  140    0
59   19   52  245  149   21  201  255  229  255  133    0  133    0  120   33   67  252   40    5   90    0   66    0  140    0  140    0
59   19   61  245  153   21  223  255  240  255  133    0  133    0   58   33   70  252   36    5   85    0   61    0  140    0  140    0
59   19   68  245  156   21  237  255  247  255  133    0  133    0   29   34   76  252   40    5   85    0   61    0  140    0  140    0    7   35   97  238  160   25  215  254   53  255  140    0  140    0
59   19   57  245  151   21  221  255  239  255  133    0  133    0   14   33   74  252   33    5   73    0   53    0  140    0  140    0  184   33   80  238  148   25  215  254   53  255  140    0  140    0
59   19   59  245  152   21  228  255  242  255  133    0  133    0  170   34   72  252   28    5   63    0   46    0  140    0  140    0
59   19   61  245  153   21  235  255  246  255  133    0  133    0  162   34   72  252   24    5   55    0   40    0  140    0  140    0
59   19   67  245  156   21  248  255  252  255  133    0  133    0  139   35   75  252   26    5   55    0   40    0  140    0  140    0
59   19   70  245  157   21  253  255  255  255  133    0  133    0   46   34   78  252   29    5   55    0   40    0  140    0  140    0
59   19   72  245  158   21    0    0    0    0  133    0  133    0   89   34   87  252   32    5   61    0   44    0  140    0  140    0
59   19   75  245  160   21    6    0    3    0  133    0  133    0   58   34   91  252   34    5   61    0   44    0  140    0  140    0
59   19   88  245  166   21   29    0   14    0  133    0  133    0  130   33   83  252   26    5   42    0   30    0  140    0  140    0
59   19   90  245  167   21   29    0   14    0  133    0  133    0   40   36   86  252   28    5   42    0   30    0  140    0  140    0
59   19   95  245  170   21   36    0   17    0  133    0  133    0  178   33   88  252   30    5   42    0   30    0  140    0  140    0
59   19   98  245  171   21   36    0   17    0  133    0  133    0  189   34   91  252   32    5   42    0   30    0  140    0  140    0
59   19   96  245  170   21   29    0   14    0  133    0  133    0  163   34   93  252   33    5   42    0   30    0  140    0  140    0
59   19   98  245  171   21   29    0   14    0  133    0  133    0  103   31   96  252   35    5   42    0   30    0  140    0  140    0
59   19   94  245  169   21   18    0    9    0  133    0  133    0   24   35   99  252   37    5   42    0   30    0  140    0  140    0
59   19  100  245  172   21   28    0   13    0  133    0  133    0  101   33   84  252   21    5   17    0   12    0  140    0  140    0
59   19  103  245  173   21   30    0   15    0  133    0  133    0  198   31   85  252   22    5   17    0   12    0  140    0  140    0
59   19  111  245  177   21   41    0   20    0  133    0  133    0   21   33   86  252   23    5   17    0   12    0  140    0  140    0
59   19  104  245  174   21   24    0   11    0  133    0  133    0   55   34   87  252   23    5   17    0   12    0  140    0  140    0
59   19   89  245  166   21  251  255  254  255  133    0  133    0   62   38   88  252   24    5   17    0   12    0  140    0  140    0
59   19   71  245  158   21  220  255  239  255  133    0  133    0   96   32   89  252   25    5   17    0   12    0  140    0  140    0
59   19   58  245  151   21  202  255  229  255  133    0  133    0   39   31   90  252   26    5   17    0   12    0  140    0  140    0
59   19   50  245  147   21  194  255  225  255  133    0  133    0  154   36   91  252   26    5   17    0   12    0  140    0  140    0
59   19   48  245  146   21  196  255  226  255  133    0  133    0  146   36   92  252   27    5   17    0   12    0  140    0  140    0
59   19   52  245  148   21  209  255  233  255  133    0  133    0  134   34   94  252   28    5   17    0   12    0  140    0  140    0
59   19   59  245  152   21  227  255  242  255  133    0  133    0  228   30   50  252    6    5  229  255  239  255  140    0  140    0
59   19   72  245  158   21  253  255  255  255  133    0  133    0  136   34   19  252  244    4  200  255  213  255  140    0  140    0
59   19   94  245  169   21   35    0   17    0  133    0  133    0   22   32    8  252  238    4  191  255  204  255  140    0  140    0
59   19  104  245  174   21   49    0   24    0  133    0  133    0  152   31  246  251  226    4  175  255  189  255  140    0  140    0
59   19   92  245  168   21   22    0   11    0  133    0  133    0  147   32  228  251  214    4  157  255  173  255  140    0  140    0
59   19   93  245  169   21   22    0   11    0  133    0  133    0  238   34  217  251  205    4  150  255  164  255  140    0  140    0
59   19   83  245  163   21    0    0    0    0  133    0  133    0  210   37  201  251  193    4  135  255  149  255  140    0  140    0
59   19   79  245  161   21  250  255  253  255  133    0  133    0  201   35  194  251  186    4  135  255  149  255  140    0  140    0
59   19   77  245  160   21  248  255  252  255  133    0  133    0   27   34  183  251  177    4  130  255  141  255  140    0  140    0
59   19   89  245  166   21   13    0    6    0  133    0  133    0   25   35  166  251  162    4  113  255  122  255  140    0  140    0
59   19   79  245  162   21  251  255  254  255  133    0  133    0  225   32  156  251  153    4  111  255  118  255  140    0  140    0
59   19   62  245  153   21  220  255  238  255  133    0  133    0   48   36  155  251  153    4  126  255  133  255  140    0  140    0
59   19   52  245  148   21  206  255  231  255  133    0  133    0    3   30  135  251  134    4  104  255  107  255  140    0  140    0
59   19   59  245  151   21  223  255  240  255  133    0  133    0  101   34  140  251  138    4  130  255  133  255  140    0  140    0
59   19   67  245  155   21  242  255  249  255  133    0  133    0   86   36  124  251  123    4  115  255  115  255  140    0  140    0
59   19   69  245  156   21  247  255  252  255  133    0  133    0   72   32  112  251  112    4  111  255  107  255  140    0  140    0
59   19   64  245  154   21  240  255  248  255  133    0  133    0   25   31  112  251  112    4  126  255  123  255  140    0  140    0
59   19   44  245  144   21  204  255  230  255  133    0  133    0   10   32  104  251  104    4  126  255  123  255  140    0  140    0
59   19   22  245  133   21  168  255  212  255  133    0  133    0  122   33  103  251  102    4  138  255  133  255  140    0  140    0
59   19   12  245  128   21  160  255  207  255  133    0  133    0  236   34   93  251   92    4  134  255  127  255  140    0  140    0
59   19  250  244  118   21  137  255  195  255  133    0  133    0   72   34   89  251   88    4  140  255  132  255  140    0  140    0
59   19  238  244  112   21  129  255  191  255  133    0  133    0    6   35   86  251   85    4  148  255  140  255  140    0  140    0
59   19  240  244  113   21  147  255  200  255  133    0  133    0  146   34   80  251   78    4  148  255  139  255  140    0  140    0
59   19   11  245  127   21  206  255  231  255  133    0  133    0  177   32   84  251   83    4  167  255  160  255  140    0  140    0
59   19   43  245  144   21   10    0    5    0  133    0  133    0   13   34   84  251   84    4  177  255  172  255  140    0  140    0
59   19   41  245  143   21    6    0    3    0  133    0  133    0  176   37   88  251   88    4  193  255  189  255  140    0  140    0
59   19   45  245  145   21   12    0    6    0  133    0  133    0  229   31   84  251   84    4  193  255  189  255  140    0  140    0
59   19   59  245  152   21   36    0   18    0  133    0  133    0  229   31   85  251   85    4  200  255  196  255  140    0  140    0
59   19   64  245  154   21   40    0   20    0  133    0  133    0   57   35   89  251   90    4  214  255  212  255  140    0  140    0
59   19   62  245  153   21   33    0   16    0  133    0  133    0   94   35   87  251   87    4  214  255  212  255  140    0  140    0
59   19   62  245  153   21   29    0   14    0  133    0  133    0  165   30   80  251   77    4  206  255  201  255  140    0  140    0
59   19   79  245  162   21   57    0   28    0  133    0  133    0   59   31   77  251   74    4  206  255  201  255  140    0  140    0
59   19   77  245  161   21   46    0   23    0  133    0  133    0  199   33   74  251   70    4  206  255  201  255  140    0  140    0
59   19   89  245  167   21   64    0   31    0  133    0  133    0  246   34   71  251   67    4  206  255  201  255  140    0  140    0
59   19  102  245  173   21   80    0   39    0  133    0  133    0  212   34   68  251   64    4  206  255  201  255  140    0  140    0
59   19  123  245  184   21  109    0   53    0  133    0  133    0  158   33   65  251   60    4  206  255  201  255  140    0  140    0
59   19  136  245  190   21  120    0   58    0  133    0  133    0  224   31   62  251   57    4  206  255  201  255  140    0  140    0
59   19  127  245  185   21   91    0   44    0  133    0  133    0  130   32   59  251   54    4  206  255  201  255  140    0  140    0
59   19  120  245  182   21   68    0   33    0  133    0  133    0   51   35   56  251   50    4  206  255  201  255  140    0  140    0
59   19  102  245  173   21   26    0   13    0  133    0  133    0  238   33   53  251   47    4  206  255  201  255  140    0  140    0
59   19   96  245  170   21   11    0    5    0  133    0  133    0   97   34   50  251   44    4  206  255  201  255  140    0  140    0
59   19   93  245  168   21    5    0    2    0  133    0  133    0
59   19   85  245  165   21  247  255  252  255  133    0  133    0
59   19   79  245  162   21  237  255  247  255  133    0  133    0
59   19   76  245  160   21  234  255  245  255  133    0  133    0
59   19   84  245  164   21  250  255  253  255  133    0  133    0
59   19   83  245  164   21  250  255  253  255  133    0  133    0
59   19   85  245  164   21  253  255  255  255  133    0  133    0
59   19   79  245  162   21  243  255  250  255  133    0  133    0
59   19   93  245  168   21   13    0    6    0  133    0  133    0
59   19  101  245  172   21   25    0   12    0  133    0  133    0
59   19   98  245  171   21   18    0    9    0  133    0  133    0
59   19  100  245  172   21   18    0    9    0  133    0  133    0
59   19   89  245  166   21  253  255  255  255  133    0  133    0
59   19   78  245  161   21  234  255  246  255  133    0  133    0
59   19   77  245  160   21  235  255  246  255  133    0  133    0
59   19   75  245  159   21  234  255  245  255  133    0  133    0
59   19   75  245  160   21  237  255  247  255  133    0  133    0
59   19   79  245  161   21  245  255  251  255  133    0  133    0
59   19   85  245  164   21    0    0    0    0  133    0  133    0
59   19   83  245  163   21  254  255  255  255  133    0  133    0
59   19  104  245  173   21   33    0   16    0  133    0  133    0
59   19  118  245  180   21   54    0   26    0  133    0  133    0
59   19  123  245  183   21   57    0   28    0  133    0  133    0
59   19  129  245  186   21   63    0   30    0  133    0  133    0
59   19  137  245  190   21   70    0   33    0  133    0  133    0
59   19  132  245  187   21   53    0   26    0  133    0  133    0
59   19  134  245  188   21   50    0   24    0  133    0  133    0
59   19  148  245  195   21   72    0   34    0  133    0  133    0
59   19  159  245  200   21   84    0   40    0  133    0  133    0
59   19  173  245  207   21  100    0   47    0  133    0  133    0
59   19  175  245  208   21   93    0   44    0  133    0  133    0
59   19  177  245  209   21   86    0   40    0  133    0  133    0
59   19  180  245  210   21   81    0   38    0  133    0  133    0
59   19  178  245  209   21   69    0   32    0  133    0  133    0
59   19  184  245  212   21   72    0   33    0  133    0  133    0
59   19  193  245  216   21   81    0   38    0  133    0  133    0
59   19  195  245  217   21   76    0   35    0  133    0  133    0
59   19  191  245  215   21   60    0   28    0  133    0  133    0
59   19  192  245  216   21   54    0   25    0  133    0  133    0
59   19  191  245  215   21   46    0   21    0  133    0  133    0
59   19  186  245  213   21   30    0   14    0  133    0  133    0
59   19  181  245  210   21   17    0    8    0  133    0  133    0
59   19  179  245  209   21   11    0    5    0  133    0  133    0
59   19  176  245  208   21    6    0    3    0  133    0  133    0
59   19  179  245  210   21   10    0    5    0  133    0  133    0
59   19  170  245  205   21  248  255  253  255  133    0  133    0
59   19  165  245  203   21  240  255  249  255  133    0  133    0
59   19  170  245  205   21  251  255  254  255  133    0  133    0
59   19  158  245  200   21  230  255  244  255  133    0  133    0
59   19  159  245  200   21  234  255  246  255  133    0  133    0
59   19  155  245  198   21  228  255  243  255  133    0  133    0
59   19  161  245  201   21  243  255  250  255  133    0  133    0
59   19  177  245  208   21   18    0    9    0  133    0  133    0
59   19  177  245  208   21   16    0    7    0  133    0  133    0
59   19  183  245  211   21   26    0   12    0  133    0  133    0
59   19  195  245  217   21   45    0   21    0  133    0  133    0
59   19  188  245  214   21   27    0   13    0  133    0  133    0
59   19  183  245  211   21   15    0    7    0  133    0  133    0
59   19  174  245  207   21  252  255  254  255  133    0  133    0
59   19  177  245  209   21    2    0    1    0  133    0  133    0
59   19  178  245  209   21    4    0    2    0  133    0  133    0
59   19  166  245  203   21  236  255  247  255  133    0  133    0
59   19  167  245  204   21  242  255  250  255  133    0  133    0
59   19  164  245  202   21  236  255  247  255  133    0  133    0
59   19  163  245  202   21  237  255  247  255  133    0  133    0
59   19  168  245  204   21  249  255  253  255  133    0  133    0
59   19  164  245  202   21  243  255  250  255  133    0  133    0
59   19  174  245  207   21    6    0    3    0  133    0  133    0
59   19  165  245  203   21  246  255  251  255  133    0  133    0
59   19  170  245  205   21    0    0    0    0  133    0  133    0
59   19  175  245  207   21    8    0    3    0  133    0  133    0
59   19  160  245  200   21  237  255  247  255  133    0  133    0
59   19  147  245  194   21  214  255  236  255  133    0  133    0
59   19  129  245  186   21  185  255  222  255  133    0  133    0
59   19  115  245  179   21  166  255  212  255  133    0  133    0
59   19  106  245  174   21  159  255  209  255  133    0  133    0
59   19   96  245  170   21  151  255  205  255  133    0  133    0
59   19   80  245  161   21  132  255  195  255  133    0  133    0
59   19   74  245  159   21  136  255  197  255  133    0  133    0
59   19   74  245  158   21  149  255  203  255  133    0  133    0
59   19   77  245  160   21  168  255  213  255  133    0  133    0
59   19   74  245  159   21  172  255  215  255  133    0  133    0
59   19   77  245  160   21  188  255  222  255  133    0  133    0
59   19   71  245  157   21  183  255  220  255  133    0  133    0
59   19   76  245  160   21  202  255  229  255  133    0  133    0
59   19   86  245  165   21  226  255  242  255  133    0  133    0
59   19   88  245  166   21  234  255  245  255  133    0  133    0
59   19  108  245  175   21   17    0    8    0  133    0  133    0
59   19  127  245  185   21   52    0   25    0  133    0  133    0
59   19  141  245  192   21   73    0   35    0  133    0  133    0
59   19  157  245  200   21   95    0   45    0  133    0  133    0
59   19  168  245  205   21  105    0   50    0  133    0  133    0
59   19  186  245  214   21  126    0   59    0  133    0  133    0
59   19  188  245  215   21  116    0   54    0  133    0  133    0
59   19  189  245  215   21  105    0   49    0  133    0  133    0
59   19  187  245  214   21   88    0   41    0  133    0  133    0
59   19  186  245  214   21   77    0   36    0  133    0  133    0
59   19  178  245  210   21   53    0   25    0  133    0  133    0
59   19  186  245  213   21   62    0   29    0  133    0  133    0
59   19  183  245  212   21   49    0   23    0  133    0  133    0
59   19  187  245  214   21   51    0   24    0  133    0  133    0
59   19  189  245  215   21   49    0   23    0  133    0  133    0
59   19  195  245  217   21   54    0   25    0  133    0  133    0  147   33   80  252   35    5  217  255  228  255  140    0  140    0
59   19  195  245  217   21   49    0   22    0  133    0  133    0   60   35   75  252   33    5  213  255  225  255  140    0  140    0
59   19  192  245  216   21   37    0   17    0  133    0  133    0  108   35   73  252   32    5  215  255  226  255  140    0  140    0
59   19  192  245  216   21   32    0   15    0  133    0  133    0  236   31   70  252   31    5  215  255  226  255  140    0  140    0
59   19  201  245  220   21   45    0   21    0  133    0  133    0   86   34   94  252   45    5    5    0    5    0  140    0  140    0
59   19  201  245  220   21   40    0   18    0  133    0  133    0  231   35  109  252   52    5   29    0   21    0  140    0  140    0
59   19  203  245  221   21   41    0   19    0  133    0  133    0  244   31  111  252   53    5   29    0   21    0  140    0  140    0
59   19  215  245  227   21   59    0   27    0  133    0  133    0  158   33  125  252   61    5   50    0   34    0  140    0  140    0
59   19  217  245  227   21   54    0   25    0  133    0  133    0  135   33  128  252   63    5   50    0   34    0  140    0  140    0
59   19  205  245  222   21   26    0   12    0  133    0  133    0  234   35  114  252   54    5   21    0   14    0  140    0  140    0
59   19  208  245  223   21   28    0   13    0  133    0  133    0   43   36  110  252   53    5   13    0    9    0  140    0  140    0
59   19  212  245  225   21   33    0   15    0  133    0  133    0   69   32  118  252   56    5   24    0   16    0  140    0  140    0
59   19  183  245  211   21  240  255  249  255  133    0  133    0  112   34   56  252   16    5  184  255  203  255  140    0  140    0
59   19  192  245  215   21    2    0    1    0  133    0  133    0  249   33   42  252    6    5  167  255  189  255  140    0  140    0
59   19  187  245  214   21  250  255  254  255  133    0  133    0  186   33   35  252    2    5  165  255  186  255  140    0  140    0
59   19  186  245  213   21  248  255  253  255  133    0  133    0  247   31   31  252    0    5  169  255  189  255  140    0  140    0
59   19  177  245  208   21  232  255  245  255  133    0  133    0   56   36   18  252  247    4  156  255  177  255  140    0  140    0
59   19  181  245  211   21  243  255  250  255  133    0  133    0   74   35   12  252  242    4  156  255  177  255  140    0  140    0
59   19  190  245  215   21    5    0    2    0  133    0  133    0   20   34    6  252  237    4  156  255  177  255  140    0  140    0
59   19  197  245  218   21   17    0    8    0  133    0  133    0   64   33  250  251  228    4  147  255  167  255  140    0  140    0
59   19  198  245  218   21   17    0    8    0  133    0  133    0   25   34  244  251  223    4  147  255  167  255  140    0  140    0
59   19  201  245  220   21   20    0    9    0  133    0  133    0   59   35  237  251  217    4  147  255  167  255  140    0  140    0
59   19  194  245  217   21    5    0    2    0  133    0  133    0  221   30  231  251  212    4  147  255  167  255  140    0  140    0
59   19  179  245  210   21  233  255  245  255  133    0  133    0  227   33  242  251  222    4  175  255  190  255  140    0  140    0
59   19  189  245  214   21  254  255  255  255  133    0  133    0   39   34  237  251  218    4  175  255  190  255  140    0  140    0  162   34  237  238    2   26   81  255  142  255  140    0  140    0
59   19  180  245  210   21  237  255  247  255  133    0  133    0  233   29  249  251  230    4  201  255  212  255  140    0  140    0   26   33  226  238  251   25   81  255  142  255  140    0  140    0
59   19  171  245  206   21  223  255  240  255  133    0  133    0  162   32  246  251  227    4  201  255  212  255  140    0  140    0
59   19  170  245  205   21  224  255  241  255  133    0  133    0   13   35    4  252  240    4  227  255  234  255  140    0  140    0   95   33  150  238  201   25    0  255   84  255  140    0  140    0
59   19  171  245  205   21  230  255  244  255  133    0  133    0  122   30   17  252  252    4  249  255  252  255  140    0  140    0   28   32  143  238  195   25   12  255   91  255  140    0  140    0
59   19  163  245  202   21  218  255  238  255  133    0  133    0    5   34   21  252    0    5    0    0    0    0  140    0  140    0  201   33  129  238  185   25   12  255   91  255  140    0  140    0
59   19  154  245  197   21  205  255  232  255  133    0  133    0   30   34   27  252    5    5    9    0    7    0  140    0  140    0   90   34  114  238  176   25   12  255   91  255  140    0  140    0
59   19  155  245  198   21  214  255  236  255  133    0  133    0   45   34   26  252    5    5    7    0    5    0  140    0  140    0  147   33  107  238  170   25   23  255   97  255  140    0  140    0
59   19  155  245  198   21  217  255  238  255  133    0  133    0   48   34   26  252    5    5    6    0    5    0  140    0  140    0  150   33   93  238  161   25   23  255   97  255  140    0  140    0
59   19  151  245  196   21  215  255  236  255  133    0  133    0   19   37   34  252   12    5   20    0   15    0  140    0  140    0   22   34   79  238  151   25   23  255   97  255  140    0  140    0
59   19  146  245  194   21  210  255  234  255  133    0  133    0  139   30   41  252   18    5   31    0   24    0  140    0  140    0
59   19  143  245  192   21  210  255  234  255  133    0  133    0  100   31   43  252   19    5   31    0   24    0  140    0  140    0
59   19  145  245  193   21  218  255  238  255  133    0  133    0  190   34   51  252   25    5   42    0   31    0  140    0  140    0
59   19  140  245  191   21  214  255  236  255  133    0  133    0   44   33   69  252   37    5   69    0   51    0  140    0  140    0
59   19  146  245  193   21  229  255  243  255  133    0  133    0  236   33   76  252   42    5   75    0   54    0  140    0  140    0
59   19  148  245  195   21  238  255  247  255  133    0  133    0  157   34   82  252   46    5   76    0   54    0  140    0  140    0
59   19  162  245  201   21    8    0    4    0  133    0  133    0  166   30   83  252   47    5   70    0   49    0  140    0  140    0
59   19  146  245  194   21  235  255  246  255  133    0  133    0  188   36   97  252   55    5   88    0   61    0  140    0  140    0
59   19  150  245  195   21  243  255  250  255  133    0  133    0   15   33   95  252   54    5   75    0   52    0  140    0  140    0  194   35  202  238  237   25   28    0   19    0  140    0  140    0
59   19  162  245  201   21   12    0    5    0  133    0  133    0   36   33   93  252   52    5   62    0   43    0  140    0  140    0   36   31  204  238  238   25   28    0   19    0  140    0  140    0
59   19  163  245  202   21   11    0    5    0  133    0  133    0    4   35   95  252   54    5   58    0   41    0  140    0  140    0  142   34  182  238  223   25  251  255  253  255  140    0  140    0
59   19  150  245  195   21  242  255  250  255  133    0  133    0  185   33   99  252   57    5   59    0   41    0  140    0  140    0  230   31  182  238  222   25  251  255  253  255  140    0  140    0
59   19  146  245  194   21  238  255  248  255  133    0  133    0  230   34   99  252   57    5   53    0   37    0  140    0  140    0   19   33  122  238  181   25  158  255  190  255  140    0  140    0
59   19  144  245  192   21  235  255  246  255  133    0  133    0  225   31  108  252   61    5   63    0   43    0  140    0  140    0  195   33  116  238  177   25  158  255  190  255  140    0  140    0
59   19  141  245  191   21  232  255  245  255  133    0  133    0  209   36  109  252   62    5   58    0   39    0  140    0  140    0  187   31  110  238  173   25  158  255  190  255  140    0  140    0
59   19  149  245  195   21  250  255  254  255  133    0  133    0    6   35  104  252   59    5   42    0   29    0  140    0  140    0    1   35  104  238  169   25  158  255  190  255  140    0  140    0
59   19  148  245  195   21  249  255  253  255  133    0  133    0   90   34   98  252   55    5   26    0   18    0  140    0  140    0
59   19  155  245  198   21    6    0    3    0  133    0  133    0   33   33   87  252   48    5    2    0    2    0  140    0  140    0
59   19  152  245  196   21    0    0    0    0  133    0  133    0   82   33   77  252   42    5  241  255  246  255  140    0  140    0
59   19  138  245  190   21  229  255  243  255  133    0  133    0  205   35   77  252   41    5  241  255  246  255  140    0  140    0  142   34  255  238   17   26  128    0   85    0  140    0  140    0
59   19  134  245  188   21  226  255  242  255  133    0  133    0  113   33   76  252   41    5  241  255  246  255  140    0  140    0  108   34    7  239   22   26  128    0   85    0  140    0  140    0
59   19  130  245  186   21  222  255  240  255  133    0  133    0  181   33   99  252   54    5   26    0   18    0  140    0  140    0
59   19  132  245  187   21  230  255  244  255  133    0  133    0   93   34  100  252   56    5   26    0   18    0  140    0  140    0
59   19  139  245  190   21  245  255  251  255  133    0  133    0   93   34  102  252   57    5   26    0   18    0  140    0  140    0
59   19  138  245  190   21  246  255  251  255  133    0  133    0  205   31  117  252   64    5   46    0   31    0  140    0  140    0
59   19  144  245  192   21    0    0    0    0  133    0  133    0  225   30  120  252   66    5   46    0   31    0  140    0  140    0
59   19  151  245  196   21   14    0    6    0  133    0  133    0   49   34  122  252   68    5   46    0   31    0  140    0  140    0
59   19  159  245  200   21   27    0   13    0  133    0  133    0  163   35  143  252   79    5   72    0   47    0  140    0  140    0
59   19  155  245  198   21   16    0    7    0  133    0  133    0  136   35  148  252   82    5   72    0   47    0  140    0  140    0
59   19  154  245  198   21   13    0    6    0  133    0  133    0  208   35  152  252   85    5   72    0   47    0  140    0  140    0
59   19  152  245  196   21    7    0    3    0  133    0  133    0   59   34  156  252   88    5   72    0   47    0  140    0  140    0
59   19  146  245  193   21  252  255  254  255  133    0  133    0  242   30  161  252   91    5   72    0   47    0  140    0  140    0
59   19  165  245  202   21   31    0   15    0  133    0  133    0  124   34  165  252   94    5   72    0   47    0  140    0  140    0
59   19  159  245  200   21   17    0    8    0  133    0  133    0    0   37  169  252   96    5   72    0   47    0  140    0  140    0
59   19  158  245  199   21   13    0    6    0  133    0  133    0    4   35  174  252   99    5   72    0   47    0  140    0  140    0
59   19  150  245  196   21  254  255  255  255  133    0  133    0  173   33  178  252  102    5   72    0   47    0  140    0  140    0
59   19  149  245  195   21  251  255  254  255  133    0  133    0  212   34  182  252  105    5   72    0   47    0  140    0  140    0
59   19  146  245  193   21  246  255  252  255  133    0  133    0  237   35  187  252  108    5   72    0   47    0  140    0  140    0
59   19  145  245  193   21  246  255  251  255  133    0  133    0
59   19  136  245  189   21  229  255  243  255  133    0  133    0
59   19  141  245  191   21  241  255  249  255  133    0  133    0
59   19  146  245  193   21  253  255  255  255  133    0  133    0
59   19  144  245  193   21  250  255  253  255  133    0  133    0
59   19  158  245  199   21   20    0    9    0  133    0  133    0
59   19  165  245  203   21   31    0   15    0  133    0  133    0
59   19  171  245  205   21   39    0   18    0  133    0  133    0
59   19  177  245  209   21   47    0   22    0  133    0  133    0
59   19  176  245  208   21   38    0   18    0  133    0  133    0
59   19  173  245  206   21   28    0   13    0  133    0  133    0
59   19  173  245  206   21   25    0   12    0  133    0  133    0
59   19  180  245  210   21   36    0   17    0  133    0  133    0
59   19  180  245  210   21   32    0   15    0  133    0  133    0
59   19  183  245  211   21   34    0   16    0  133    0  133    0
59   19  175  245  207   21   14    0    6    0  133    0  133    0   91   32   44  238  122   25  137  255  173  255  140    0  140    0
59   19  187  245  213   21   35    0   16    0  133    0  133    0  105   35   37  238  117   25  137  255  173  255  140    0  140    0
59   19  189  245  214   21   35    0   16    0  133    0  133    0  105   36   20  238  105   25  122  255  162  255  140    0  140    0
59   19  197  245  218   21   46    0   21    0  133    0  133    0   82   35   12  238   99   25  122  255  162  255  140    0  140    0
59   19  201  245  220   21   49    0   23    0  133    0  133    0   81   30    4  238   94   25  122  255  162  255  140    0  140    0
59   19  193  245  216   21   28    0   13    0  133    0  133    0
59   19  187  245  213   21   14    0    6    0  133    0  133    0    3   36  218  237   63   25   86  255  134  255  140    0  140    0
59   19  178  245  209   21  252  255  254  255  133    0  133    0   22   35  208  237   56   25   86  255  134  255  140    0  140    0
59   19  171  245  205   21  238  255  248  255  133    0  133    0
59   19  177  245  208   21  252  255  255  255  133    0  133    0
59   19  177  245  208   21  254  255  255  255  133    0  133    0
59   19  175  245  207   21  249  255  253  255  133    0  133    0
59   19  178  245  209   21  255  255    0    0  133    0  133    0
59   19  164  245  202   21  229  255  243  255  133    0  133    0
59   19  166  245  203   21  236  255  247  255  133    0  133    0
59   19  160  245  200   21  228  255  243  255  133    0  133    0
59   19  153  245  197   21  217  255  238  255  133    0  133    0
59   19  143  245  192   21  202  255  230  255  133    0  133    0
59   19  130  245  186   21  184  255  221  255  133    0  133    0
59   19  123  245  182   21  179  255  219  255  133    0  133    0
59   19  120  245  181   21  181  255  220  255  133    0  133    0
59   19  111  245  177   21  174  255  217  255  133    0  133    0
59   19  103  245  173   21  167  255  213  255  133    0  133    0
59   19  105  245  174   21  183  255  220  255  133    0  133    0
59   19  104  245  173   21  188  255  223  255  133    0  133    0
59   19   93  245  168   21  175  255  216  255  133    0  133    0
59   19   88  245  165   21  175  255  216  255  133    0  133    0
59   19   83  245  163   21  175  255  216  255  133    0  133    0
59   19   78  245  161   21  175  255  216  255  133    0  133    0
59   19   73  245  158   21  175  255  216  255  133    0  133    0
59   19   68  245  156   21  175  255  216  255  133    0  133    0
59   19   63  245  153   21  175  255  216  255  133    0  133    0
59   19   59  245  151   21  175  255  216  255  133    0  133    0
59   19   54  245  149   21  175  255  216  255  133    0  133    0
59   19   49  245  146   21  175  255  216  255  133    0  133    0
59   19   44  245  144   21  175  255  216  255  133    0  133    0
152   20  119    5  155   17  248    0  179  255   51    0   47    0
152   20  134    5  151   17  248    0  179  255   51    0   47    0
152   20  135    5  151   17  215    0  189  255   44    0   47    0
152   20  148    5  147   17  215    0  189  255   44    0   47    0
152   20  150    5  142   17  193    0  194  255   56    0   58    0
152   20  146    5  146   17  159    0  206  255   66    0   68    0
152   20  155    5  143   17  159    0  206  255   66    0   68    0
152   20  165    5  140   17  159    0  206  255   66    0   68    0
152   20  174    5  137   17  159    0  206  255   66    0   68    0
152   20  184    5  134   17  159    0  206  255   66    0   68    0
156   20  163  255  153    1    1    0    0    0  133    0  133    0
156   20  165  255  149    1    3    0    0    0  133    0  133    0
156   20  166  255  146    1    3    0    0    0  133    0  133    0   18   31    4    7   50   17   48    2   37  255   83    0   84    0
156   20  167  255  146    1    3    0    0    0  133    0  133    0   81   33   38    7   37   17   48    2   37  255   83    0   84    0
156   20  162  255  145    1  250  255  255  255  133    0  133    0   91   32   87    7   33   17   65    2   12  255   90    0   91    0
156   20  163  255  145    1  253  255    0    0  133    0  133    0  201   35  121    7   18   17   65    2   12  255   90    0   91    0
156   20  163  255  145    1  253  255    0    0  133    0  133    0   50   34  156    7    3   17   65    2   12  255   90    0   91    0
156   20  172  255  147    1   13    0    3    0  119    0  125    0
156   20  176  255  142    1   18    0    3    0  105    0  121    0
156   20  179  255  144    1   22    0    4    0   93    0  117    0
156   20  181  255  144    1   22    0    4    0   93    0  117    0
156   20  182  255  145    1   21    0    4    0   83    0  110    0
156   20  182  255  143    1   20    0    3    0   90    0  113    0
156   20  182  255  141    1   16    0    3    0   84    0  114    0
156   20  182  255  138    1   13    0    2    0   77    0  114    0
156   20  183  255  136    1   12    0    2    0   68    0  114    0
156   20  182  255  134    1    7    0    1    0   64    0  114    0
156   20  182  255  134    1    7    0    1    0   64    0  114    0
156   20  176  255  134    1  251  255    0    0   62    0  112    0
156   20  175  255  132    1  250  255  255  255   58    0  113    0
156   20  171  255  133    1  242  255  253  255   57    0  111    0
156   20  168  255  133    1  239  255  253  255   56    0  109    0
156   20  164  255  133    1  233  255  251  255   54    0  107    0
156   20  160  255  133    1  227  255  249  255   52    0  106    0
156   20  156  255  133    1  224  255  248  255   52    0  105    0
156   20  154  255  133    1  223  255  248  255   51    0  104    0
156   20  155  255  132    1  229  255  249  255   47    0  106    0
156   20  156  255  130    1  235  255  251  255   44    0  107    0
156   20  155  255  131    1  235  255  251  255   45    0  106    0
156   20  157  255  130    1  241  255  252  255   43    0  107    0
156   20  158  255  129    1  246  255  254  255   40    0  108    0
156   20  160  255  128    1  251  255  255  255   38    0  109    0
156   20  162  255  127    1  255  255    0    0   37    0  110    0
156   20  159  255  127    1  248  255  255  255   37    0  108    0
156   20  156  255  127    1  244  255  253  255   37    0  107    0
156   20  154  255  128    1  243  255  253  255   38    0  106    0
156   20  154  255  128    1  244  255  253  255   38    0  105    0
156   20  153  255  128    1  244  255  253  255   38    0  105    0
156   20  167  255  128    1   16    0    4    0   41    0  100    0
156   20  169  255  127    1   18    0    4    0   53    0  105    0
156   20  170  255  129    1   20    0    4    0   51    0  104    0
156   20  172  255  129    1   20    0    4    0   51    0  104    0
156   20  177  255  129    1   28    0    5    0   53    0  103    0
156   20  180  255  128    1   30    0    6    0   63    0  107    0
156   20  183  255  128    1   33    0    6    0   72    0  111    0
156   20  184  255  127    1   31    0    5    0   80    0  114    0
156   20  185  255  125    1   29    0    5    0   71    0  111    0
156   20  187  255  125    1   29    0    5    0   79    0  114    0
156   20  189  255  125    1   29    0    5    0   79    0  114    0
156   20  183  255  127    1   15    0    3    0   69    0  108    0
156   20  184  255  126    1   15    0    2    0   60    0  106    0
156   20  183  255  124    1   10    0    1    0   54    0  104    0
156   20  181  255  124    1    5    0    1    0   64    0  108    0
156   20  182  255  124    1    5    0    1    0   64    0  108    0
156   20  184  255  128    1   10    0    2    0   57    0  103    0
156   20  185  255  128    1   10    0    2    0   54    0  117    0
156   20  185  255  129    1   11    0    2    0   64    0  119    0
