125    8   16    1   89    5  251  255    1    0  127    0   68    0    8   35  159   15  100   18    0    0    0    0  140    0  140    0   25   31   90  250  170   11  231  255  244  255  140    0  140    0
125    8   17    1   89    5  252  255    0    0  127    0   67    0   87   31  162   15   97   18    3    0  254  255  140    0  140    0  161   32   93  250  171   11  239  255  248  255  140    0  140    0
125    8   16    1   89    5  252  255    0    0  128    0   65    0  163   35  170   15   90   18   12    0  246  255  140    0  140    0  221   32   94  250  172   11  242  255  249  255  140    0  140    0
125    8   16    1   89    5  253  255    0    0  129    0   63    0  221   32  177   15   85   18   19    0  240  255  140    0  140    0   32   33   95  250  172   11  246  255  251  255  140    0  140    0
125    8   17    1   88    5  255  255    0    0  130    0   62    0  122   33  178   15   84   18   19    0  240  255  140    0  140    0  247   30   95  250  172   11  248  255  252  255  140    0  140    0
125    8   18    1   88    5    0    0    0    0  130    0   61    0   82   33  185   15   77   18   26    0  234  255  140    0  140    0  146   36  101  250  175   11    2    0    1    0  140    0  140    0
125    8   17    1   89    5  254  255    0    0  131    0   60    0  191   36  187   15   76   18   26    0  234  255  140    0  140    0  149   28  105  250  177   11   10    0    4    0  140    0  140    0
125    8   16    1   89    5  252  255    0    0  131    0   59    0  228   31  187   15   75   18   24    0  235  255  140    0  140    0   90   33  107  250  178   11   11    0    5    0  140    0  140    0
125    8   16    1   89    5  254  255    0    0  133    0   58    0  129   38  190   15   73   18   26    0  234  255  140    0  140    0   14   33  106  250  178   11    9    0    4    0  140    0  140    0
125    8   17    1   88    5    0    0    0    0  134    0   57    0  254   32  200   15   64   18   35    0  226  255  140    0  140    0   36   35  104  250  177   11    4    0    2    0  140    0  140    0
125    8   18    1   88    5    1    0    0    0  135    0   56    0  251   30  211   15   55   18   45    0  217  255  140    0  140    0    6   27  103  250  176   11    2    0    1    0  140    0  140    0
125    8   19    1   88    5    2    0    0    0  135    0   66    0  237   33  223   15   44   18   55    0  208  255  140    0  140    0  180   32  100  250  175   11  253  255  255  255  140    0  140    0
125    8   18    1   88    5    1    0    0    0  135    0   75    0   94   34  231   15   38   18   60    0  203  255  140    0  140    0  156   34  100  250  175   11  253  255  255  255  140    0  140    0
125    8   17    1   88    5  255  255    0    0  135    0   83    0  251   32  231   15   37   18   57    0  206  255  140    0  140    0   69   32   98  250  174   11  250  255  254  255  140    0  140    0
125    8   16    1   89    5  254  255    0    0  135    0   90    0  138   34  221   15   46   18   42    0  220  255  140    0  140    0  165   33   98  250  174   11  250  255  254  255  140    0  140    0
125    8   13    1   89    5  248  255    1    0  135    0   96    0  199   35  212   15   54   18   29    0  232  255  140    0  140    0  213   29  102  250  175   11    1    0    0    0  140    0  140    0
125    8   12    1   89    5  248  255    1    0  135    0  101    0   12   34  212   15   54   18   27    0  233  255  140    0  140    0  105   35   98  250  173   11  250  255  253  255  140    0  140    0
125    8   14    1   89    5  251  255    1    0  135    0  105    0   24   36  224   15   44   18   38    0  223  255  140    0  140    0  196   31   97  250  173   11  251  255  254  255  140    0  140    0
125    8   15    1   89    5  255  255    0    0  135    0  109    0   99   33  230   15   38   18   42    0  219  255  140    0  140    0  229   33  101  250  175   11    2    0    1    0  140    0  140    0
125    8   15    1   89    5  255  255    0    0  135    0  112    0    9   33  234   15   35   18   44    0  217  255  140    0  140    0  239   33  102  250  176   11    4    0    1    0  140    0  140    0
125    8   16    1   89    5    0    0    0    0  135    0  115    0   56   31  243   15   27   18   51    0  211  255  140    0  140    0  109   29  107  250  178   11   11    0    5    0  140    0  140    0
125    8   16    1   89    5    0    0    0    0  135    0  118    0   43   33  241   15   28   18   46    0  216  255  140    0  140    0   88   33  112  250  180   11   19    0    9    0  140    0  140    0  153   33  233    2  156    5  254  255    1    0  140    0  140    0
125    8   16    1   89    5    0    0    0    0  135    0  120    0   97   34  247   15   24   18   48    0  213  255  140    0  140    0  213   29  102  250  176   11    0    0    0    0  140    0  140    0   90   36  234    2  157    5  255  255    0    0  140    0  140    0
125    8   16    1   89    5    0    0    0    0  135    0  122    0  131   36  237   15   32   18   35    0  226  255  140    0  140    0   55   35   96  250  173   11  245  255  251  255  140    0  140    0   31   34  226    2  157    5  243  255    7    0  140    0  140    0
125    8   15    1   89    5  255  255    0    0  135    0  124    0    7   34  244   15   26   18   40    0  221  255  140    0  140    0   81   33   99  250  174   11  252  255  254  255  140    0  140    0  244   31  226    2  159    5  242  255    7    0  140    0  140    0
125    8   15    1   89    5  254  255    0    0  135    0  126    0  102   35  246   15   24   18   40    0  221  255  140    0  140    0  138   32  107  250  178   11   10    0    5    0  140    0  140    0  248   35  220    2  163    5  232  255   12    0  140    0  140    0
125    8   13    1   89    5  252  255    0    0  135    0  127    0   16   28  231   15   38   18   20    0  239  255  140    0  140    0  253   28  107  250  178   11   10    0    4    0  140    0  140    0  111   34  214    2  167    5  222  255   17    0  140    0  140    0
125    8   12    1   89    5  250  255    1    0  135    0  128    0  106   36  232   15   36   18   20    0  239  255  140    0  140    0   63   34  106  250  177   11    6    0    2    0  140    0  140    0  166   34  209    2  170    5  215  255   20    0  140    0  140    0
125    8   12    1   89    5  251  255    1    0  135    0  129    0   49   33  219   15   49   18    4    0  253  255  140    0  140    0   14   34  109  250  179   11   10    0    5    0  140    0  140    0   73   34  202    2  175    5  205  255   25    0  140    0  140    0
125    8   12    1   89    5  252  255    0    0  135    0  130    0  198   26  207   15   59   18  247  255    8    0  140    0  140    0  191   29  109  250  179   11   10    0    4    0  140    0  140    0  249   34  198    2  177    5  203  255   26    0  140    0  140    0
125    8   12    1   89    5  251  255    0    0  135    0  131    0  236   30  214   15   53   18  255  255    0    0  140    0  140    0  255   35  114  250  181   11   19    0    9    0  140    0  140    0  107   35  191    2  182    5  195  255   29    0  140    0  140    0
125    8   13    1   89    5  254  255    0    0  135    0  132    0  236   33  213   15   53   18  255  255    1    0  140    0  140    0   52   32  117  250  183   11   22    0   10    0  140    0  140    0   38   35  187    2  184    5  194  255   30    0  140    0  140    0
125    8   14    1   89    5    0    0    0    0  135    0  133    0  235   34  212   15   55   18  254  255    2    0  140    0  140    0   84   34  119  250  184   11   23    0   11    0  140    0  140    0  242   31  179    2  188    5  186  255   33    0  140    0  140    0
125    8   12    1   89    5  254  255    0    0  135    0  133    0   60   27  198   15   67   18  237  255   17    0  140    0  140    0  124   34  112  250  180   11    6    0    3    0  140    0  140    0   74   32  171    2  193    5  178  255   36    0  140    0  140    0
125    8   13    1   89    5    0    0    0    0  135    0  133    0    8   34  193   15   71   18  233  255   20    0  140    0  140    0   87   35  107  250  178   11  253  255  255  255  140    0  140    0  242   28  166    2  195    5  178  255   36    0  140    0  140    0
125    8   14    1   89    5    1    0    0    0  135    0  133    0  170   32  184   15   79   18  224  255   27    0  140    0  140    0  182   35  102  250  176   11  244  255  251  255  140    0  140    0  122   34  164    2  197    5  181  255   34    0  140    0  140    0
125    8   16    1   89    5    5    0  255  255  135    0  133    0  243   34  176   15   86   18  217  255   33    0  140    0  140    0   89   33   93  250  171   11  229  255  243  255  140    0  140    0  101   32  162    2  198    5  187  255   31    0  140    0  140    0
125    8   17    1   88    5    6    0  255  255  135    0  133    0  230   33  174   15   88   18  217  255   33    0  140    0  140    0  162   31   86  250  168   11  218  255  238  255  140    0  140    0  248   30  158    2  200    5  187  255   31    0  140    0  140    0
125    8   18    1   88    5    6    0  255  255  135    0  133    0  233   32  171   15   90   18  216  255   34    0  140    0  140    0  135   32   79  250  164   11  210  255  234  255  140    0  140    0  131   33  157    2  200    5  194  255   28    0  140    0  140    0
125    8   18    1   88    5    6    0  255  255  135    0  133    0  187   34  168   15   93   18  216  255   34    0  140    0  140    0  162   34   77  250  163   11  210  255  234  255  140    0  140    0   25   35  159    2  200    5  203  255   24    0  140    0  140    0
125    8   18    1   88    5    5    0  255  255  135    0  133    0   20   30  156   15  103   18  205  255   44    0  140    0  140    0  100   34   74  250  162   11  210  255  234  255  140    0  140    0  179   35  164    2  198    5  219  255   17    0  140    0  140    0
125    8   18    1   88    5    4    0    0    0  135    0  133    0   64   34  165   15   96   18  218  255   32    0  140    0  140    0  162   34   74  250  162   11  216  255  237  255  140    0  140    0   25   31  168    2  197    5  230  255   12    0  140    0  140    0
125    8   18    1   88    5    5    0  255  255  135    0  133    0   31   34  160   15  100   18  215  255   34    0  140    0  140    0   46   35   73  250  161   11  218  255  238  255  140    0  140    0   58   35  171    2  195    5  240  255    7    0  140    0  140    0
125    8   19    1   88    5    4    0    0    0  135    0  133    0  180   33  166   15   94   18  226  255   26    0  140    0  140    0    4   36   71  250  160   11  219  255  238  255  140    0  140    0   94   34  174    2  194    5  247  255    4    0  140    0  140    0
125    8   17    1   88    5    1    0    0    0  135    0  133    0  238   32  156   15  102   18  217  255   34    0  140    0  140    0  156   32   66  250  158   11  215  255  236  255  140    0  140    0  105   33  169    2  197    5  239  255    8    0  140    0  140    0
125    8   16    1   89    5  255  255    0    0  135    0  133    0   56   34  150   15  108   18  211  255   38    0  140    0  140    0  111   30   67  250  158   11  220  255  239  255  140    0  140    0   93   32  165    2  199    5  233  255   10    0  140    0  140    0
125    8   17    1   89    5    0    0    0    0  135    0  133    0  209   35  144   15  113   18  208  255   41    0  140    0  140    0  139   34   65  250  157   11  221  255  239  255  140    0  140    0   50   34  158    2  202    5  221  255   15    0  140    0  140    0
125    8   17    1   88    5    0    0    0    0  135    0  133    0  253   34  134   15  122   18  199  255   48    0  140    0  140    0   22   34   61  250  156   11  218  255  237  255  140    0  140    0   52   35  154    2  204    5  219  255   17    0  140    0  140    0
125    8   16    1   89    5    0    0    0    0  135    0  133    0   29   34  133   15  123   18  202  255   45    0  140    0  140    0   50   35   61  250  155   11  222  255  239  255  140    0  140    0  177   34  153    2  205    5  221  255   15    0  140    0  140    0
125    8   16    1   89    5  255  255    0    0  135    0  133    0   45   35  130   15  125   18  202  255   45    0  140    0  140    0  247   33   60  250  155   11  225  255  241  255  140    0  140    0  106   33  150    2  206    5  218  255   16    0  140    0  140    0
125    8   16    1   89    5  255  255    0    0  135    0  133    0  112   32  134   15  121   18  211  255   38    0  140    0  140    0  213   36   62  250  156   11  231  255  244  255  140    0  140    0  242   31  145    2  209    5  213  255   19    0  140    0  140    0
125    8   15    1   89    5  255  255    0    0  135    0  133    0   80   33  129   15  125   18  209  255   40    0  140    0  140    0  219   35   62  250  156   11  234  255  245  255  140    0  140    0  151   37  137    2  213    5  202  255   23    0  140    0  140    0
125    8   14    1   89    5  252  255    0    0  135    0  133    0   59   31  135   15  120   18  219  255   31    0  140    0  140    0  172   32   64  250  157   11  240  255  248  255  140    0  140    0   15   33  135    2  213    5  206  255   22    0  140    0  140    0
125    8   15    1   89    5  254  255    0    0  135    0  133    0   69   32  133   15  122   18  219  255   31    0  140    0  140    0   87   32   68  250  159   11  250  255  253  255  140    0  140    0   68   35  136    2  213    5  212  255   19    0  140    0  140    0
125    8   16    1   89    5    0    0    0    0  135    0  133    0   91   35  153   15  105   18  245  255   10    0  140    0  140    0   93   33   71  250  161   11    0    0    0    0  140    0  140    0    7   31  133    2  215    5  212  255   19    0  140    0  140    0
125    8   15    1   89    5  255  255    0    0  135    0  133    0  202   32  159   15  100   18  251  255    4    0  140    0  140    0  104   36   72  250  161   11    1    0    0    0  140    0  140    0  186   32  134    2  214    5  219  255   16    0  140    0  140    0
125    8   17    1   88    5    2    0    0    0  135    0  133    0  217   35  162   15   98   18  255  255    0    0  140    0  140    0   54   35   70  250  160   11  254  255  255  255  140    0  140    0  177   33  133    2  215    5  222  255   14    0  140    0  140    0
125    8   17    1   88    5    1    0    0    0  135    0  133    0  159   32  159   15  100   18  253  255    3    0  140    0  140    0  190   34   66  250  158   11  248  255  252  255  140    0  140    0  143   35  134    2  214    5  228  255   12    0  140    0  140    0
125    8   16    1   89    5    0    0    0    0  135    0  133    0   13   35  164   15   95   18    2    0  255  255  140    0  140    0  153   32   66  250  158   11  248  255  252  255  140    0  140    0  206   33  136    2  214    5  233  255   10    0  140    0  140    0
125    8   16    1   89    5    0    0    0    0  135    0  133    0  100   34  170   15   91   18    8    0  250  255  140    0  140    0   22   33   63  250  157   11  244  255  250  255  140    0  140    0   69   34  134    2  214    5  234  255    9    0  140    0  140    0
125    8   17    1   89    5    1    0    0    0  135    0  133    0  166   32  173   15   88   18   11    0  247  255  140    0  140    0   70   36   62  250  156   11  243  255  250  255  140    0  140    0    0   35  137    2  213    5  242  255    6    0  140    0  140    0
125    8   18    1   88    5    2    0    0    0  135    0  133    0  246   33  167   15   93   18    4    0  253  255  140    0  140    0  136   30   59  250  154   11  238  255  247  255  140    0  140    0   54   35  144    2  210    5    0    0    0    0  140    0  140    0
125    8   17    1   88    5    1    0    0    0  135    0  133    0   78   35  160   15   99   18  252  255    3    0  140    0  140    0  131   30   54  250  152   11  231  255  244  255  140    0  140    0  237   38  156    2  205    5   23    0  246  255  140    0  140    0
125    8   18    1   88    5    2    0    0    0  135    0  133    0  199   32  148   15  109   18  238  255   15    0  140    0  140    0  255   33   53  250  152   11  233  255  245  255  140    0  140    0   60   30  171    2  199    5   47    0  235  255  140    0  140    0
125    8   16    1   89    5  255  255    0    0  135    0  133    0   32   34  142   15  114   18  233  255   20    0  140    0  140    0  120   36   57  250  153   11  242  255  249  255  140    0  140    0  156   33  173    2  198    5   47    0  235  255  140    0  140    0
125    8   17    1   88    5    1    0    0    0  135    0  133    0  169   35  141   15  115   18  233  255   20    0  140    0  140    0  254   34   70  250  160   11   12    0    6    0  140    0  140    0   37   36  205    2  184    5  100    0  208  255  140    0  140    0
125    8   17    1   88    5    1    0    0    0  135    0  133    0  214   35  157   15  101   18  253  255    2    0  140    0  140    0  179   32   75  250  163   11   21    0   10    0  140    0  140    0  192   33  211    2  181    5  100    0  208  255  140    0  140    0
125    8   19    1   88    5    3    0    0    0  135    0  133    0  104   34  166   15   94   18    7    0  250  255  140    0  140    0  104   35   86  250  168   11   38    0   18    0  140    0  140    0   68   36  237    2  168    5  137    0  186  255  140    0  140    0
125    8   19    1   88    5    3    0    0    0  136    0  123    0  202   31  159   15  100   18  255  255    1    0  140    0  140    0  191   35   91  250  170   11   43    0   21    0  140    0  140    0  244   35  246    2  164    5  137    0  186  255  140    0  140    0
125    8   18    1   88    5    2    0    0    0  137    0  114    0  229   34  160   15   99   18    0    0    0    0  140    0  140    0   36   35   87  250  168   11   30    0   15    0  140    0  140    0  224   34  254    2  160    5  137    0  186  255  140    0  140    0
125    8   19    1   88    5    2    0    0    0  137    0  106    0  196   37  158   15  100   18  254  255    1    0  140    0  140    0   84   34   81  250  166   11   17    0    8    0  140    0  140    0   73   32    6    3  156    5  137    0  186  255  140    0  140    0
125    8   18    1   88    5    0    0    0    0  138    0   99    0  122   36  149   15  108   18  243  255   11    0  140    0  140    0  215   32   76  250  163   11    5    0    2    0  140    0  140    0   33   35   14    3  152    5  137    0  186  255  140    0  140    0
125    8   17    1   89    5  255  255    0    0  138    0  104    0   63   34  150   15  107   18  246  255    9    0  140    0  140    0   20   35   74  250  162   11    1    0    0    0  140    0  140    0  203   31   28    3  144    5  145    0  175  255  140    0  140    0
125    8   16    1   89    5  255  255    0    0  138    0  108    0  202   33  162   15   97   18    3    0  254  255  140    0  140    0   28   35   77  250  163   11    6    0    3    0  140    0  140    0  230   33   42    3  136    5  152    0  170  255  140    0  140    0
125    8   16    1   89    5  255  255    0    0  138    0  112    0  115   36  164   15   96   18    5    0  252  255  140    0  140    0  122   29   79  250  164   11    9    0    4    0  140    0  140    0  187   34   45    3  134    5  143    0  174  255  140    0  140    0
125    8   18    1   88    5    0    0    0    0  138    0  115    0   46   32  167   15   93   18    8    0  249  255  140    0  140    0  168   33   78  250  164   11    6    0    3    0  140    0  140    0   17   35   47    3  133    5  133    0  180  255  140    0  140    0
125    8   20    1   88    5    4    0    0    0  138    0  118    0  157   32  162   15   97   18    3    0  254  255  140    0  140    0  245   28   75  250  162   11    0    0    0    0  140    0  140    0  182   36   49    3  131    5  123    0  185  255  140    0  140    0
125    8   22    1   88    5    7    0  255  255  138    0  120    0  161   33  161   15   98   18    1    0  255  255  140    0  140    0   35   33   75  250  163   11    0    0    0    0  140    0  140    0  212   32   51    3  130    5  114    0  190  255  140    0  140    0
125    8   22    1   87    5    8    0  255  255  138    0  112    0  240   28  176   15   85   18   17    0  241  255  140    0  140    0   66   34   80  250  165   11   10    0    5    0  140    0  140    0   98   35   58    3  126    5  114    0  190  255  140    0  140    0
125    8   21    1   88    5    5    0  255  255  138    0  115    0   99   30  187   15   76   18   29    0  231  255  140    0  140    0  186   37   88  250  169   11   23    0   11    0  140    0  140    0    7   35   57    3  127    5  101    0  197  255  140    0  140    0
125    8   20    1   88    5    2    0    0    0  138    0  118    0  107   30  196   15   68   18   37    0  224  255  140    0  140    0  166   33  105  250  177   11   52    0   25    0  140    0  140    0  254   37   55    3  128    5   87    0  206  255  140    0  140    0
125    8   20    1   88    5    1    0    0    0  138    0  120    0  235   32  195   15   69   18   33    0  227  255  140    0  140    0  248   32  112  250  181   11   61    0   29    0  140    0  140    0   98   32   53    3  129    5   75    0  213  255  140    0  140    0
125    8   19    1   88    5    0    0    0    0  138    0  112    0   16   32  210   15   55   18   49    0  214  255  140    0  140    0  142   32  114  250  181   11   56    0   26    0  140    0  140    0  122   34   58    3  127    5   75    0  213  255  140    0  140    0
125    8   19    1   88    5    0    0    0    0  136    0  106    0   45   33  206   15   59   18   40    0  221  255  140    0  140    0  190   35  113  250  181   11   48    0   23    0  140    0  140    0   94   33   62    3  124    5   75    0  213  255  140    0  140    0
125    8   19    1   88    5    0    0    0    0  133    0  101    0   98   29  219   15   48   18   53    0  210  255  140    0  140    0  136   29  106  250  178   11   30    0   14    0  140    0  140    0  220   36   67    3  121    5   75    0  213  255  140    0  140    0
125    8   18    1   88    5  255  255    0    0  130    0   96    0    5   36  217   15   49   18   47    0  215  255  140    0  140    0    4   34  102  250  176   11   18    0    8    0  140    0  140    0  162   33   71    3  119    5   75    0  213  255  140    0  140    0
125    8   18    1   88    5  255  255    0    0  126    0   92    0   21   35  206   15   59   18   32    0  229  255  140    0  140    0  189   33   96  250  173   11    6    0    2    0  140    0  140    0   89   34   76    3  116    5   75    0  213  255  140    0  140    0
125    8   19    1   88    5    0    0    0    0  121    0   89    0  187   35  202   15   62   18   25    0  235  255  140    0  140    0  197   36   93  250  171   11  255  255    0    0  140    0  140    0  142   34   80    3  113    5   75    0  213  255  140    0  140    0
125    8   18    1   88    5  255  255    0    0  117    0   87    0   13   36  204   15   61   18   25    0  235  255  140    0  140    0  164   33   94  250  172   11    0    0    0    0  140    0  140    0  202   33   85    3  111    5   75    0  213  255  140    0  140    0
125    8   18    1   88    5  254  255    0    0  113    0   85    0   38   34  203   15   62   18   22    0  237  255  140    0  140    0  156   34   89  250  170   11  249  255  253  255  140    0  140    0  193   34   89    3  108    5   75    0  213  255  140    0  140    0
125    8   16    1   89    5  251  255    1    0  110    0   83    0  227   34  192   15   72   18    8    0  249  255  140    0  140    0  114   35   91  250  170   11  253  255  255  255  140    0  140    0   66   34   94    3  106    5   75    0  213  255  140    0  140    0
125    8   12    1   90    5  242  255    2    0  106    0   82    0  120   30  191   15   73   18    6    0  251  255  140    0  140    0  139   33   97  250  173   11    8    0    4    0  140    0  140    0   78   31   98    3  103    5   75    0  213  255  140    0  140    0
125    8   11    1   90    5  243  255    2    0  102    0   81    0  222   35  191   15   72   18    6    0  251  255  140    0  140    0  211   37  105  250  177   11   22    0   11    0  140    0  140    0
125    8   11    1   90    5  245  255    2    0   99    0   80    0  195   33  194   15   69   18   10    0  248  255  140    0  140    0  114   35  112  250  180   11   32    0   15    0  140    0  140    0
125    8    8    1   90    5  239  255    3    0   96    0   79    0   91   30  181   15   81   18  251  255    4    0  140    0  140    0    2   31  120  250  184   11   43    0   20    0  140    0  140    0
125    8    5    1   91    5  234  255    4    0   94    0   78    0  150   32  166   15   94   18  234  255   19    0  140    0  140    0   49   33  121  250  185   11   40    0   19    0  140    0  140    0
125    8    4    1   91    5  235  255    4    0   91    0   78    0  100   31  148   15  110   18  214  255   36    0  140    0  140    0  177   33  119  250  184   11   32    0   15    0  140    0  140    0
125    8    2    1   91    5  233  255    4    0   89    0   78    0   63   35  142   15  115   18  211  255   38    0  140    0  140    0   15   34  111  250  180   11   13    0    6    0  140    0  140    0
125    8    3    1   91    5  240  255    3    0   87    0   78    0  140   28  140   15  117   18  211  255   38    0  140    0  140    0  178   34  109  250  179   11    8    0    4    0  140    0  140    0
125    8    2    1   91    5  240  255    3    0   86    0   77    0   25   31  133   15  123   18  206  255   42    0  140    0  140    0  205   32  107  250  178   11    3    0    1    0  140    0  140    0
125    8    4    1   91    5  245  255    2    0   85    0   77    0  149   31  130   15  125   18  206  255   42    0  140    0  140    0  198   29  108  250  178   11    5    0    2    0  140    0  140    0
125    8    4    1   91    5  249  255    1    0   84    0   76    0   34   36  122   15  132   18  201  255   46    0  140    0  140    0  129   36  103  250  176   11  252  255  254  255  140    0  140    0
125    8    7    1   90    5    0    0    0    0   84    0   75    0  174   32  125   15  129   18  209  255   40    0  140    0  140    0   19   34  101  250  175   11  248  255  252  255  140    0  140    0
125    8    9    1   90    5    6    0  255  255   85    0   74    0   70   35  126   15  128   18  213  255   36    0  140    0  140    0  228   31   97  250  173   11  242  255  250  255  140    0  140    0
125    8   11    1   90    5   10    0  254  255   86    0   73    0  106   32  121   15  132   18  211  255   38    0  140    0  140    0  233   30   91  250  170   11  231  255  244  255  140    0  140    0
125    8   14    1   89    5   16    0  253  255   88    0   72    0   94   34  111   15  140   18  202  255   45    0  140    0  140    0   27   36   89  250  169   11  232  255  245  255  140    0  140    0
125    8   16    1   89    5   16    0  253  255   92    0   70    0  132   34  101   15  149   18  194  255   52    0  140    0  140    0  169   33   97  250  173   11  249  255  253  255  140    0  140    0
125    8   17    1   89    5   16    0  253  255   98    0   68    0  110   31  105   15  145   18  203  255   44    0  140    0  140    0   61   32  105  250  177   11    9    0    4    0  140    0  140    0
125    8   19    1   88    5   19    0  253  255  103    0   66    0   88   32  116   15  136   18  220  255   30    0  140    0  140    0  210   33  107  250  178   11   11    0    5    0  140    0  140    0
125    8   22    1   88    5   23    0  252  255  107    0   75    0   36   35  130   15  124   18  239  255   14    0  140    0  140    0  234   34  110  250  179   11   14    0    7    0  140    0  140    0
125    8   23    1   87    5   23    0  252  255  111    0   83    0  230   33  129   15  125   18  239  255   14    0  140    0  140    0  182   34  112  250  180   11   18    0    8    0  140    0  140    0
125    8   24    1   87    5   21    0  252  255  114    0   90    0  230   33  139   15  117   18  252  255    3    0  140    0  140    0   10   35  114  250  181   11   18    0    9    0  140    0  140    0
125    8   25    1   87    5   21    0  252  255  117    0   96    0  135   34  128   15  126   18  240  255   14    0  140    0  140    0  168   33  108  250  179   11    6    0    3    0  140    0  140    0
125    8   26    1   87    5   21    0  252  255  119    0  101    0  203   35  134   15  121   18  247  255    7    0  140    0  140    0  244   33  105  250  177   11  255  255    0    0  140    0  140    0
125    8   27    1   86    5   21    0  252  255  121    0  105    0   63   33  137   15  119   18  251  255    4    0  140    0  140    0  140   34  104  250  176   11  254  255  255  255  140    0  140    0
125    8   28    1   86    5   19    0  253  255  123    0  109    0  161   34  139   15  117   18  255  255    1    0  140    0  140    0   94   30  100  250  174   11  246  255  252  255  140    0  140    0
125    8   27    1   87    5   15    0  253  255  125    0  112    0  130   32  146   15  111   18    5    0  252  255  140    0  140    0    1   34   96  250  173   11  241  255  249  255  140    0  140    0
125    8   26    1   87    5   12    0  254  255  126    0  115    0   12   32  145   15  111   18    4    0  252  255  140    0  140    0   98   33   95  250  172   11  241  255  249  255  140    0  140    0
125    8   25    1   87    5    8    0  255  255  127    0  118    0  131   35  153   15  105   18   13    0  245  255  140    0  140    0  155   33   87  250  168   11  227  255  242  255  140    0  140    0
125    8   25    1   87    5    7    0  255  255  128    0  120    0   32   33  160   15   99   18   21    0  238  255  140    0  140    0   94   35   94  250  172   11  244  255  251  255  140    0  140    0
125    8   26    1   87    5    7    0  255  255  129    0  122    0   66   32  163   15   97   18   22    0  237  255  140    0  140    0  199   33   93  250  171   11  244  255  251  255  140    0  140    0  124   37   31    3  141    5  253  255    1    0  140    0  140    0
125    8   26    1   87    5    8    0  255  255  130    0  124    0  161   33  168   15   92   18   26    0  233  255  140    0  140    0  125   33  105  250  177   11   11    0    5    0  140    0  140    0  242   34   29    3  142    5  251  255    3    0  140    0  140    0
125    8   26    1   87    5    7    0  255  255  131    0  126    0  236   34  166   15   94   18   22    0  237  255  140    0  140    0  112   33  106  250  178   11   11    0    5    0  140    0  140    0  193   35   27    3  144    5  246  255    5    0  140    0  140    0
125    8   27    1   86    5    7    0  255  255  132    0  127    0   31   30  177   15   85   18   33    0  228  255  140    0  140    0   24   31   99  250  174   11  255  255    0    0  140    0  140    0   28   31   23    3  145    5  241  255    8    0  140    0  140    0
125    8   25    1   87    5    2    0    0    0  133    0  128    0   96   33  187   15   76   18   42    0  220  255  140    0  140    0   53   31   95  250  172   11  246  255  252  255  140    0  140    0  128   31   18    3  149    5  231  255   14    0  140    0  140    0
125    8   24    1   87    5    0    0    0    0  133    0  129    0  160   32  176   15   85   18   27    0  233  255  140    0  140    0  160   36   92  250  170   11  242  255  250  255  140    0  140    0   11   34   12    3  152    5  223  255   18    0  140    0  140    0
125    8   25    1   87    5    2    0    0    0  133    0  130    0  109   33  177   15   84   18   27    0  233  255  140    0  140    0  194   30   83  250  166   11  228  255  243  255  140    0  140    0  161   35    8    3  154    5  219  255   20    0  140    0  140    0
125    8   24    1   87    5    0    0    0    0  133    0  131    0  142   28  172   15   89   18   19    0  240  255  140    0  140    0   50   33   81  250  165   11  228  255  242  255  140    0  140    0  191   35    6    3  155    5  218  255   20    0  140    0  140    0
125    8   24    1   87    5    1    0    0    0  133    0  132    0  223   34  169   15   91   18   14    0  244  255  140    0  140    0  146   36   77  250  163   11  224  255  241  255  140    0  140    0  103   36    3    3  157    5  218  255   20    0  140    0  140    0
125    8   24    1   87    5    0    0    0    0  133    0  133    0   53   34  162   15   98   18    5    0  252  255  140    0  140    0  144   35   76  250  163   11  226  255  242  255  140    0  140    0   38   34    2    3  157    5  221  255   19    0  140    0  140    0
125    8   26    1   87    5    4    0    0    0  133    0  133    0  221   31  159   15   99   18    2    0  254  255  140    0  140    0  235   33   75  250  162   11  226  255  242  255  140    0  140    0   66   35  186  252  100    4  146    1    8  254  123    0  132    0  112   33    3    3  157    5  226  255   16    0  140    0  140    0
125    8   27    1   86    5    5    0  255  255  133    0  133    0   11   32  156   15  102   18    0    0    0    0  140    0  140    0  213   34   75  250  163   11  231  255  244  255  140    0  140    0  106   36  212  252   75    4  153    1   11  254  125    0  133    0  223   34    4    3  156    5  232  255   13    0  140    0  140    0
125    8   27    1   87    5    4    0    0    0  133    0  133    0  193   32  166   15   94   18    9    0  248  255  140    0  140    0   33   34   72  250  161   11  227  255  242  255  140    0  140    0  158   34  237  252   44    4  153    1   11  254  125    0  133    0  106   32    6    3  155    5  238  255   10    0  140    0  140    0
125    8   27    1   87    5    3    0    0    0  133    0  133    0  247   32  160   15   99   18    2    0  254  255  140    0  140    0   81   30   62  250  156   11  212  255  234  255  140    0  140    0  147   34    5  253   14    4  153    1   11  254  125    0  133    0  251   34    7    3  155    5  241  255    8    0  140    0  140    0
125    8   28    1   86    5    6    0  255  255  133    0  133    0  157   31  147   15  110   18  244  255   10    0  140    0  140    0  135   36   59  250  154   11  212  255  234  255  140    0  140    0  130   36    9    3  154    5  247  255    5    0  140    0  140    0
125    8   31    1   86    5   10    0  254  255  133    0  133    0  219   34  138   15  117   18  236  255   17    0  140    0  140    0  246   35   56  250  153   11  212  255  234  255  140    0  140    0  248   36   10    3  153    5  251  255    3    0  140    0  140    0
125    8   30    1   86    5    8    0  255  255  133    0  133    0  249   29  142   15  114   18  241  255   12    0  140    0  140    0  143   34   54  250  152   11  212  255  234  255  140    0  140    0  185   33   14    3  151    5    2    0  255  255  140    0  140    0
125    8   33    1   85    5   12    0  254  255  133    0  133    0  189   34  138   15  117   18  238  255   15    0  140    0  140    0   91   35   51  250  150   11  212  255  234  255  140    0  140    0  237   30  223  253    5    4   99    2  209  254  115    0  120    0  220   35   16    3  150    5    5    0  253  255  140    0  140    0
125    8   32    1   85    5    8    0  255  255  133    0  133    0  115   33  136   15  119   18  237  255   16    0  140    0  140    0  130   34   48  250  149   11  212  255  234  255  140    0  140    0  230   32  255  253  236    3   87    2  170  254  104    0  112    0    2   32   18    3  148    5    9    0  251  255  140    0  140    0
125    8   30    1   86    5    4    0    0    0  133    0  133    0  139   34  136   15  119   18  238  255   15    0  140    0  140    0   73   34   46  250  148   11  212  255  234  255  140    0  140    0   80   33   39  254  214    3   95    2  160  254  108    0  115    0   63   37   20    3  147    5   12    0  250  255  140    0  140    0
125    8   28    1   86    5    0    0    0    0  133    0  133    0   58   36  129   15  125   18  232  255   20    0  140    0  140    0  144   30   43  250  146   11  212  255  234  255  140    0  140    0   99   32   74  254  193    3   92    2  150  254  109    0  109    0   68   34   23    3  146    5   16    0  247  255  140    0  140    0
125    8   29    1   86    5    1    0    0    0  133    0  133    0  140   35  140   15  116   18  245  255    9    0  140    0  140    0   57   34   40  250  145   11  212  255  234  255  140    0  140    0   46   35  128  254  165    3  121    2  209  254   96    0  101    0  186   34   24    3  145    5   16    0  247  255  140    0  140    0
125    8   25    1   87    5  251  255    1    0  133    0  133    0   40   31  143   15  113   18  250  255    5    0  140    0  140    0  220   34   38  250  144   11  212  255  234  255  140    0  140    0  108   34  166  254  146    3  121    2  201  254  124    0  147    0    0   36   26    3  144    5   17    0  247  255  140    0  140    0
125    8   24    1   87    5  249  255    1    0  133    0  133    0  151   34  142   15  114   18  249  255    6    0  140    0  140    0  119   32   35  250  143   11  212  255  234  255  140    0  140    0  131   35  210  254  134    3  142    2  189  254  115    0  135    0  123   36   27    3  143    5   18    0  246  255  140    0  140    0
125    8   24    1   87    5  249  255    1    0  133    0  133    0  112   31  126   15  127   18  232  255   21    0  140    0  140    0  164   37  249  254  115    3  142    2  189  254  115    0  135    0  140   33   29    3  143    5   18    0  246  255  140    0  140    0
125    8   24    1   87    5  251  255    1    0  133    0  133    0  111   33  135   15  119   18  244  255   10    0  140    0  140    0   47   34   35  255   96    3  147    2  214  254  121    0  128    0  199   34   30    3  142    5   18    0  246  255  140    0  140    0
125    8   21    1   88    5  247  255    2    0  133    0  133    0  234   35  136   15  119   18  245  255    9    0  140    0  140    0  146   34   74  255   78    3  147    2  214  254  121    0  128    0  138   30   32    3  141    5   20    0  245  255  140    0  140    0
125    8   19    1   88    5  244  255    2    0  133    0  133    0  251   34  128   15  126   18  237  255   16    0  140    0  140    0   83   36   26    3  144    5    7    0  253  255  140    0  140    0  100   33  114  255   61    3  147    2  214  254  121    0  128    0
125    8   20    1   88    5  247  255    1    0  133    0  133    0   77   34  137   15  118   18  248  255    6    0  140    0  140    0  245   35   20    3  147    5  253  255    1    0  140    0  140    0  167   33  139  255   34    3  114    2  150  254  122    0  122    0
125    8   20    1   88    5  247  255    1    0  133    0  133    0  228   33  137   15  119   18  248  255    6    0  140    0  140    0  156   33   14    3  151    5  242  255    7    0  140    0  140    0  130   35  176  255   13    3  114    2  150  254  122    0  122    0
125    8   20    1   88    5  249  255    1    0  133    0  133    0  245   35  148   15  109   18    4    0  252  255  140    0  140    0  181   36   11    3  153    5  238  255    9    0  140    0  140    0  157   33  214  255  247    2  114    2  150  254  122    0  122    0
125    8   21    1   88    5  252  255    0    0  133    0  133    0   82   34  152   15  105   18    9    0  248  255  140    0  140    0   69   33    1    3  158    5  223  255   18    0  140    0  140    0  236   32  239  255  222    2   90    2  139  254  128    0  121    0
125    8   23    1   87    5    0    0    0    0  133    0  133    0  128   35  152   15  105   18    8    0  249  255  140    0  140    0   78   34    5    3  156    5  234  255   12    0  140    0  140    0  102   32   18    0  200    2   90    2  139  254  128    0  121    0
125    8   27    1   86    5    7    0  255  255  133    0  133    0   56   33  152   15  105   18    8    0  249  255  140    0  140    0  135   36    4    3  156    5  234  255   12    0  140    0  140    0  194   34   37    0  174    2   57    2   97  254  129    0  123    0
125    8   28    1   86    5    7    0  255  255  133    0  133    0   25   36  163   15   96   18   19    0  240  255  140    0  140    0  232   33    6    3  155    5  241  255    8    0  140    0  140    0  104   33   71    0  149    2   57    2   97  254  129    0  123    0
125    8   28    1   86    5    7    0  255  255  133    0  133    0  247   34  180   15   82   18   37    0  225  255  140    0  140    0   51   31    5    3  155    5  241  255    8    0  140    0  140    0   96   34  105    0  124    2   57    2   97  254  129    0  123    0
125    8   29    1   86    5    7    0  255  255  133    0  133    0  225   32  181   15   81   18   35    0  226  255  140    0  140    0  153   33   28    3  143    5   25    0  243  255  140    0  140    0   97   27  148    0   99    2   71    2  105  254  143    0  137    0
125    8   29    1   86    5    7    0  255  255  133    0  133    0  220   31  190   15   73   18   43    0  219  255  140    0  140    0  156   32   37    3  138    5   40    0  234  255  140    0  140    0   14   35  172    0   73    2   50    2   82  254  144    0  131    0
125    8   30    1   86    5    7    0  255  255  133    0  133    0   70   32  192   15   71   18   43    0  219  255  140    0  140    0   94   33   40    3  137    5   40    0  234  255  140    0  140    0  149   33  196    0   47    2   29    2   54  254  143    0  124    0
125    8   30    1   86    5    7    0  255  255  133    0  133    0   51   33  196   15   68   18   44    0  218  255  140    0  140    0  216   34   42    3  135    5   40    0  234  255  140    0  140    0  153   34  229    0   20    2   29    2   54  254  143    0  124    0
125    8   31    1   86    5    7    0  255  255  133    0  133    0  178   34  203   15   62   18   49    0  213  255  140    0  140    0   21   33   45    3  134    5   40    0  234  255  140    0  140    0   51   36    5    1  248    1   29    2   54  254  143    0  124    0
125    8    6    1  150    5  218  255  146  255  133    0  133    0   88   34  208   15   57   18   52    0  211  255  140    0  140    0  122   35   47    3  133    5   40    0  234  255  140    0  140    0    6   33   38    1  221    1   29    2   54  254  143    0  124    0
125    8    4    1  143    5  218  255  146  255  133    0  133    0  126   32  211   15   55   18   52    0  211  255  140    0  140    0  150   33   49    3  131    5   40    0  234  255  140    0  140    0  233   29   70    1  193    1   29    2   54  254  143    0  124    0  136   33  109  250  179   11  230  255  244  255  140    0  140    0
125    8    1    1  137    5  218  255  146  255  133    0  133    0   20   34  214   15   52   18   52    0  211  255  140    0  140    0  205   32   52    3  130    5   40    0  234  255  140    0  140    0  211   32   57    1  170    1  191    1  204  253  144    0  120    0  123   32   96  250  172   11  206  255  232  255  140    0  140    0
125    8  255    0  130    5  218  255  146  255  133    0  133    0   57   34  218   15   49   18   52    0  211  255  140    0  140    0   12   35   54    3  129    5   40    0  234  255  140    0  140    0  226   32   84    1  136    1  191    1  204  253  144    0  120    0  142   35   86  250  167   11  191  255  225  255  140    0  140    0
125    8  253    0  123    5  218  255  146  255  133    0  133    0  162   31  221   15   46   18   52    0  211  255  140    0  140    0  168   31   57    3  127    5   40    0  234  255  140    0  140    0   70   37  110    1  102    1  191    1  204  253  144    0  120    0  241   34   82  250  166   11  191  255  225  255  140    0  140    0
125    8  250    0  117    5  218  255  146  255  133    0  133    0  160   33  224   15   44   18   52    0  211  255  140    0  140    0  242   33   59    3  126    5   40    0  234  255  140    0  140    0   49   32  137    1   68    1  191    1  204  253  144    0  120    0  208   35   86  250  168   11  208  255  233  255  140    0  140    0
125    8  248    0  110    5  218  255  146  255  133    0  133    0   44   34  227   15   41   18   52    0  211  255  140    0  140    0  113   35   61    3  124    5   40    0  234  255  140    0  140    0   84   34  164    1   34    1  191    1  204  253  144    0  120    0  140   35   83  250  166   11  208  255  233  255  140    0  140    0
125    8  246    0  104    5  218  255  146  255  133    0  133    0  144   36  230   15   38   18   52    0  211  255  140    0  140    0  177   34  135    1   51    1   91    1  243  253  144    0  122    0  164   34   82  250  166   11  213  255  235  255  140    0  140    0
125    8  243    0   97    5  218  255  146  255  133    0  133    0  141   33  233   15   35   18   52    0  211  255  140    0  140    0  173   36  156    1   20    1   91    1  243  253  144    0  122    0   88   35   77  250  163   11  206  255  232  255  140    0  140    0
125    8  241    0   90    5  218  255  146  255  133    0  133    0  193   33  236   15   33   18   52    0  211  255  140    0  140    0  218   32  177    1  244    0   91    1  243  253  144    0  122    0  210   29   74  250  162   11  207  255  232  255  140    0  140    0
125    8  239    0   84    5  218  255  146  255  133    0  133    0  171   32  239   15   30   18   52    0  211  255  140    0  140    0  180   33  198    1  213    0   91    1  243  253  144    0  122    0  198   31   74  250  162   11  213  255  235  255  140    0  140    0
125    8  218    1  181    0   91    1  243  253  144    0  122    0   75   32   75  250  162   11  219  255  238  255  140    0  140    0
184    8   70  250  160   11  215  255  236  255  140    0  140    0  184   33  239    1  150    0   91    1  243  253  144    0  122    0
184    8   80  250  165   11  239  255  248  255  140    0  140    0  244   33    4    2  118    0   91    1  243  253  144    0  122    0
184    8   89  250  169   11    0    0    0    0  140    0  140    0  145   33   25    2   87    0   91    1  243  253  144    0  122    0
184    8   93  250  172   11    9    0    4    0  140    0  140    0
184    8   87  250  168   11  253  255  255  255  140    0  140    0
184    8   88  250  169   11  255  255    0    0  140    0  140    0
184    8   91  250  170   11    3    0    1    0  140    0  140    0
184    8   87  250  168   11  252  255  254  255  140    0  140    0
184    8   87  250  168   11  253  255  255  255  140    0  140    0
184    8   83  250  166   11  246  255  251  255  140    0  140    0
184    8   83  250  166   11  247  255  252  255  140    0  140    0    3   32   22    1   88    5  252  255    0    0  140    0  140    0
184    8   83  250  166   11  247  255  252  255  140    0  140    0  213   32   20    1   88    5  250  255    1    0  140    0  140    0
184    8   85  250  167   11  253  255  255  255  140    0  140    0  192   33   17    1   89    5  244  255    2    0  140    0  140    0
184    8   94  250  172   11   14    0    6    0  140    0  140    0   42   34   17    1   88    5  247  255    1    0  140    0  140    0
184    8   96  250  173   11   15    0    7    0  140    0  140    0    7   35   17    1   88    5  248  255    1    0  140    0  140    0
184    8  101  250  175   11   23    0   11    0  140    0  140    0  167   34   18    1   88    5  251  255    1    0  140    0  140    0
184    8  101  250  175   11   20    0    9    0  140    0  140    0   23   33   18    1   88    5  252  255    0    0  140    0  140    0
184    8   97  250  173   11   10    0    5    0  140    0  140    0  221   34   17    1   88    5  250  255    1    0  140    0  140    0
184    8   93  250  171   11    1    0    0    0  140    0  140    0   41   31   17    1   88    5  251  255    1    0  140    0  140    0  135   34   15    3  147    5   16    0  248  255  140    0  140    0
184    8   96  250  172   11    7    0    3    0  140    0  140    0  236   33   17    1   88    5  251  255    1    0  140    0  140    0   11   35   10    3  150    5    5    0  254  255  140    0  140    0
184    8  100  250  175   11   15    0    7    0  140    0  140    0  224   27   19    1   88    5    0    0    0    0  140    0  140    0   77   35   11    3  149    5    5    0  254  255  140    0  140    0
184    8  105  250  177   11   22    0   10    0  140    0  140    0  220   35   21    1   88    5    3    0    0    0  140    0  140    0  200   32   11    3  149    5    5    0  254  255  140    0  140    0
184    8  104  250  177   11   18    0    8    0  140    0  140    0  150   29   24    1   87    5    7    0  255  255  140    0  140    0  144   36   15    3  147    5   12    0  250  255  140    0  140    0
184    8  109  250  179   11   26    0   12    0  140    0  140    0  105   32   25    1   87    5    8    0  255  255  140    0  140    0  224   30   21    3  144    5   20    0  245  255  140    0  140    0
184    8  107  250  178   11   19    0    9    0  140    0  140    0   27   30   25    1   87    5    8    0  255  255  140    0  140    0  139   34   26    3  141    5   28    0  240  255  140    0  140    0
184    8  103  250  176   11    8    0    3    0  140    0  140    0  239   34   28    1   86    5   12    0  254  255  140    0  140    0  218   31   24    3  143    5   21    0  245  255  140    0  140    0
184    8  100  250  174   11    1    0    0    0  140    0  140    0  144   30   27    1   87    5    8    0  255  255  140    0  140    0   15   34   25    3  142    5   21    0  245  255  140    0  140    0
184    8   98  250  174   11  255  255    0    0  140    0  140    0   11   34   28    1   86    5    9    0  254  255  140    0  140    0  111   34   28    3  141    5   23    0  243  255  140    0  140    0
184    8   93  250  171   11  246  255  252  255  140    0  140    0   22   35   29    1   86    5   11    0  254  255  140    0  140    0   55   32   29    3  140    5   23    0  243  255  140    0  140    0
184    8   89  250  169   11  238  255  248  255  140    0  140    0  121   32   29    1   86    5   10    0  254  255  140    0  140    0   37   35   29    3  140    5   20    0  245  255  140    0  140    0
184    8   89  250  169   11  240  255  249  255  140    0  140    0  218   33   29    1   86    5    8    0  255  255  140    0  140    0   71   31   27    3  142    5   13    0  249  255  140    0  140    0  133   36  149   15  108   18  245  255    9    0  140    0  140    0
184    8   87  250  168   11  239  255  248  255  140    0  140    0  237   34   29    1   86    5    6    0  255  255  140    0  140    0  188   34   29    3  141    5   16    0  247  255  140    0  140    0  146   34  148   15  108   18  245  255    9    0  140    0  140    0
184    8   80  250  165   11  228  255  243  255  140    0  140    0  142   31   28    1   86    5    5    0  255  255  140    0  140    0  248   30   33    3  138    5   22    0  244  255  140    0  140    0  175   34  133   15  121   18  225  255   26    0  140    0  140    0
184    8   82  250  166   11  235  255  246  255  140    0  140    0  159   32   27    1   86    5    2    0    0    0  140    0  140    0  114   35   33    3  138    5   20    0  245  255  140    0  140    0  152   32  117   15  135   18  204  255   44    0  140    0  140    0
184    8   84  250  167   11  240  255  249  255  140    0  140    0   52   35   28    1   86    5    3    0    0    0  140    0  140    0   29   32   34    3  138    5   18    0  246  255  140    0  140    0  132   32  115   15  136   18  205  255   42    0  140    0  140    0
184    8   91  250  170   11    0    0    0    0  140    0  140    0   25   34   27    1   87    5    1    0    0    0  140    0  140    0  193   32   35    3  138    5   18    0  246  255  140    0  140    0  237   32  112   15  139   18  205  255   42    0  140    0  140    0
184    8   97  250  173   11   10    0    5    0  140    0  140    0   47   35   25    1   87    5  255  255    0    0  140    0  140    0  116   35   35    3  138    5   17    0  247  255  140    0  140    0   57   35  111   15  140   18  209  255   39    0  140    0  140    0
184    8  105  250  177   11   24    0   11    0  140    0  140    0   96   31   23    1   87    5  251  255    1    0  140    0  140    0   78   33   35    3  137    5   15    0  248  255  140    0  140    0  168   31  124   15  129   18  231  255   21    0  140    0  140    0
184    8  112  250  180   11   35    0   17    0  140    0  140    0  250   30   23    1   87    5  252  255    0    0  140    0  140    0  131   32   38    3  136    5   19    0  246  255  140    0  140    0  163   33  144   15  112   18    2    0  254  255  140    0  140    0
184    8  123  250  186   11   51    0   24    0  140    0  140    0  158   30   22    1   87    5  251  255    1    0  140    0  140    0   19   33   40    3  135    5   20    0  245  255  140    0  140    0   28   34  157   15  101   18   20    0  239  255  140    0  140    0
184    8  121  250  185   11   42    0   20    0  140    0  140    0  227   33   22    1   88    5  250  255    1    0  140    0  140    0  222   32   41    3  134    5   19    0  245  255  140    0  140    0  244   34  164   15   95   18   28    0  233  255  140    0  140    0
184    8  121  250  185   11   37    0   17    0  140    0  140    0    0   34   20    1   88    5  247  255    1    0  140    0  140    0  204   32   43    3  133    5   21    0  244  255  140    0  140    0  200   35  159   15   99   18   19    0  240  255  140    0  140    0
184    8  122  250  185   11   36    0   17    0  140    0  140    0   92   33   19    1   88    5  246  255    2    0  140    0  140    0  201   33   45    3  132    5   21    0  244  255  140    0  140    0  205   33  162   15   97   18   21    0  239  255  140    0  140    0
184    8  117  250  183   11   21    0   10    0  140    0  140    0  246   31   19    1   88    5  248  255    1    0  140    0  140    0  238   33   46    3  132    5   21    0  244  255  140    0  140    0  217   32  149   15  108   18    3    0  254  255  140    0  140    0
184    8  114  250  181   11   14    0    6    0  140    0  140    0   62   34   19    1   88    5  248  255    1    0  140    0  140    0   92   36   47    3  131    5   21    0  244  255  140    0  140    0  239   35  149   15  108   18    3    0  254  255  140    0  140    0
184    8  115  250  182   11   14    0    6    0  140    0  140    0  188   34   20    1   88    5  252  255    0    0  140    0  140    0  193   34   50    3  130    5   23    0  243  255  140    0  140    0   67   36  149   15  108   18    2    0  254  255  140    0  140    0
184    8  116  250  182   11   14    0    6    0  140    0  140    0  179   31   22    1   88    5  255  255    0    0  140    0  140    0  156   33   50    3  129    5   22    0  243  255  140    0  140    0  247   29  145   15  111   18  254  255    2    0  140    0  140    0
184    8  126  250  187   11   32    0   15    0  140    0  140    0   85   32   21    1   88    5  254  255    0    0  140    0  140    0   10   32   49    3  130    5   17    0  247  255  140    0  140    0  204   34  136   15  118   18  244  255   10    0  140    0  140    0
184    8  122  250  185   11   20    0    9    0  140    0  140    0   86   29   21    1   88    5  255  255    0    0  140    0  140    0   89   33   48    3  131    5   13    0  249  255  140    0  140    0  184   34  138   15  117   18  248  255    7    0  140    0  140    0
184    8  115  250  182   11    5    0    2    0  140    0  140    0  133   33   22    1   88    5    0    0    0    0  140    0  140    0  140   32   43    3  134    5    2    0  255  255  140    0  140    0   80   35  150   15  106   18    6    0  251  255  140    0  140    0
184    8  112  250  180   11  255  255    0    0  140    0  140    0  244   31   20    1   88    5  253  255    0    0  140    0  140    0  226   32   43    3  133    5    2    0  255  255  140    0  140    0  198   31  149   15  108   18    3    0  253  255  140    0  140    0
184    8  108  250  178   11  248  255  253  255  140    0  140    0   23   30   20    1   88    5  253  255    0    0  140    0  140    0  155   35   44    3  133    5    2    0  255  255  140    0  140    0    8   33  132   15  122   18  240  255   13    0  140    0  140    0
184    8  104  250  176   11  241  255  249  255  140    0  140    0  133   35   19    1   88    5  253  255    0    0  140    0  140    0  247   32   44    3  133    5    2    0  255  255  140    0  140    0  230   33  136   15  119   18  246  255    8    0  140    0  140    0
184    8  101  250  175   11  238  255  248  255  140    0  140    0    9   32   20    1   88    5  255  255    0    0  140    0  140    0   39   35   44    3  133    5    2    0  255  255  140    0  140    0   29   31  134   15  120   18  245  255   10    0  140    0  140    0
184    8  101  250  175   11  240  255  248  255  140    0  140    0  210   33   22    1   87    5    2    0    0    0  139    0  132    0  141   34   44    3  133    5    2    0  255  255  140    0  140    0   29   37  124   15  129   18  233  255   19    0  140    0  140    0
184    8  104  250  177   11  248  255  252  255  140    0  140    0   39   32   21    1   88    5    0    0    0    0  139    0  133    0   58   33   44    3  133    5    2    0  255  255  140    0  140    0  217   33  117   15  135   18  228  255   24    0  140    0  140    0
184    8  100  250  175   11  241  255  249  255  140    0  140    0  105   32   23    1   87    5    3    0    0    0  139    0  133    0  109   35   45    3  133    5    2    0  255  255  140    0  140    0   75   36  108   15  142   18  219  255   31    0  140    0  140    0
184    8   95  250  172   11  233  255  245  255  140    0  140    0  242   35   23    1   87    5    2    0    0    0  138    0  127    0    6   34   45    3  133    5    2    0  255  255  140    0  140    0  250   28  107   15  143   18  220  255   30    0  140    0  140    0
184    8   97  250  173   11  240  255  248  255  140    0  140    0   44   34   22    1   87    5    1    0    0    0  138    0  128    0   66   34   45    3  133    5    2    0  255  255  140    0  140    0  167   36  109   15  141   18  226  255   25    0  140    0  140    0
184    8   96  250  172   11  239  255  248  255  140    0  140    0  140   33   25    1   87    5    5    0  255  255  138    0  129    0   75   32   45    3  133    5    2    0  255  255  140    0  140    0   40   35  107   15  143   18  226  255   25    0  140    0  140    0
184    8   89  250  169   11  228  255  243  255  140    0  140    0   82   30   25    1   87    5    5    0  255  255  138    0  130    0  118   33  109   15  141   18  230  255   22    0  140    0  140    0
184    8   85  250  167   11  224  255  241  255  140    0  140    0    2   35   24    1   87    5    2    0    0    0  138    0  131    0  155   33  107   15  143   18  229  255   22    0  140    0  140    0
184    8   80  250  165   11  218  255  238  255  140    0  140    0  178   32   24    1   87    5    2    0    0    0  138    0  132    0  184   34  109   15  141   18  233  255   19    0  140    0  140    0
184    8   80  250  165   11  223  255  240  255  140    0  140    0   11   34   23    1   87    5    0    0    0    0  138    0  133    0  236   33  106   15  144   18  231  255   21    0  140    0  140    0
184    8   78  250  164   11  223  255  240  255  140    0  140    0  170   33   24    1   87    5    2    0    0    0  138    0  133    0  228   30  103   15  146   18  230  255   22    0  140    0  140    0
184    8   86  250  168   11  242  255  250  255  140    0  140    0   77   33   23    1   87    5    1    0    0    0  138    0  133    0   65   33   97   15  151   18  225  255   26    0  140    0  140    0   79   35  183    2  196    5  157    0  183  255  140    0  140    0
184    8  100  250  175   11   11    0    5    0  140    0  140    0   45   35   24    1   87    5    2    0    0    0  138    0  133    0  138   33   99   15  149   18  229  255   22    0  140    0  140    0  246   31  199    2  189    5  169    0  175  255  140    0  140    0
184    8  106  250  178   11   21    0   10    0  140    0  140    0  103   33   23    1   87    5    0    0    0    0  138    0  133    0  109   34   99   15  149   18  231  255   20    0  140    0  140    0   67   35  210    2  183    5  171    0  172  255  140    0  140    0
184    8  104  250  177   11   16    0    7    0  140    0  140    0   39   33   24    1   87    5    1    0    0    0  138    0  133    0  113   30  100   15  149   18  234  255   18    0  140    0  140    0  114   34  211    2  182    5  152    0  182  255  140    0  140    0
184    8  103  250  176   11   11    0    5    0  140    0  140    0  137   32   26    1   87    5    4    0  255  255  138    0  133    0  193   34  224    2  176    5  159    0  176  255  140    0  140    0  152   30   94   15  153   18  229  255   22    0  140    0  140    0
184    8   97  250  173   11    0    0    0    0  140    0  140    0  126   34   23    1   87    5    0    0    0    0  138    0  133    0  164   34  233    2  171    5  159    0  176  255  140    0  140    0  118   32   93   15  155   18  229  255   22    0  140    0  140    0
184    8   97  250  173   11    0    0    0    0  140    0  140    0  227   31   23    1   87    5    0    0    0    0  138    0  133    0  167   35  243    2  166    5  159    0  173  255  140    0  140    0   48   32   91   15  156   18  229  255   22    0  140    0  140    0
184    8   86  250  168   11  236  255  246  255  140    0  140    0   43   37   23    1   87    5  255  255    0    0  138    0  133    0  128   29  250    2  162    5  154    0  175  255  140    0  140    0  153   33   89   15  158   18  228  255   23    0  140    0  140    0
184    8   84  250  167   11  235  255  246  255  140    0  140    0   76   36   22    1   87    5  254  255    0    0  138    0  133    0  190   36    3    3  158    5  154    0  175  255  140    0  140    0   83   34   89   15  157   18  231  255   20    0  140    0  140    0
