233   17   72  245  157   21  230  255  243  255  133    0  133    0   70   32  194  238  220   25  207  255  224  255  140    0  140    0
233   17   67  245  155   21  223  255  240  255  133    0  133    0    7   31  196  238  221   25  214  255  229  255  140    0  140    0
233   17   69  245  156   21  232  255  244  255  133    0  133    0   19   32  193  238  219   25  214  255  229  255  140    0  140    0
233   17   69  245  156   21  234  255  246  255  133    0  133    0   27   37  255  238    5   26   57    0   39    0  140    0  140    0
233   17   61  245  152   21  221  255  239  255  133    0  133    0   16   34    2  239    8   26   57    0   39    0  140    0  140    0
233   17   62  245  152   21  227  255  242  255  133    0  133    0  173   32    5  239   10   26   57    0   39    0  140    0  140    0
233   17   54  245  149   21  217  255  237  255  133    0  133    0   98   33   13  239   15   26   64    0   42    0  140    0  140    0
233   17   54  245  148   21  220  255  238  255  133    0  133    0  120   34   19  239   19   26   67    0   43    0  140    0  140    0
233   17   48  245  146   21  214  255  235  255  133    0  133    0  209   36   23  239   22   26   67    0   43    0  140    0  140    0
233   17   37  245  140   21  198  255  227  255  133    0  133    0   31   33  253  238    4   26   21    0   13    0  140    0  140    0
233   17   43  245  143   21  215  255  236  255  133    0  133    0  146   33  254  238    5   26   21    0   13    0  140    0  140    0
233   17   49  245  146   21  231  255  244  255  133    0  133    0  131   36   11  239   14   26   38    0   25    0  140    0  140    0
233   17   56  245  150   21  246  255  252  255  133    0  133    0  252   31   16  239   17   26   44    0   28    0  140    0  140    0
233   17   51  245  147   21  238  255  247  255  133    0  133    0   25   36  239  238  251   25  242  255  248  255  140    0  140    0
233   17   48  245  146   21  236  255  246  255  133    0  133    0   96   33  247  238    1   26    0    0    0    0  140    0  140    0
233   17   42  245  143   21  227  255  242  255  133    0  133    0  206   30    2  239    8   26   19    0   13    0  140    0  140    0
233   17   46  245  144   21  236  255  246  255  133    0  133    0  117   36  232  238  247   25  228  255  238  255  140    0  140    0
233   17   35  245  139   21  219  255  238  255  133    0  133    0  139   31  230  238  246   25  228  255  238  255  140    0  140    0
233   17   19  245  131   21  193  255  224  255  133    0  133    0  206   32  229  238  245   25  228  255  238  255  140    0  140    0
233   17    8  245  125   21  181  255  218  255  133    0  133    0  180   30   32  239   28   26   77    0   52    0  140    0  140    0
233   17    9  245  126   21  191  255  223  255  133    0  133    0    0   37   37  239   31   26   77    0   52    0  140    0  140    0
233   17   11  245  127   21  202  255  229  255  133    0  133    0  110   35   12  239   15   26   28    0   19    0  140    0  140    0
233   17   26  245  134   21  234  255  245  255  133    0  133    0  121   35   14  239   16   26   28    0   19    0  140    0  140    0
233   17   33  245  138   21  250  255  253  255  133    0  133    0  169   28   16  239   17   26   28    0   19    0  140    0  140    0
233   17   34  245  139   21  253  255  255  255  133    0  133    0  177   34   83  239   62   26  133    0   86    0  140    0  140    0
233   17   31  245  137   21  247  255  252  255  133    0  133    0   94   30   91  239   67   26  133    0   86    0  140    0  140    0
233   17   35  245  139   21  255  255    0    0  133    0  133    0  210   34   99  239   72   26  133    0   86    0  140    0  140    0
233   17   39  245  141   21    6    0    3    0  133    0  133    0  143   31  107  239   77   26  133    0   86    0  140    0  140    0
233   17   37  245  140   21    1    0    0    0  133    0  133    0   90   35  115  239   83   26  133    0   86    0  140    0  140    0
233   17   38  245  140   21    2    0    1    0  133    0  133    0   13   34  123  239   88   26  133    0   86    0  140    0  140    0
233   17   49  245  146   21   23    0   11    0  133    0  133    0  205   34  131  239   93   26  133    0   86    0  140    0  140    0
233   17   57  245  150   21   35    0   17    0  133    0  133    0  157   34  128  239   90   26  118    0   74    0  140    0  140    0
233   17   56  245  149   21   28    0   14    0  133    0  133    0   57   28  172  239  118   26  167    0  103    0  140    0  140    0
233   17   58  245  151   21   30    0   15    0  133    0  133    0  212   36  182  239  125   26  167    0  103    0  140    0  140    0
233   17   54  245  149   21   20    0   10    0  133    0  133    0   94   28  189  239  128   26  162    0  100    0  140    0  140    0
233   17   55  245  149   21   19    0    9    0  133    0  133    0   72   35  222  239  149   26  195    0  119    0  140    0  140    0
233   17   51  245  147   21    9    0    4    0  133    0  133    0  195   34  234  239  156   26  195    0  119    0  140    0  140    0
233   17   46  245  145   21    0    0    0    0  133    0  133    0  221   29  182  239  124   26  100    0   62    0  140    0  140    0
233   17   46  245  145   21    0    0    0    0  133    0  133    0   14   32  188  239  128   26  100    0   62    0  140    0  140    0
233   17   51  245  147   21    8    0    4    0  133    0  133    0   15   33  253  239  167   26  190    0  116    0  140    0  140    0
233   17   54  245  148   21   12    0    6    0  133    0  133    0  117   35    8  240  174   26  190    0  116    0  140    0  140    0
233   17   54  245  148   21   11    0    5    0  133    0  133    0  109   35  184  239  126   26   49    0   32    0  140    0  140    0
233   17   47  245  145   21  255  255    0    0  133    0  133    0  140   35  187  239  128   26   49    0   32    0  140    0  140    0
233   17   46  245  145   21  254  255  255  255  133    0  133    0  105   34  190  239  130   26   49    0   32    0  140    0  140    0
233   17   39  245  141   21  242  255  249  255  133    0  133    0  139   33  193  239  132   26   49    0   32    0  140    0  140    0
233   17   45  245  144   21  254  255  255  255  133    0  133    0   33   34  104  239   78   26  170  255  204  255  140    0  140    0
233   17   50  245  146   21    5    0    2    0  133    0  133    0   54   33   99  239   74   26  170  255  204  255  140    0  140    0
233   17   37  245  140   21  239  255  248  255  133    0  133    0  121   32   94  239   71   26  170  255  204  255  140    0  140    0
233   17   26  245  134   21  222  255  239  255  133    0  133    0  222   33   89  239   68   26  170  255  204  255  140    0  140    0
233   17   36  245  139   21  242  255  249  255  133    0  133    0  193   31   83  239   65   26  170  255  204  255  140    0  140    0
233   17   38  245  140   21  247  255  252  255  133    0  133    0  192   28   78  239   62   26  170  255  204  255  140    0  140    0
233   17   35  245  139   21  244  255  250  255  133    0  133    0  131   34   73  239   59   26  170  255  204  255  140    0  140    0
233   17   39  245  141   21  252  255  254  255  133    0  133    0  245   35   27  239   18   26  115  255  164  255  140    0  140    0
233   17   34  245  138   21  244  255  250  255  133    0  133    0  111   34   19  239   12   26  115  255  164  255  140    0  140    0
233   17   21  245  132   21  222  255  239  255  133    0  133    0  244   30   10  239    7   26  115  255  164  255  140    0  140    0
233   17   12  245  127   21  210  255  233  255  133    0  133    0   41   37    2  239    1   26  115  255  164  255  140    0  140    0
233   17    0  245  121   21  193  255  224  255  133    0  133    0  150   35  249  238  252   25  115  255  164  255  140    0  140    0
233   17  247  244  117   21  184  255  219  255  133    0  133    0  164   32  241  238  246   25  115  255  164  255  140    0  140    0
233   17  254  244  120   21  204  255  230  255  133    0  133    0   18   35  232  238  240   25  115  255  164  255  140    0  140    0
233   17  245  244  115   21  194  255  224  255  133    0  133    0   13   33  224  238  235   25  115  255  164  255  140    0  140    0
233   17  253  244  120   21  215  255  235  255  133    0  133    0  164   33  215  238  229   25  115  255  164  255  140    0  140    0
233   17  243  244  115   21  202  255  229  255  133    0  133    0  202   30  207  238  224   25  115  255  164  255  140    0  140    0
233   17  232  244  109   21  187  255  221  255  133    0  133    0   94   35  199  238  218   25  115  255  164  255  140    0  140    0
233   17  234  244  110   21  198  255  226  255  133    0  133    0
233   17  249  244  118   21  232  255  244  255  133    0  133    0
233   17   11  245  127   21   10    0    5    0  133    0  133    0
233   17   17  245  130   21   19    0    9    0  133    0  133    0
233   17   25  245  134   21   31    0   15    0  133    0  133    0
233   17   33  245  138   21   42    0   21    0  133    0  133    0
233   17   41  245  142   21   52    0   26    0  133    0  133    0
233   17   55  245  150   21   72    0   36    0  133    0  133    0
233   17   70  245  157   21   90    0   44    0  133    0  133    0
233   17   62  245  153   21   66    0   33    0  133    0  133    0
233   17   57  245  150   21   49    0   24    0  133    0  133    0
233   17   59  245  151   21   48    0   24    0  133    0  133    0
233   17   68  245  156   21   60    0   30    0  133    0  133    0
233   17   74  245  159   21   64    0   31    0  133    0  133    0
233   17   80  245  162   21   68    0   33    0  133    0  133    0
233   17   76  245  160   21   52    0   26    0  133    0  133    0
233   17   67  245  155   21   31    0   15    0  133    0  133    0  211   29   19  239   20   26  255  255    0    0  140    0  140    0
233   17   53  245  148   21    1    0    0    0  133    0  133    0  135   34   19  239   20   26  255  255    0    0  140    0  140    0
233   17   46  245  145   21  246  255  251  255  133    0  133    0
233   17   35  245  139   21  227  255  242  255  133    0  133    0  122   33  250  238    3   26  212  255  227  255  140    0  140    0
233   17   35  245  139   21  230  255  243  255  133    0  133    0  107   32  247  238    2   26  212  255  227  255  140    0  140    0
233   17   36  245  140   21  234  255  245  255  133    0  133    0
233   17   35  245  139   21  236  255  246  255  133    0  133    0
233   17   33  245  138   21  235  255  246  255  133    0  133    0
233   17   39  245  141   21  248  255  252  255  133    0  133    0
233   17   54  245  149   21   16    0    8    0  133    0  133    0
233   17   53  245  148   21   14    0    7    0  133    0  133    0
233   17   65  245  155   21   34    0   17    0  133    0  133    0
233   17   76  245  160   21   49    0   24    0  133    0  133    0
233   17   87  245  166   21   64    0   31    0  133    0  133    0
233   17  105  245  174   21   89    0   43    0  133    0  133    0
233   17  103  245  173   21   76    0   37    0  133    0  133    0
233   17   93  245  168   21   49    0   24    0  133    0  133    0
233   17  100  245  172   21   56    0   27    0  133    0  133    0  218   33  238  238  252   25   58    0   41    0  140    0  140    0
233   17   95  245  169   21   39    0   19    0  133    0  133    0   86   36  234  238  250   25   47    0   31    0  140    0  140    0
233   17   97  245  170   21   40    0   19    0  133    0  133    0   90   36  250  238    4   26   68    0   45    0  140    0  140    0
233   17   99  245  171   21   40    0   19    0  133    0  133    0  156   34  255  238    7   26   68    0   45    0  140    0  140    0
233   17  112  245  177   21   59    0   28    0  133    0  133    0  156   33    3  239   10   26   68    0   45    0  140    0  140    0
233   17  132  245  187   21   89    0   43    0  133    0  133    0   37   33  220  238  240   25    0    0    0    0  140    0  140    0
233   17  153  245  197   21  119    0   57    0  133    0  133    0   41   33  232  238  248   25   18    0   12    0  140    0  140    0
233   17  173  245  207   21  143    0   68    0  133    0  133    0  170   35  233  238  249   25   18    0   12    0  140    0  140    0
233   17  183  245  212   21  147    0   69    0  133    0  133    0  209   34  178  238  212   25  185  255  210  255  140    0  140    0
233   17  187  245  213   21  136    0   64    0  133    0  133    0   31   33  174  238  209   25  185  255  210  255  140    0  140    0
233   17  178  245  209   21  104    0   49    0  133    0  133    0   62   35  169  238  206   25  185  255  210  255  140    0  140    0
233   17  176  245  208   21   89    0   42    0  133    0  133    0   58   33   86  238  151   25   67  255  127  255  140    0  140    0
233   17  162  245  202   21   53    0   25    0  133    0  133    0  141   34   75  238  143   25   67  255  127  255  140    0  140    0
233   17  157  245  199   21   37    0   17    0  133    0  133    0    5   35   63  238  135   25   67  255  127  255  140    0  140    0
233   17  149  245  195   21   17    0    8    0  133    0  133    0   39   29   52  238  128   25   67  255  127  255  140    0  140    0
233   17  150  245  196   21   17    0    8    0  133    0  133    0  100   35   40  238  120   25   67  255  127  255  140    0  140    0
233   17  151  245  196   21   17    0    8    0  133    0  133    0  229   33   29  238  112   25   67  255  127  255  140    0  140    0
233   17  152  245  197   21   17    0    8    0  133    0  133    0
233   17  153  245  197   21   17    0    8    0  133    0  133    0
233   17  154  245  198   21   17    0    8    0  133    0  133    0
233   17  155  245  198   21   17    0    8    0  133    0  133    0
233   17  156  245  199   21   17    0    8    0  133    0  133    0
233   17  157  245  199   21   17    0    8    0  133    0  133    0
233   17  158  245  200   21   17    0    8    0  133    0  133    0
233   17  159  245  200   21   17    0    8    0  133    0  133    0
41   19   71  255  130    1   53    0  212  255   97    0   99    0
41   19   74  255  127    1   53    0  212  255   97    0   99    0
41   19   80  255  123    1   57    0  212  255  102    0  104    0
41   19   84  255  120    1   57    0  212  255  102    0  104    0
41   19   87  255  117    1   57    0  212  255  102    0  104    0
41   19  126  255  118    1   85    0   30    0  102    0   99    0
41   19  131  255  120    1   85    0   30    0  102    0   99    0
41   19  134  255  118    1   82    0   26    0  106    0  104    0
41   19  137  255  117    1   79    0   25    0  110    0  108    0
41   19  146  255  118    1   85    0   25    0  113    0  112    0
41   19  153  255  118    1   88    0   24    0  116    0  115    0
41   19  161  255  118    1   91    0   23    0  117    0  116    0  211   35   54   11  206   22  107    0  204  255  140    0  140    0
41   19  168  255  119    1   93    0   22    0  119    0  119    0  172   34   61   11  203   22  107    0  204  255  140    0  140    0
41   19  174  255  120    1   93    0   22    0  119    0  119    0
41   19  175  255  119    1   85    0   18    0  121    0  121    0
41   19  180  255  120    1   85    0   18    0  121    0  121    0
41   19  180  255  119    1   77    0   15    0  123    0  123    0  155   33   13    8  106   17   24    0  245  255  140    0  140    0
41   19  185  255  120    1   77    0   15    0  123    0  123    0   58   35   14    8  106   17   24    0  245  255  140    0  140    0
41   19  190  255  121    1   77    0   15    0  123    0  123    0   98   31   33    8   97   17   50    0  233  255  140    0  140    0
41   19  186  255  119    1   62    0   12    0  125    0  125    0   31   34   40    8   94   17   56    0  230  255  140    0  140    0
41   19  190  255  120    1   62    0   12    0  125    0  125    0  118   33   63    8   83   17   86    0  216  255  140    0  140    0
41   19  185  255  118    1   49    0    9    0  126    0  126    0  122   36   68    8   80   17   86    0  216  255  140    0  140    0
41   19  188  255  119    1   49    0    9    0  126    0  126    0  217   35   75    8   77   17   88    0  214  255  140    0  140    0
41   19  191  255  119    1   49    0    9    0  126    0  126    0    4   34   75    8   77   17   80    0  218  255  140    0  140    0  125   33  151   10   26   23  237  255    8    0  140    0  140    0
41   19  194  255  120    1   49    0    9    0  126    0  126    0  223   31   82    8   74   17   84    0  216  255  140    0  140    0   95   32  156   10   24   23  246  255    4    0  140    0  140    0
41   19  197  255  121    1   49    0    9    0  126    0  126    0  133   32  160  255  122    1    5    0    1    0  124    0  132    0  199   35   84    8   73   17   79    0  218  255  140    0  140    0  152   34  155   10   24   23  245  255    5    0  140    0  140    0
41   19  200  255  121    1   49    0    9    0  126    0  126    0  102   32  159  255  118    1    1    0    0    0  108    0  127    0   81   35   88    8   71   17   79    0  218  255  140    0  140    0    5   33  173   10   16   23   16    0  249  255  140    0  140    0
41   19  203  255  122    1   49    0    9    0  126    0  126    0  232   35  159  255  117    1    1    0    0    0  112    0  128    0   29   34   84    8   73   17   67    0  224  255  140    0  140    0  142   34  182   10   12   23   28    0  243  255  140    0  140    0
41   19  206  255  122    1   49    0    9    0  126    0  126    0  232   34  159  255  116    1    0    0    0    0  115    0  129    0  152   38   95    8   67   17   76    0  219  255  140    0  140    0   59   35  181   10   12   23   24    0  245  255  140    0  140    0
41   19  209  255  123    1   49    0    9    0  126    0  126    0  167   33  159  255  114    1    0    0    0    0  118    0  130    0   60   33  100    8   65   17   76    0  219  255  140    0  140    0   16   33  163   10   20   23  254  255    1    0  140    0  140    0
41   19  212  255  123    1   49    0    9    0  126    0  126    0  208   34  159  255  113    1    0    0    0    0  120    0  131    0  109   34  105    8   63   17   76    0  219  255  140    0  140    0   38   34  139   10   31   23  221  255   16    0  140    0  140    0
41   19  215  255  124    1   49    0    9    0  126    0  126    0  237   34  159  255  112    1    0    0    0    0  122    0  132    0  180   34  109    8   61   17   76    0  219  255  140    0  140    0  123   32  128   10   36   23  208  255   22    0  140    0  140    0
41   19  159  255  112    1    0    0    0    0  124    0  133    0  234   32  104    8   63   17   64    0  225  255  140    0  140    0  155   35  125   10   38   23  208  255   22    0  140    0  140    0
41   19  159  255  111    1  255  255    0    0  126    0  133    0   16   33  109    8   61   17   65    0  224  255  140    0  140    0   16   33  123   10   39   23  210  255   21    0  140    0  140    0
49   19  130   10   36   23  222  255   15    0  140    0  140    0  151   31  159  255  110    1  255  255    0    0  127    0  133    0  183   33  113    8   59   17   66    0  224  255  140    0  140    0
49   19  132   10   34   23  227  255   13    0  140    0  140    0  242   34  159  255  109    1    0    0    0    0  128    0  133    0   25   33  117    8   57   17   66    0  224  255  140    0  140    0
49   19  141   10   30   23  241  255    7    0  140    0  140    0  181   33  159  255  109    1    0    0    0    0  129    0  133    0  189   32  120    8   55   17   65    0  224  255  140    0  140    0
