0    0  160  254  190    3  253  255  255  255   93    0   93    0
0    0  160  254  190    3  253  255  255  255   93    0   93    0  226   35  254  253  235   26    1    0    0    0  133    0  135    0
0    0  159  254  189    3  251  255  255  255   93    0   93    0   24   36  245  253  236   26  238  255  255  255  133    0  135    0
0    0  159  254  189    3  253  255  255  255   93    0   93    0  102   32  231  253  237   26  211  255  253  255  121    0  130    0
0    0  159  254  189    3  254  255  255  255   93    0   93    0    8   33  253  253  240   26    8    0    0    0  123    0  131    0
0    0  159  254  189    3  253  255  255  255   93    0   93    0   47   30    3  254  241   26   20    0    1    0  125    0  132    0
0    0  159  254  189    3  255  255    0    0   93    0   93    0  111   34  253  253  241   26    5    0    0    0  126    0  133    0
0    0  160  254  190    3    0    0    0    0   93    0   93    0  158   31  254  253  241   26    5    0    0    0  126    0  133    0
0    0  160  254  190    3    0    0    0    0   93    0   93    0  141   33  238  253  241   26  230  255  255  255  127    0  133    0
0    0  160  254  190    3    0    0    0    0   93    0   93    0  171   34  236  253  241   26  230  255  255  255  127    0  133    0
0    0  160  254  190    3    0    0    0    0   93    0   93    0   21   33  237  253  241   26  234  255  255  255  128    0  133    0
0    0  160  254  190    3  255  255    0    0   93    0   93    0  255   33  235  253  241   26  234  255  255  255  128    0  133    0
0    0  160  254  190    3    0    0    0    0   93    0   93    0   30   33  234  253  241   26  234  255  255  255  128    0  133    0
0    0  160  254  190    3    0    0    0    0   93    0   93    0  157   33    0  254  244   26   18    0    1    0  129    0  133    0
0    0  160  254  190    3    0    0    0    0   93    0   93    0   26   32    1  254  244   26   18    0    1    0  129    0  133    0
0    0  159  254  189    3  255  255    0    0   93    0   93    0  105   34  221  253  241   26  213  255  253  255  130    0  133    0
0    0  159  254  189    3  254  255  255  255   93    0   93    0  204   32  218  253  241   26  213  255  253  255  130    0  133    0
0    0  158  254  189    3  254  255  255  255   93    0   93    0   90   33  215  253  241   26  213  255  253  255  130    0  133    0
0    0  158  254  189    3  254  255    0    0   93    0   93    0  188   33  222  253  242   26  227  255  254  255  131    0  133    0
0    0  159  254  189    3    0    0    0    0   93    0   93    0   98   33  220  253  242   26  227  255  254  255  131    0  133    0
0    0  159  254  189    3    0    0    0    0   93    0   93    0  196   35  218  253  242   26  227  255  254  255  131    0  133    0
0    0  159  254  189    3    0    0    0    0   93    0   93    0   27   35   11  254  246   26   46    0    4    0  132    0  133    0
0    0  159  254  189    3    0    0    0    0   93    0   93    0  184   36  238  253  245   26  254  255    0    0  121    0  128    0
0    0  159  254  189    3    0    0    0    0   93    0   93    0   98   37  237  253  245   26  253  255    0    0  123    0  129    0
0    0  159  254  189    3    0    0    0    0   93    0   93    0  156   33  239  253  246   26    1    0    0    0  125    0  130    0
0    0  159  254  190    3    0    0    0    0   93    0   93    0  146   31  243  253  246   26    6    0    0    0  126    0  131    0
0    0  160  254  190    3    0    0    0    0   93    0   93    0  162   31  221  253  245   26  224  255  254  255  127    0  132    0
0    0  159  254  189    3    0    0    0    0   93    0   93    0   65   32  219  253  245   26  224  255  254  255  127    0  132    0
0    0  160  254  190    3    1    0    0    0   93    0   93    0  190   32  225  253  246   26  238  255  255  255  128    0  133    0
0    0  160  254  190    3    0    0    0    0   93    0   93    0  142   33    1  254  248   26   42    0    3    0  129    0  133    0
0    0  160  254  190    3    0    0    0    0   93    0   93    0  250   33   15  254  250   26   64    0    4    0  130    0  133    0
0    0  159  254  190    3    0    0    0    0   93    0   93    0  127   33   19  254  250   26   64    0    4    0  130    0  133    0
0    0  159  254  189    3  255  255    0    0   93    0   93    0  128   32  252  253  248   26   15    0    1    0  131    0  133    0
0    0  158  254  189    3  254  255    0    0   93    0   93    0    2   34  214  253  246   26  200  255  252  255  132    0  133    0
0    0  158  254  189    3  255  255    0    0   93    0   93    0   44   34  215  253  246   26  209  255  253  255  133    0  133    0
0    0  159  254  189    3    0    0    0    0   93    0   93    0  130   34  210  253  246   26  204  255  252  255  133    0  133    0
0    0  159  254  189    3  255  255    0    0   93    0   93    0  102   32  196  253  245   26  184  255  251  255  133    0  133    0
0    0  158  254  189    3  254  255  255  255   93    0   93    0  215   30  189  253  244   26  179  255  250  255  120    0  127    0
0    0  159  254  189    3    0    0    0    0   93    0   93    0  205   34  184  253  244   26  179  255  250  255  120    0  127    0
0    0  159  254  189    3    0    0    0    0   93    0   93    0   98   31  180  253  244   26  181  255  250  255  122    0  128    0
0    0  160  254  190    3    2    0    1    0   92    0   93    0  142   33  201  253  246   26  230  255  254  255  124    0  129    0
0    0  160  254  190    3    2    0    0    0   92    0   93    0   98   35  193  253  245   26  218  255  253  255  126    0  130    0
0    0  160  254  190    3    2    0    1    0   92    0   93    0   14   35  197  253  245   26  230  255  254  255  127    0  131    0
0    0  160  254  190    3    2    0    0    0   92    0   93    0   61   36  199  253  246   26  237  255  255  255  128    0  132    0
0    0  160  254  190    3    1    0    0    0   92    0   93    0  151   32  163  253  243   26  170  255  249  255  121    0  126    0
0    0  161  254  190    3    2    0    1    0   92    0   93    0   47   32  162  253  243   26  178  255  250  255  123    0  127    0
0    0  161  254  190    3    2    0    0    0   92    0   93    0  116   35  183  253  245   26  229  255  254  255  125    0  128    0
0    0  161  254  190    3    1    0    0    0   92    0   93    0  243   34  204  253  247   26   19    0    1    0  126    0  129    0
0    0  161  254  190    3    1    0    0    0   92    0   93    0   84   34  205  253  247   26   19    0    1    0  126    0  129    0
0    0  161  254  190    3    1    0    0    0   92    0   93    0   21   31  238  253  249   26   81    0    6    0  127    0  130    0
0    0  161  254  190    3    1    0    0    0   92    0   93    0  102   35  252  253  251   26   99    0    7    0  128    0  131    0
0    0  161  254  190    3    1    0    0    0   92    0   93    0   85   33   28  254  253   26  149    0   10    0  129    0  132    0
0    0  161  254  190    3    0    0    0    0   92    0   93    0  169   34   24  254  253   26  125    0    8    0  130    0  133    0
0    0  160  254  190    3    0    0    0    0   92    0   93    0  152   32   48  254  255   26  156    0   10    0  131    0  133    0
0    0  161  254  190    3    0    0    0    0   92    0   93    0   38   35   39  254  254   26  121    0    8    0  132    0  133    0
0    0  161  254  190    3    1    0    0    0   92    0   93    0  191   29   47  254  255   26  121    0    8    0  132    0  133    0
0    0  161  254  190    3    1    0    0    0   92    0   93    0  167   30   38  254  254   26   92    0    6    0  133    0  133    0
0    0  161  254  190    3    1    0    0    0   92    0   93    0  112   35   33  254  254   26   73    0    5    0  133    0  133    0
0    0  161  254  190    3    0    0    0    0   92    0   93    0  173   34   38  254  254   26   73    0    5    0  133    0  133    0
0    0  161  254  190    3    0    0    0    0   92    0   93    0  167   34  232  253  250   26  212  255  254  255  133    0  133    0
0    0  161  254  190    3    1    0    0    0   92    0   93    0   50   35  229  253  250   26  212  255  254  255  133    0  133    0
0    0  161  254  190    3    1    0    0    0   92    0   93    0  217   34  254  253  251   26    3    0    0    0  133    0  133    0
0    0  161  254  190    3    0    0    0    0   92    0   93    0   84   36  254  253  251   26    3    0    0    0  133    0  133    0
0    0  161  254  190    3    0    0    0    0   92    0   93    0  223   30  251  253  251   26  254  255    0    0  133    0  133    0
0    0  160  254  190    3  255  255    0    0   92    0   93    0  243   27  219  253  249   26  199  255  252  255  133    0  133    0
0    0  159  254  190    3  254  255  255  255   92    0   93    0   48   33  214  253  248   26  198  255  252  255  133    0  133    0
0    0  160  254  190    3  255  255    0    0   92    0   93    0  233   33  239  253  250   26  247  255    0    0  133    0  133    0
0    0  160  254  190    3  255  255    0    0   92    0   93    0   32   36  239  253  250   26  247  255    0    0  133    0  133    0
0    0  160  254  190    3    0    0    0    0   92    0   93    0   44   35  237  253  250   26  245  255    0    0  133    0  133    0
0    0  159  254  189    3  254  255  255  255   92    0   93    0   67   36  236  253  250   26  245  255    0    0  133    0  133    0
0    0  159  254  189    3  253  255  255  255   92    0   93    0  100   33  249  253  251   26   10    0    0    0  133    0  133    0
0    0  160  254  190    3  255  255    0    0   92    0   93    0  139   32  236  253  250   26  245  255    0    0  133    0  133    0
0    0  160  254  190    3    0    0    0    0   93    0   93    0  227   34  235  253  250   26  245  255    0    0  133    0  133    0
0    0  160  254  190    3    0    0    0    0   93    0   93    0  168   33  210  253  248   26  203  255  252  255  133    0  133    0
0    0  160  254  190    3    0    0    0    0   93    0   93    0  172   33  210  253  248   26  208  255  253  255  133    0  133    0
0    0  160  254  190    3    1    0    0    0   93    0   93    0   55   34  243  253  251   26   14    0    1    0  133    0  133    0
0    0  160  254  190    3    0    0    0    0   93    0   93    0   63   33  216  253  249   26  221  255  254  255  133    0  133    0
0    0  161  254  190    3    1    0    0    0   93    0   93    0  131   34  240  253  250   26   10    0    0    0  133    0  133    0
0    0  162  254  191    3    4    0    1    0   93    0   93    0   88   33  240  253  250   26   10    0    0    0  133    0  133    0
0    0  162  254  190    3    2    0    1    0   93    0   93    0  248   34  241  253  251   26   10    0    0    0  133    0  133    0
0    0  162  254  190    3    2    0    1    0   93    0   93    0  146   29  253  253  251   26   30    0    2    0  133    0  133    0
0    0  161  254  190    3    1    0    0    0   93    0   93    0  245   34    3  254  252   26   38    0    2    0  133    0  133    0
0    0  161  254  190    3    0    0    0    0   93    0   93    0  254   33  227  253  249   26  234  255  255  255  133    0  133    0
0    0  161  254  190    3    0    0    0    0   93    0   93    0  144   31  228  253  250   26  239  255  255  255  133    0  133    0
0    0  161  254  190    3    0    0    0    0   93    0   93    0   79   36  228  253  250   26  242  255  255  255  133    0  133    0
0    0  161  254  190    3    0    0    0    0   93    0   93    0  176   31  228  253  250   26  242  255  255  255  133    0  133    0
0    0  161  254  190    3    0    0    0    0   93    0   93    0   97   34  234  253  250   26    0    0    0    0  133    0  133    0
0    0  162  254  190    3    2    0    0    0   93    0   93    0   80   32  238  253  250   26    4    0    0    0  133    0  133    0
0    0  162  254  191    3    2    0    0    0   93    0   93    0   38   38   11  254  253   26   57    0    4    0  133    0  133    0
0    0  161  254  190    3    0    0    0    0   93    0   93    0   48   35  205  253  248   26  194  255  252  255  118    0  127    0
0    0  163  254  191    3    4    0    1    0   92    0   93    0    2   35  216  253  249   26  223  255  254  255  103    0  122    0
0    0  163  254  191    3    2    0    1    0   92    0   93    0    2   33  214  253  249   26  223  255  254  255  103    0  122    0
0    0  163  254  191    3    2    0    0    0   92    0   93    0    7   34  189  253  247   26  176  255  250  255  107    0  124    0
0    0  163  254  191    3    3    0    1    0   92    0   93    0  184   35  203  253  248   26  214  255  253  255  111    0  126    0
0    0  163  254  191    3    3    0    1    0   92    0   93    0  141   30  203  253  248   26  219  255  253  255  114    0  127    0
0    0  164  254  191    3    4    0    1    0   92    0   93    0   32   32  214  253  248   26  245  255    0    0  117    0  128    0
0    0  163  254  191    3    1    0    0    0   92    0   93    0   24   36  181  253  246   26  182  255  250  255  119    0  129    0
0    0  163  254  191    3    0    0    0    0   92    0   93    0  220   29  200  253  247   26  229  255  254  255  121    0  130    0
0    0  164  254  191    3    2    0    0    0   92    0   93    0  181   32  225  253  249   26   23    0    2    0  123    0  131    0
0    0  164  254  191    3    2    0    0    0   92    0   93    0  251   32  242  253  251   26   53    0    4    0  125    0  132    0
0    0  163  254  191    3    0    0    0    0   92    0   93    0   68   32  254  253  252   26   71    0    5    0  126    0  133    0
0    0  164  254  191    3    2    0    0    0   92    0   93    0   69   33  249  253  251   26   53    0    4    0  127    0  133    0
0    0  162  254  190    3  254  255    0    0   92    0   93    0   39   34  248  253  251   26   44    0    3    0  128    0  133    0
0    0  163  254  191    3    0    0    0    0   91    0   93    0  211   33  219  253  249   26  240  255  255  255  129    0  133    0
0    0  162  254  190    3  254  255  255  255   91    0   93    0   19   34  235  253  250   26   17    0    1    0  130    0  133    0
0    0  160  254  190    3  250  255  254  255   91    0   93    0   40   36  236  253  250   26   17    0    1    0  130    0  133    0
0    0  163  254  191    3    1    0    0    0   90    0   93    0  108   34  254  253  252   26   48    0    3    0  131    0  133    0
0    0  166  254  192    3    7    0    2    0   89    0   93    0  238   33    1  254  252   26   48    0    3    0  131    0  133    0
0    0  169  254  193    3   13    0    4    0   88    0   93    0    7   35   20  254  253   26   78    0    5    0  132    0  133    0
0    0  171  254  194    3   16    0    5    0   87    0   93    0   90   32   22  254  253   26   72    0    5    0  133    0  133    0
0    0  177  254  196    3   27    0    9    0   85    0   93    0   23   34    6  254  252   26   37    0    2    0  133    0  133    0  216   33   48  254   62    7    3    0    0    0  140    0  140    0
0    0  171  254  194    3   11    0    4    0   86    0   92    0   28   33    9  254  252   26   37    0    2    0  133    0  133    0   92   35   45  254   62    7  255  255    0    0  140    0  140    0
0    0  175  254  195    3   17    0    6    0   85    0   92    0   46   34   43  254  255   26   94    0    6    0  122    0  128    0  249   31   45  254   62    7  255  255    0    0  140    0  140    0
0    0  171  254  194    3    5    0    2    0   87    0   92    0   11   32   30  254  254   26   60    0    4    0  124    0  129    0  146   34   44  254   61    7  254  255    0    0  140    0  140    0
0    0  171  254  194    3    6    0    2    0   87    0   92    0  140   34   33  254  254   26   60    0    4    0  124    0  129    0   10   35   42  254   61    7  249  255  255  255  140    0  140    0
0    0  172  254  194    3    6    0    2    0   87    0   92    0   86   32   52  254    0   27   87    0    5    0  126    0  130    0  222   27   41  254   61    7  249  255  255  255  140    0  140    0
0    0  172  254  194    3    6    0    2    0   93    0   98    0   66   33   57  254    0   27   87    0    5    0  126    0  130    0   87   36   41  254   61    7  250  255  255  255  140    0  140    0
0    0  171  254  194    3    3    0    1    0   98    0  103    0    3   33   62  254    0   27   87    0    5    0  126    0  130    0   90   35   43  254   61    7  255  255    0    0  140    0  140    0
0    0  171  254  194    3    2    0    1    0  103    0  107    0  167   35   68  254    1   27   87    0    5    0  126    0  130    0   76   33   46  254   62    7    2    0    0    0  140    0  140    0
0    0  164  254  191    3  244  255  252  255  101    0  105    0  255   35   73  254    1   27   87    0    5    0  126    0  130    0   55   34   43  254   61    7  253  255    0    0  140    0  140    0
0    0  162  254  191    3  241  255  251  255  100    0  103    0   71   34   49  254  255   26   40    0    2    0  127    0  131    0   27   34   42  254   61    7  253  255    0    0  140    0  140    0
0    0  158  254  189    3  235  255  249  255  105    0  107    0   78   32   52  254  255   26   40    0    2    0  127    0  131    0  145   33   43  254   61    7  254  255    0    0  140    0  140    0
0    0  162  254  191    3  246  255  253  255  109    0  111    0   19   35  249  253  252   26  204  255  253  255  128    0  132    0   30   35   43  254   61    7  254  255    0    0  140    0  140    0
0    0  161  254  190    3  246  255  253  255  109    0  111    0  137   32  227  253  250   26  175  255  250  255  129    0  133    0   13   37   41  254   61    7  252  255  255  255  140    0  140    0
0    0  162  254  190    3  248  255  253  255  112    0  114    0   16   33  239  253  251   26  202  255  252  255  130    0  133    0  167   30   37  254   60    7  246  255  254  255  140    0  140    0
0    0  166  254  192    3    0    0    0    0  115    0  117    0   60   33  240  253  251   26  208  255  253  255  131    0  133    0  148   29   36  254   59    7  245  255  254  255  140    0  140    0
0    0  166  254  192    3    1    0    0    0  118    0  119    0  144   31  248  253  251   26  227  255  254  255  132    0  133    0  245   32   34  254   59    7  242  255  253  255  140    0  140    0
0    0  174  254  195    3   16    0    5    0  120    0  121    0  230   35  247  253  251   26  227  255  254  255  132    0  133    0  115   33   31  254   58    7  238  255  252  255  140    0  140    0
0    0  178  254  196    3   21    0    7    0  122    0  123    0  241   32  238  253  251   26  215  255  253  255  133    0  133    0   96   32   30  254   58    7  238  255  252  255  140    0  140    0
0    0  183  254  198    3   28    0    9    0  124    0  125    0  127   36  236  253  250   26  215  255  253  255  133    0  133    0   81   34   32  254   58    7  244  255  253  255  140    0  140    0
0    0  188  254  200    3   35    0   12    0  126    0  126    0  217   32    7  254  252   26   11    0    1    0  133    0  133    0   36   33   33  254   58    7  247  255  254  255  140    0  140    0
0    0  191  254  201    3   37    0   12    0  127    0  127    0  163   33   16  254  253   26   24    0    1    0  133    0  133    0  136   34   36  254   59    7  254  255    0    0  140    0  140    0
0    0  193  254  202    3   37    0   12    0  127    0  127    0  238   33   17  254  253   26   24    0    1    0  133    0  133    0  104   35   41  254   60    7    5    0    1    0  140    0  140    0
0    0  196  254  203    3   37    0   12    0  127    0  127    0   45   34  250  253  251   26  239  255  255  255  133    0  133    0  187   34   36  254   59    7  253  255    0    0  140    0  140    0
0    0  216  254  198    3   65    0   18    0  128    0  128    0  164   36  231  253  250   26  207  255  253  255  133    0  133    0  151   32   36  254   59    7  253  255    0    0  140    0  140    0
0    0  220  254  199    3   65    0   18    0  128    0  128    0  187   37  228  253  250   26  207  255  253  255  133    0  133    0  133   34   35  254   59    7  253  255    0    0  140    0  140    0
0    0  224  254  200    3   65    0   18    0  128    0  128    0  156   38  251  253  251   26  251  255    0    0  133    0  133    0  118   36   35  254   59    7  253  255    0    0  140    0  140    0
0    0  228  254  201    3   65    0   18    0  128    0  128    0  172   33  250  253  251   26  251  255    0    0  133    0  133    0  112   35   35  254   59    7  253  255    0    0  140    0  140    0
0    0  232  254  203    3   65    0   18    0  128    0  128    0   78   30  164  253  245   26  104  255  245  255  133    0  133    0   41   33   35  254   59    7  253  255    0    0  140    0  140    0
0    0  236  254  204    3   65    0   18    0  128    0  128    0  137   36  155  253  244   26  104  255  245  255  133    0  133    0  108   35   35  254   59    7  253  255    0    0  140    0  140    0
0    0  239  254  205    3   65    0   18    0  128    0  128    0   12   32  236  253  251   26    0    0    1    0  133    0  133    0    7   32   34  254   59    7  253  255    0    0  140    0  140    0
0    0  243  254  206    3   65    0   18    0  128    0  128    0  186   35  236  253  251   26    0    0    1    0  133    0  133    0   74   34   34  254   59    7  253  255    0    0  140    0  140    0
0    0  247  254  207    3   65    0   18    0  128    0  128    0   22   32  236  253  251   26    0    0    1    0  133    0  133    0  230   34   34  254   59    7  253  255    0    0  140    0  140    0
0    0  251  254  208    3   65    0   18    0  128    0  128    0  252   31  236  253  251   26    0    0    1    0  133    0  133    0   89   34   34  254   59    7  253  255    0    0  140    0  140    0
0    0  255  254  209    3   65    0   18    0  128    0  128    0   68   35  236  253  251   26    0    0    1    0  133    0  133    0
14    0  236  253  251   26    0    0    1    0  133    0  133    0
14    0  236  253  251   26    0    0    1    0  133    0  133    0
14    0  236  253  251   26    0    0    1    0  133    0  133    0
14    0  236  253  252   26    0    0    1    0  133    0  133    0
14    0  236  253  252   26    0    0    1    0  133    0  133    0
1    0  236  253  252   26    0    0    1    0  133    0  133    0
27    0  159  255  193    0    4    0    2    0  140    0  140    0
27    0  160  255  195    0    6    0    3    0  140    0  140    0
27    0  160  255  195    0    6    0    3    0  140    0  140    0
27    0  160  255  195    0    6    0    3    0  140    0  140    0
27    0  161  255  196    0    6    0    3    0  140    0  140    0
27    0  165  255  198    0   13    0    6    0  140    0  140    0
27    0  166  255  198    0   13    0    6    0  140    0  140    0
27    0  163  255  198    0    8    0    4    0  140    0  140    0
27    0  162  255  198    0    5    0    2    0  140    0  140    0
27    0  163  255  198    0    6    0    2    0  140    0  140    0
27    0  162  255  198    0    3    0    1    0  140    0  140    0
27    0  161  255  198    0    1    0    0    0  140    0  140    0
27    0  162  255  199    0    3    0    1    0  140    0  140    0   65   33   35    6  129    6  235  255   21    0  140    0  140    0
27    0  162  255  199    0    3    0    1    0  140    0  140    0  129   34   33    6  130    6  235  255   21    0  140    0  140    0
27    0  166  255  201    0   11    0    5    0  140    0  140    0
27    0  165  255  201    0    8    0    3    0  140    0  140    0   59   32  255    5  164    6  192  255   60    0  140    0  140    0
27    0  164  255  201    0    5    0    2    0  140    0  140    0  115   33   15    6  147    6  220  255   34    0  140    0  140    0  153   33  147    5   93    9  111    1   39  255  114    0  127    0
27    0  165  255  201    0    5    0    2    0  140    0  140    0  121   33  255    5  163    6  201  255   50    0  140    0  140    0  227   32  168    5   78    9  110    1   35  255  117    0  128    0
27    0  164  255  201    0    3    0    1    0  140    0  140    0  142   34  251    5  166    6  201  255   50    0  140    0  140    0   36   33  190    5   65    9  110    1   35  255  117    0  128    0
27    0  165  255  201    0    6    0    2    0  140    0  140    0   79   34  248    5  169    6  201  255   50    0  140    0  140    0  145   34  176    5   68    9   48    1   72  255  119    0  129    0
27    0  166  255  202    0    6    0    2    0  140    0  140    0  148   32  245    5  172    6  201  255   50    0  140    0  140    0  101   34  194    5   57    9   48    1   72  255  119    0  129    0
27    0  168  255  203    0   10    0    4    0  140    0  140    0   81   35  212    5   46    9   48    1   72  255  119    0  129    0
27    0  169  255  203    0   10    0    4    0  140    0  140    0  140   33  185    5   59    9  235    0  113  255  121    0  130    0
27    0  167  255  203    0    6    0    2    0  140    0  140    0  101   31  199    5   50    9  235    0  113  255  121    0  130    0
27    0  168  255  203    0    6    0    2    0  140    0  140    0   41   36  213    5   42    9  235    0  113  255  121    0  130    0  138   34   49    6  114    6   39    0  223  255  140    0  140    0
27    0  169  255  204    0    7    0    3    0  140    0  140    0  244   34  227    5   33    9  235    0  113  255  121    0  130    0  125   33   51    6  112    6   39    0  223  255  140    0  140    0
27    0  169  255  204    0    8    0    3    0  140    0  140    0
27    0  172  255  205    0   11    0    4    0  140    0  140    0  136   35  101    6   66    6   98    0  160  255  140    0  140    0
27    0  173  255  206    0   12    0    4    0  140    0  140    0   32   32  107    6   60    6   98    0  160  255  140    0  140    0
27    0  173  255  206    0   12    0    4    0  140    0  140    0
27    0  175  255  207    0   10    0   65    0  140    0  140    0   25   35  125    6   41    6  105    0  146  255  140    0  140    0
27    0  177  255  212    0   13    0   72    0  140    0  140    0  247   32  131    6   35    6  105    0  146  255  140    0  140    0
27    0  178  255  216    0   12    0   72    0  140    0  140    0
27    0  179  255  219    0   12    0   72    0  140    0  140    0
27    0  181  255  226    0   15    0   72    0  140    0  140    0
27    0  181  255  229    0   13    0   71    0  140    0  140    0
27    0  181  255  233    0   13    0   71    0  140    0  140    0
27    0  180  255  238    0    8    0   70    0  140    0  140    0
27    0  181  255  243    0   10    0   70    0  140    0  140    0
27    0  181  255  247    0   10    0   70    0  140    0  140    0
27    0  180  255  251    0    6    0   68    0  140    0  140    0
27    0  180  255    0    1    7    0   68    0  140    0  140    0   36   33  178    6  177    6  246    0   14  255  130    0  133    0
27    0  181  255    4    1    6    0   68    0  140    0  140    0    4   35  188    6  149    6  248    0    4  255  131    0  133    0
27    0  183  255    8    1   10    0   69    0  140    0  140    0   49   33  203    6  134    6  248    0    4  255  131    0  133    0
27    0  186  255   13    1   14    0   70    0  140    0  140    0  141   34  188    6  132    6  215    0   35  255  132    0  133    0
27    0  188  255   17    1   15    0   69    0  140    0  140    0   95   31  201    6  119    6  215    0   35  255  132    0  133    0
27    0  189  255   20    1   16    0   69    0  140    0  140    0  160   30  166    6  143    6  157    0  100  255  133    0  133    0
27    0  192  255   24    1   18    0   70    0  140    0  140    0   76   34  156    6  142    6  138    0  119  255  133    0  133    0
27    0  193  255   27    1   18    0   69    0  140    0  140    0   67   32  161    6  127    6  137    0  117  255  133    0  133    0
27    0  195  255   31    1   19    0   69    0  140    0  140    0   55   33  158    6  121    6  127    0  126  255  133    0  133    0
27    0  197  255   36    1   21    0   69    0  140    0  140    0  115   33  157    6  114    6  119    0  134  255  133    0  133    0
27    0  201  255   41    1   26    0   70    0  140    0  140    0   74   34  164    6  107    6  119    0  134  255  133    0  133    0
27    0  202  255   45    1   26    0   70    0  140    0  140    0   88   30  158    6  107    6  104    0  149  255  133    0  133    0
27    0  202  255   50    1   23    0   69    0  140    0  140    0  176   34  142    6  117    6   77    0  179  255  133    0  133    0
27    0  205  255   54    1   26    0   69    0  140    0  140    0  202   34  147    6  112    6   77    0  179  255  133    0  133    0
27    0  207  255   58    1   26    0   69    0  140    0  140    0   69   36  123    6  132    6   40    0  218  255  133    0  133    0
27    0  208  255   63    1   26    0   69    0  140    0  140    0  225   32  126    6  130    6   40    0  218  255  133    0  133    0
27    0  211  255   66    1   27    0   68    0  140    0  140    0  137   35  107    6  145    6   12    0  245  255  133    0  133    0
27    0  212  255   70    1   27    0   68    0  140    0  140    0    3   37  107    6  144    6   12    0  245  255  133    0  133    0
27    0  221  255   75    1   39    0   68    0  140    0  140    0  223   33   79    6  168    6  232  255   24    0  133    0  133    0
27    0  227  255   78    1   45    0   68    0  140    0  140    0   43   34   78    6  169    6  232  255   24    0  133    0  133    0
27    0  232  255   81    1   48    0   67    0  140    0  140    0  115   35   76    6  171    6  232  255   24    0  133    0  133    0
27    0  233  255   84    1   45    0   67    0  140    0  140    0   15   35   75    6  172    6  232  255   24    0  133    0  133    0
27    0  235  255   86    1   43    0   66    0  140    0  140    0   41   33   74    6  174    6  232  255   24    0  133    0  133    0
27    0  239  255   91    1   47    0   66    0  140    0  140    0  138   36   72    6  175    6  232  255   24    0  133    0  133    0
27    0  242  255   94    1   46    0   66    0  140    0  140    0   19   34   71    6  177    6  232  255   24    0  133    0  133    0
27    0  245  255   98    1   46    0   66    0  140    0  140    0   37   33   69    6  178    6  232  255   24    0  133    0  133    0
27    0  247  255  102    1   46    0   66    0  140    0  140    0  193   35   68    6  179    6  232  255   24    0  133    0  133    0
27    0  253  255  102    1   50    0    3    0  140    0  140    0  253   33   66    6  181    6  232  255   24    0  133    0  133    0
27    0    0    0  102    1   50    0    3    0  140    0  140    0  125   32   65    6  182    6  232  255   24    0  133    0  133    0
27    0    0    0  103    1   46    0    0    0  140    0  140    0
27    0    1    0  103    1   44    0   57    0  140    0  140    0   81   33   62  250  212    6   10    0    8    0  140    0  140    0
27    0    3    0  107    1   44    0   57    0  140    0  140    0  147   34   52  250  204    6  246  255  248  255  140    0  140    0
27    0    3    0  111    1   38    0   63    0  140    0  140    0  237   32   51  250  203    6  245  255  247  255  140    0  140    0
27    0    5    0  114    1   38    0   63    0  140    0  140    0  126   37   57  250  208    6    2    0    1    0  140    0  140    0
27    0    6    0  118    1   37    0   63    0  140    0  140    0  123   34   56  250  207    6  255  255  255  255  140    0  140    0
27    0    8    0  121    1   36    0   63    0  140    0  140    0  212   28   55  250  206    6  255  255  255  255  140    0  140    0
27    0   13    0  123    1   41    0   62    0  140    0  140    0  125   34   63  250  213    6   13    0   11    0  140    0  140    0
27    0   15    0  126    1   39    0   62    0  140    0  140    0  188   33   64  250  214    6   13    0   11    0  140    0  140    0
27    0   17    0  130    1   39    0   62    0  140    0  140    0  195   32   71  250  219    6   24    0   20    0  140    0  140    0
27    0   19    0  133    1   39    0   62    0  140    0  140    0  124   29   70  250  219    6   20    0   17    0  140    0  140    0   46   36  172  254  195    3   89    0   31    0  140    0  140    0
27    0   22    0  137    1   39    0   62    0  140    0  140    0   75   35   69  250  218    6   16    0   13    0  140    0  140    0  190   31  174  254  196    3   82    0   29    0  140    0  140    0
27    0   30    0  142    1   48    0   60    0  140    0  140    0  230   33   70  250  219    6   17    0   14    0  140    0  140    0  242   33  178  254  197    3   80    0   27    0  140    0  140    0
27    0   31    0  146    1   45    0   60    0  140    0  140    0  125   30   65  250  215    6    5    0    5    0  140    0  140    0  154   32  180  254  198    3   75    0   26    0  140    0  140    0
27    0   34    0  147    1   46    0   60    0  140    0  140    0   51   33   65  250  215    6    5    0    4    0  140    0  140    0    4   34  181  254  198    3   67    0   23    0  140    0  140    0
27    0   37    0  150    1   46    0   60    0  140    0  140    0   71   34   64  250  213    6    1    0    1    0  140    0  140    0  255   31  179  254  197    3   57    0   19    0  140    0  140    0
27    0   40    0  154    1   46    0   60    0  140    0  140    0  168   32   66  250  216    6    6    0    5    0  140    0  140    0  116   35  177  254  197    3   46    0   16    0  140    0  140    0
27    0   43    0  157    1   46    0   60    0  140    0  140    0  117   35   64  250  214    6    1    0    1    0  140    0  140    0   80   33  178  254  197    3   43    0   15    0  140    0  140    0
27    0   45    0  160    1   46    0   59    0  140    0  140    0   83   32   67  250  216    6    6    0    5    0  140    0  140    0  131   35  177  254  197    3   36    0   12    0  140    0  140    0
27    0   48    0  164    1   46    0   59    0  140    0  140    0  243   33   66  250  215    6    4    0    3    0  140    0  140    0  231   34  177  254  197    3   31    0   11    0  140    0  140    0
27    0   51    0  167    1   46    0   59    0  140    0  140    0  249   24   56  250  207    6  241  255  244  255  140    0  140    0  109   34  177  254  196    3   26    0    9    0  140    0  140    0
27    0   49    0  174    1   39    0   60    0  140    0  140    0   81   34   59  250  209    6  249  255  250  255  140    0  140    0  168   32  179  254  197    3   28    0    9    0  140    0  140    0  184   31   62  254   66    7  245  255  254  255  140    0  140    0
27    0   52    0  178    1   39    0   60    0  140    0  140    0   21   33   68  250  217    6   10    0    8    0  140    0  140    0  124   34  181  254  198    3   29    0   10    0  140    0  140    0   58   34   65  254   66    7  253  255    0    0  140    0  140    0
27    0   54    0  181    1   39    0   60    0  140    0  140    0  208   35   62  250  212    6  255  255  255  255  140    0  140    0  196   33  181  254  198    3   24    0    8    0  140    0  140    0   87   35   65  254   66    7  253  255    0    0  140    0  140    0
27    0   43    0  193    1   19    0   63    0  140    0  140    0  143   33   62  250  212    6  255  255  255  255  140    0  140    0   39   35  177  254  197    3   15    0    5    0  140    0  140    0  228   33   66  254   67    7    0    0    0    0  140    0  140    0
27    0   44    0  197    1   19    0   63    0  140    0  140    0  239   35   62  250  212    6  255  255  255  255  140    0  140    0   34   35  175  254  196    3    8    0    3    0  140    0  140    0  197   31   68  254   67    7    4    0    0    0  140    0  140    0
27    0   45    0  201    1   19    0   63    0  140    0  140    0  202   31   60  250  211    6  252  255  253  255  140    0  140    0  128   33  175  254  196    3    7    0    2    0  140    0  140    0  156   34   71  254   68    7    9    0    2    0  140    0  140    0
27    0   46    0  205    1   19    0   63    0  140    0  140    0  217   35   53  250  204    6  239  255  242  255  140    0  140    0  184   31  173  254  195    3    3    0    1    0  140    0  140    0  211   33   67  254   67    7    0    0    0    0  140    0  140    0
27    0   48    0  208    1   19    0   63    0  140    0  140    0  139   36   52  250  203    6  239  255  242  255  140    0  140    0  140   33  169  254  194    3  251  255  255  255  140    0  140    0    6   37   75  254   69    7   15    0    3    0  140    0  140    0
27    0   49    0  212    1   19    0   63    0  140    0  140    0   21   34   51  250  202    6  239  255  242  255  140    0  140    0  201   31  167  254  193    3  248  255  254  255  140    0  140    0  211   32   81  254   70    7   25    0    5    0  140    0  140    0
27    0   69    0  211    1   45    0   58    0  140    0  140    0  210   32   50  250  201    6  239  255  242  255  140    0  140    0  164   31  164  254  192    3  244  255  252  255  140    0  140    0  165   31   79  254   70    7   19    0    4    0  140    0  140    0  193   36   36  254  139   26   15  255  240  255  128    0  134    0
27    0   72    0  214    1   45    0   58    0  140    0  140    0   81   36   49  250  200    6  239  255  242  255  140    0  140    0   66   36  164  254  192    3  244  255  252  255  140    0  140    0  131   34   74  254   69    7    6    0    1    0  140    0  140    0   35   37   32  254  148   26   39  255  241  255  129    0  134    0
27    0   88    0  219    1   63    0   54    0  140    0  140    0  223   30   48  250  200    6  239  255  242  255  140    0  140    0  176   35  162  254  191    3  243  255  252  255  140    0  140    0   96   33   70  254   68    7  254  255    0    0  140    0  140    0   26   34   46    3   18   14    8    0  255  255  140    0  140    0  199    0   22  254  155   26   47  255  242  255  130    0  134    0
27    0   92    0  223    1   63    0   54    0  140    0  140    0  166   34   47  250  199    6  239  255  242  255  140    0  140    0  220   34  160  254  190    3  241  255  251  255  140    0  140    0   48   35   67  254   67    7  249  255  255  255  140    0  140    0  139   35   42    3   19   14    0    0    0    0  140    0  140    0   53    0   13  254  162   26   57  255  242  255  131    0  134    0
27    0  163    0  242    1  108    0   33    0  140    0  140    0  152   33  198  253  182   26   88  255  243  255  133    0  134    0   76   37  159  254  190    3  250  255  254  255  134    0  134    0   96   31   55  254   64    7  236  255  251  255  140    0  140    0   63   35   66    3   13   14   34    0  249  255  140    0  140    0
27    0  177    0  239    1  120    0   25    0  140    0  140    0   44   34  244  253  191   26  187  255  253  255  133    0  134    0   94   32  159  254  190    3  251  255  254  255  134    0  134    0  236   32   58  254   65    7  244  255  253  255  140    0  140    0  117   37   68    3   13   14   34    0  249  255  140    0  140    0
27    0  182    0  239    1  117    0   25    0  140    0  140    0   43   33    0  254  196   26  215  255  254  255  133    0  134    0  143   33  159  254  190    3  252  255  255  255  134    0  134    0  145   26   63  254   66    7  254  255    0    0  140    0  140    0   25   32   70    3   12   14   34    0  249  255  140    0  140    0
27    0  189    0  241    1  117    0   25    0  140    0  140    0  187   30  231  253  197   26  176  255  250  255  133    0  134    0  123   34  159  254  190    3  252  255  255  255  134    0  134    0   18   32   61  254   65    7  251  255  255  255  140    0  140    0  153   33   72    3   12   14   34    0  249  255  140    0  140    0
27    0  201    0  242    1  124    0   19    0  140    0  140    0  165   34  232  253  201   26  187  255  251  255  133    0  134    0    0   35  159  254  190    3  252  255  255  255  134    0  134    0  194   34   61  254   65    7  251  255  255  255  140    0  140    0
27    0  211    0  243    1  129    0   15    0  140    0  140    0   42   33  228  253  201   26  187  255  251  255  133    0  134    0   11   32  159  254  190    3  253  255  255  255  134    0  134    0  157   34   60  254   65    7  251  255  255  255  140    0  140    0
27    0  221    0  244    1  131    0   11    0  140    0  140    0  111   31  226  253  204   26  191  255  252  255  133    0  134    0  253   35  159  254  190    3  254  255    0    0  134    0  134    0  254   33   56  254   64    7  243  255  253  255  140    0  140    0
27    0  233    0  243    1  138    0    6    0  140    0  140    0   92   34  240  253  208   26  222  255  254  255  133    0  134    0   96   36  159  254  190    3  254  255    0    0  134    0  134    0  216   32   55  254   64    7  243  255  253  255  140    0  140    0   43   31  121    1  135   19   14    1  237  255  126    0  126    0
27    0  241    0  243    1  138    0    6    0  140    0  140    0  195   32   15  254  213   26   24    0    2    0  133    0  134    0  250   35  160  254  190    3  255  255    0    0  134    0  134    0  115   34   53  254   63    7  241  255  253  255  140    0  140    0  228   35  137    1  134   19   14    1  237  255  126    0  126    0
27    0  254    0  240    1  147    0  253  255  140    0  140    0   86   32   21  254  216   26   32    0    2    0  133    0  134    0  126   32  159  254  190    3  254  255    0    0  134    0  134    0   36   35   55  254   64    7  246  255  254  255  140    0  140    0
27    0   10    1  238    1  152    0  247  255  140    0  140    0  239   33   36  254  208   26   54    0    3    0  133    0  134    0    4   33  159  254  190    3  254  255    0    0  134    0  134    0  194   29   54  254   64    7  246  255  254  255  140    0  140    0
27    0   17    1  237    1  149    0  247  255  140    0  140    0  109   35   38  254  211   26   53    0    3    0  133    0  134    0   81   34  159  254  190    3  254  255    0    0  134    0  134    0  114   33   49  254   62    7  239  255  252  255  140    0  140    0
27    0   30    1  234    1  155    0  240  255  140    0  140    0   80   32   42  254  213   26   54    0    3    0  133    0  134    0  188   33  160  254  190    3    0    0    0    0  134    0  134    0  201   31   48  254   62    7  239  255  252  255  140    0  140    0
27    0   43    1  229    1  163    0  231  255  140    0  140    0  139   31   57  254  217   26   76    0    5    0  133    0  134    0  198   31  161  254  190    3    1    0    0    0  129    0  128    0   93   33   42  254   61    7  231  255  250  255  140    0  140    0
27    0   53    1  227    1  163    0  231  255  140    0  140    0   43   33   61  254  217   26   76    0    5    0  133    0  134    0  186   33  161  254  190    3    1    0    0    0  125    0  123    0  176   35   35  254   59    7  221  255  247  255  140    0  140    0
27    0   63    1  224    1  164    0  225  255  140    0  140    0  147   33   11  254  216   26  231  255    0    0  133    0  134    0  193   32  161  254  190    3    0    0    0    0  121    0  119    0  176   35   39  254   60    7  232  255  250  255  140    0  140    0  109   29  154    0  155   19   11  255   12    0  129    0  129    0
27    0   73    1  222    1  164    0  225  255  140    0  140    0   27   30   21  254  218   26  252  255    0    0  133    0  134    0  164   30  161  254  190    3    0    0    0    0  118    0  115    0  189   34   39  254   60    7  235  255  251  255  140    0  140    0   35   31  139    0  156   19   11  255   12    0  129    0  129    0
27    0   84    1  216    1  167    0  215  255  140    0  140    0  161   34   15  254  220   26  242  255  255  255  133    0  134    0   16   36  160  254  190    3  255  255    0    0  115    0  112    0  237   29   36  254   59    7  232  255  250  255  140    0  140    0
27    0   94    1  214    1  167    0  215  255  140    0  140    0  176   33   14  254  220   26  242  255  255  255  133    0  134    0    1   29  160  254  190    3    0    0    0    0  112    0  109    0   32   35   38  254   60    7  237  255  251  255  140    0  140    0
27    0  101    1  214    1  161    0  215  255  140    0  140    0  248   34   44  254  223   26   41    0    3    0  133    0  134    0   95   37  161  254  190    3    1    0    0    0  109    0  107    0  140   35   41  254   61    7  245  255  254  255  140    0  140    0
27    0  111    1  211    1  161    0  215  255  140    0  140    0   64   30   85  254  228   26  111    0    7    0  133    0  134    0  164   35  162  254  191    3    4    0    1    0  107    0  105    0   28   33   42  254   61    7  249  255  254  255  140    0  140    0
27    0  135    1  197    1  183    0  184  255  140    0  140    0  156   31   92  254  228   26  111    0    7    0  133    0  134    0  221   32  162  254  191    3    2    0    1    0  106    0  103    0   17   34   41  254   61    7  248  255  254  255  140    0  140    0
27    0  140    1  197    1  173    0  190  255  140    0  140    0  162   36   93  254  220   26  100    0    5    0  133    0  134    0  108   31  161  254  190    3    0    0    0    0  103    0  102    0   76   34   42  254   61    7  250  255  255  255  140    0  140    0
27    0  148    1  195    1  169    0  191  255  140    0  140    0   99   35   99  254  220   26  100    0    5    0  133    0  134    0  143   34  162  254  190    3    1    0    0    0  102    0  100    0  234   32   43  254   61    7  253  255    0    0  140    0  140    0
27    0  156    1  192    1  164    0  193  255  140    0  140    0   65   33   94  254  222   26   82    0    5    0  133    0  134    0  122   32  161  254  190    3    0    0    0    0  101    0   99    0   42   35   43  254   61    7  254  255    0    0  140    0  140    0  134   33  137    0  121   19  156  255    3    0  120    0  124    0
27    0  163    1  189    1  161    0  193  255  140    0  140    0   77   32   87  254  224   26   62    0    3    0  133    0  134    0   47   31  161  254  190    3    0    0    0    0  100    0   98    0  162   31   43  254   61    7  254  255    0    0  140    0  140    0  100   34  131    0  121   19  156  255    3    0  120    0  124    0
27    0  171    1  186    1  158    0  192  255  140    0  140    0  251   30   60  254  224   26    8    0    0    0  133    0  134    0  217   35  161  254  190    3    0    0    0    0  100    0   97    0   84   32   43  254   61    7  254  255    0    0  140    0  140    0
27    0  179    1  183    1  155    0  193  255  140    0  140    0  183   35   56  254  225   26    1    0    0    0  133    0  134    0   58   35  160  254  190    3  255  255    0    0  100    0   96    0   26   34   43  254   61    7  255  255    0    0  140    0  140    0  193   33   40    0  120   19   23  255    3    0  122    0  126    0
27    0  189    1  176    1  157    0  187  255  140    0  140    0  204   35   83  254  228   26   49    0    3    0  133    0  134    0  249   32  162  254  190    3    1    0    0    0   99    0   95    0    5   36   44  254   61    7    0    0    0    0  140    0  140    0  244   33   26    0  121   19   23  255    3    0  122    0  126    0
27    0  193    1  176    1  149    0  194  255  140    0  140    0  209   33   57  254  229   26  253  255    0    0  130    0  130    0  153   33  162  254  190    3    1    0    0    0   98    0   94    0  241   35   47  254   62    7    5    0    1    0  140    0  140    0
27    0  203    1  169    1  151    0  187  255  140    0  140    0  215   32   32  254  229   26  206  255  253  255  131    0  131    0   57   33  161  254  190    3    0    0    0    0   96    0   94    0   59   35   47  254   62    7    5    0    1    0  140    0  140    0
27    0  212    1  165    1  151    0  187  255  140    0  140    0  129   32   24  254  229   26  197  255  252  255  132    0  132    0  132   32  160  254  190    3  254  255    0    0   96    0   93    0   84   34   48  254   62    7    5    0    1    0  140    0  140    0
27    0  223    1  160    1  152    0  180  255  140    0  140    0  192   35  246  253  228   26  140  255  248  255  133    0  133    0    8   34  161  254  190    3  255  255    0    0   95    0   93    0  225   32   48  254   62    7    5    0    1    0  140    0  140    0
27    0  233    1  154    1  152    0  175  255  140    0  140    0   89   30  230  253  228   26  121  255  246  255  133    0  133    0   38   34  160  254  190    3  254  255  255  255   94    0   93    0   62   31   46  254   62    7    0    0    0    0  140    0  140    0
27    0  238    1  154    1  145    0  183  255  140    0  140    0  152   36  221  253  227   26  121  255  246  255  133    0  133    0  238   34  158  254  189    3  251  255  254  255   93    0   93    0  217   30   44  254   61    7  254  255    0    0  140    0  140    0  193   33  244  255  108   19   77  255    0    0  114    0  120    0
27    0  243    1  154    1  139    0  189  255  140    0  140    0  223   33  244  253  230   26  180  255  251  255  133    0  133    0  153   33  158  254  189    3  251  255  255  255   93    0   93    0  157   35   46  254   62    7    0    0    0    0  140    0  140    0  174   35  248  255  107   19  103  255    0    0  117    0  122    0
27    0  252    1  150    1  139    0  189  255  140    0  140    0  158   34    8  254  233   26  226  255  255  255  133    0  133    0   33   30  159  254  189    3  254  255  255  255   93    0   93    0   40   34   45  254   61    7  255  255    0    0  140    0  140    0   16   28  237  255  107   19   98  255    0    0  119    0  124    0
27    0    4    2  146    1  139    0  189  255  140    0  140    0  233   32  237  253  232   26  178  255  251  255  133    0  133    0  195   34  159  254  190    3  255  255    0    0   93    0   93    0  156   33   44  254   61    7  254  255    0    0  140    0  140    0  206   35  245  255  106   19  133  255    0    0  121    0  126    0
27    0  255    1  159    1  116    0  217  255  140    0  140    0  107   35  205  253  230   26  128  255  246  255  133    0  133    0  118   36  159  254  189    3  255  255    0    0   93    0   93    0   25   35   44  254   61    7  253  255    0    0  140    0  140    0   96   34  238  255  106   19  133  255    0    0  121    0  126    0
27    0    6    2  156    1  116    0  217  255  140    0  140    0   33   31  197  253  229   26  128  255  246  255  133    0  133    0  233   32  158  254  189    3  253  255  255  255   93    0   93    0  127   34   43  254   61    7  253  255    0    0  140    0  140    0   60   34  231  255  106   19  133  255    0    0  121    0  126    0
27    0   13    2  154    1  116    0  217  255  140    0  140    0  140   33  207  253  231   26  161  255  249  255  133    0  133    0  105   33  158  254  189    3  253  255  255  255   94    0   92    0   24   32   44  254   61    7  255  255    0    0  140    0  140    0  205   36    8    0  105   19  214  255    0    0  123    0  127    0
27    0    4    2  171    1   92    0  248  255  140    0  140    0  196   32  202  253  231   26  161  255  249  255  133    0  133    0  241   34  158  254  189    3  253  255  255  255   94    0   92    0   48   37   45  254   62    7    0    0    0    0  140    0  140    0  218   35   19    0  105   19  240  255    0    0  125    0  128    0
27    0   14    2  161    1  100    0  234  255  140    0  140    0   88   36  254  253  236   26    7    0    1    0  133    0  133    0  192   30  157  254  189    3  253  255  255  255   94    0   92    0  154   32   43  254   61    7  254  255    0    0  140    0  140    0  195   31   34    0  104   19   12    0    0    0  126    0  129    0
27    0   13    2  170    1   89    0  248  255  140    0  140    0   44   33   34  254  240   26   70    0    5    0  133    0  133    0  231   36  158  254  189    3  253  255  255  255   94    0   92    0  141   33   43  254   61    7  254  255    0    0  140    0  140    0  149   33   35    0  104   19   12    0    0    0  126    0  129    0
27    0   25    2  163    1   98    0  235  255  140    0  140    0  239   32    0  254  238   26    3    0    0    0  133    0  133    0  186   33  155  254  188    3  249  255  254  255   94    0   92    0  220   35   43  254   61    7  254  255    0    0  140    0  140    0  173   36   35    0  104   19   12    0    0    0  126    0  129    0
27    0   31    2  161    1   98    0  235  255  140    0  140    0  226   34    3  254  239   26    7    0    0    0  133    0  133    0   91   34  158  254  189    3  255  255    0    0   93    0   92    0   65   33   46  254   62    7    3    0    0    0  140    0  140    0   38   37   36    0  104   19   12    0    0    0  126    0  129    0
27    0   37    2  160    1   98    0  235  255  140    0  140    0  182   35   19  254  241   26   35    0    2    0  117    0  128    0  129   33  158  254  189    3  255  255    0    0   93    0   92    0   87   36   46  254   62    7    3    0    0    0  140    0  140    0   78   33  117    0  103   19  148    0  255  255  127    0  130    0
27    0   43    2  159    1   98    0  235  255  140    0  140    0  218   32   28  254  242   26   48    0    3    0  119    0  129    0   23   32  159  254  190    3    2    0    1    0   93    0   92    0    8   36   48  254   62    7    6    0    1    0  140    0  140    0  209   35  121    0  102   19  140    0  253  255  128    0  131    0
27    0   48    2  158    1   98    0  235  255  140    0  140    0  176   31   31  254  243   26   48    0    3    0  119    0  129    0  250   34  160  254  190    3    3    0    1    0   92    0   92    0  114   32   48  254   62    7    4    0    1    0  140    0  140    0  169   31  130    0  102   19  140    0  253  255  128    0  131    0
27    0   54    2  156    1   98    0  235  255  140    0  140    0  203   32  239  253  240   26  207  255  253  255  107    0  124    0   59   32  158  254  189    3    0    0    0    0   92    0   92    0  186   35   51  254   63    7   10    0    2    0  140    0  140    0  125   36  106    0  102   19   87    0  255  255  129    0  132    0  243  255  204    3   18   10   33    0  244  255  140    0  140    0
27    0   60    2  155    1   98    0  235  255  140    0  140    0  154   34  236  253  240   26  207  255  253  255  107    0  124    0  166   32  159  254  190    3    1    0    0    0   92    0   92    0  108   32   52  254   63    7   10    0    2    0  140    0  140    0  120   36  108    0  101   19   82    0  255  255  130    0  133    0  248  255  206    3   18   10   33    0  244  255  140    0  140    0
27    0   66    2  154    1   98    0  235  255  140    0  140    0   24   35  246  253  241   26  233  255  255  255  111    0  126    0  120   30  161  254  190    3    5    0    1    0   92    0   92    0  103   31   48  254   62    7    2    0    0    0  140    0  140    0  158   36  113    0  101   19   82    0  255  255  130    0  133    0
27    0   72    2  152    1   98    0  235  255  140    0  140    0  207   32    7  254  243   26   12    0    1    0  114    0  127    0   49   34  161  254  190    3    4    0    1    0   94    0   91    0  254   32   48  254   62    7    2    0    0    0  140    0  140    0   78   34  191    0   99   19  204    0  250  255  131    0  133    0    8    0  208    3   17   10   30    0  245  255  140    0  140    0
27    0   78    2  151    1   98    0  235  255  140    0  140    0  214   34   14  254  244   26   24    0    1    0  117    0  128    0  131   32  160  254  190    3    2    0    1    0   95    0   91    0  104   32   48  254   62    7    2    0    0    0  140    0  140    0   76   35  204    0   98   19  204    0  250  255  131    0  133    0    9    0  210    3   16   10   30    0  245  255  140    0  140    0
27    0   84    2  150    1   98    0  235  255  140    0  140    0  241   31  244  253  243   26  229  255  255  255  119    0  129    0  146   33  162  254  190    3    5    0    2    0   95    0   91    0  160   33   44  254   61    7  252  255  255  255  140    0  140    0   35   34  153    0   99   19   99    0  255  255  132    0  133    0
27    0  243  253  242   26  229  255  255  255  119    0  129    0  150   35  162  254  190    3    4    0    1    0   93    0   91    0  155   32   45  254   62    7  254  255    0    0  140    0  140    0  197   37  164    0   98   19  108    0  253  255  133    0  133    0
27    0   33  254  246   26   63    0    5    0  121    0  130    0   49   32  160  254  190    3    0    0    0    0   96    0   90    0  187   32   45  254   62    7  254  255    0    0  140    0  140    0  114   34  170    0   98   19  108    0  253  255  133    0  133    0
27    0   37  254  247   26   63    0    5    0  121    0  130    0   56   37  159  254  189    3  254  255    0    0   96    0   90    0  122   34   45  254   61    7  254  255    0    0  140    0  140    0  154   36  177    0   98   19  108    0  253  255  133    0  133    0
67    0  183    0   98   19  108    0  253  255  133    0  133    0   12   35   41  254  247   26   63    0    5    0  121    0  130    0   33   36  159  254  189    3  253  255  255  255   95    0   90    0  228   34   45  254   62    7  255  255    0    0  140    0  140    0
67    0  190    0   97   19  108    0  253  255  133    0  133    0  139   31   45  254  247   26   63    0    5    0  121    0  130    0  148   36  157  254  189    3  251  255  255  255   94    0   90    0   99   34   45  254   61    7  255  255    0    0  140    0  140    0
67    0  196    0   97   19  108    0  253  255  133    0  133    0  183   32   48  254  248   26   63    0    5    0  121    0  130    0  216   32  158  254  189    3  252  255  255  255   94    0   90    0  169   36   47  254   62    7    2    0    0    0  140    0  140    0
67    0  181    0  116   19   74    0    0    0  133    0  133    0   17   31  115  254  253   26  162    0   10    0  123    0  131    0  169   34  159  254  189    3    0    0    0    0   94    0   90    0  235   34   48  254   62    7    2    0    0    0  140    0  140    0
67    0  185    0  116   19   74    0    0    0  133    0  133    0  128   36  124  254  254   26  162    0   10    0  123    0  131    0  112   34  160  254  190    3    1    0    0    0   94    0   90    0  172   33   48  254   62    7    2    0    0    0  140    0  140    0
67    0  156    0  114   19   25    0    0    0  133    0  133    0  200   32  162  254    1   27  205    0   10    0  125    0  132    0  138   32  160  254  190    3    0    0    0    0   95    0   90    0  128   33   48  254   62    7    2    0    0    0  140    0  140    0
67    0  157    0  114   19   25    0    0    0  133    0  133    0  218   30  174  254    1   27  205    0   10    0  125    0  132    0   89   31  161  254  190    3    3    0    1    0   95    0   90    0  117   34   48  254   62    7    2    0    0    0  140    0  140    0
67    0  159    0  114   19   25    0    0    0  133    0  133    0   85   33  156  254  240   26  158    0    7    0  126    0  133    0  215   34  160  254  190    3    1    0    0    0   96    0   90    0  220   36   48  254   62    7    2    0    0    0  140    0  140    0
67    0  230    0  109   19  126    0  252  255  133    0  133    0    3   28  165  254  240   26  158    0    7    0  126    0  133    0  103   36  160  254  190    3    2    0    0    0  101    0   96    0   54   34   44  254   61    7  253  255    0    0  140    0  140    0
67    0  230    0  102   19  115    0  251  255  118    0  125    0  139   35  175  254  241   26  158    0    7    0  126    0  133    0  249   32  161  254  190    3    1    0    0    0  105    0  101    0  147   35   38  254   60    7  243  255  253  255  140    0  140    0
67    0  218    0  102   19   84    0  253  255  120    0  126    0  253   32  209  254  227   26  194    0    7    0  127    0  133    0    0   35  160  254  190    3    1    0    0    0  109    0  105    0  220   31   38  254   60    7  244  255  253  255  140    0  140    0
67    0  241    0  100   19  116    0  251  255  122    0  127    0  181   33  221  254  227   26  194    0    7    0  127    0  133    0  154   35  161  254  190    3    1    0    0    0  106    0  103    0   42   34   37  254   60    7  245  255  254  255  140    0  140    0
67    0  248    0   99   19  116    0  251  255  122    0  127    0  205   34  153  254  227   26   76    0    5    0  128    0  133    0  220   28  161  254  190    3    2    0    0    0  110    0  107    0  162   35   35  254   59    7  243  255  253  255  140    0  140    0
67    0  255    0   99   19  116    0  251  255  122    0  127    0  100   29  158  254  228   26   76    0    5    0  128    0  133    0  173   34  160  254  190    3    0    0    0    0  109    0  105    0   97   35   36  254   59    7  246  255  254  255  140    0  140    0
