0
0  226
0  24
0  102
0  8
0  47
0  111
0  158
0  141
0  171
0  21
0  255
0  30
0  157
0  26
0  105
0  204
0  90
0  188
0  98
0  196
0  27
0  184
0  98
0  156
0  146
0  162
0  65
0  190
0  142
0  250
0  127
0  128
0  2
0  44
0  130
0  102
0  215
0  205
0  98
0  142
0  98
0  14
0  61
0  151
0  47
0  116
0  243
0  84
0  21
0  102
0  85
0  169
0  152
0  38
0  191
0  167
0  112
0  173
0  167
0  50
0  217
0  84
0  223
0  243
0  48
0  233
0  32
0  44
0  67
0  100
0  139
0  227
0  168
0  172
0  55
0  63
0  131
0  88
0  248
0  146
0  245
0  254
0  144
0  79
0  176
0  97
0  80
0  38
0  48
0  2
0  2
0  7
0  184
0  141
0  32
0  24
0  220
0  181
0  251
0  68
0  69
0  39
0  211
0  19
0  40
0  108
0  238
0  7
0  90
0   23  216
0  28  92
0   46  249
0   11  146
0  140   10
0   86  222
0  66  87
0   3  90
0  167   76
0  255   55
0  71  27
0   78  145
0  19  30
0  137   13
0   16  167
0   60  148
0  144  245
0  230  115
0  241   96
0  127   81
0  217   36
0  163  136
0  238  104
0   45  187
0  164  151
0  187  133
0  156  118
0  172  112
0  78  41
0  137  108
0  12   7
0  186   74
0   22  230
0  252   89
0  68
14
14
14
14
14
1
27
27
27
27
27
27
27
27
27
27
27
27
27  65
27  129
27
27  59
27  115  153
27  121  227
27  142   36
27   79  145
27  148  101
27  81
27  140
27  101
27   41  138
27  244  125
27
27  136
27  32
27
27  25
27  247
27
27
27
27
27
27
27
27
27
27  36
27   4
27  49
27  141
27  95
27  160
27  76
27  67
27  55
27  115
27  74
27  88
27  176
27  202
27  69
27  225
27  137
27   3
27  223
27  43
27  115
27  15
27  41
27  138
27  19
27  37
27  193
27  253
27  125
27
27  81
27  147
27  237
27  126
27  123
27  212
27  125
27  188
27  195
27  124   46
27   75  190
27  230  242
27  125  154
27  51   4
27   71  255
27  168  116
27  117   80
27   83  131
27  243  231
27  249  109
27   81  168  184
27   21  124   58
27  208  196   87
27  143   39  228
27  239   34  197
27  202  128  156
27  217  184  211
27  139  140    6
27   21  201  211
27  210  164  165  193
27   81   66  131   35
27  223  176   96   26  199
27  166  220   48  139   53
27  152   76   96   63
27   44   94  236  117
27   43  143  145   25
27  187  123   18  153
27  165    0  194
27   42   11  157
27  111  253  254
27   92   96  216   43
27  195  250  115  228
27   86  126   36
27  239    4  194
27  109   81  114
27   80  188  201
27  139  198   93
27   43  186  176
27  147  193  176  109
27   27  164  189   35
27  161   16  237
27  176    1   32
27  248   95  140
27   64  164   28
27  156  221   17
27  162  108   76
27   99  143  234
27   65  122   42  134
27   77   47  162  100
27  251  217   84
27  183   58   26  193
27  204  249    5  244
27  209  153  241
27  215   57   59
27  129  132   84
27  192    8  225
27  89  38  62
27  152  238  217  193
27  223  153  157  174
27  158   33   40   16
27  233  195  156  206
27  107  118   25   96
27   33  233  127   60
27  140  105   24  205
27  196  241   48  218
27   88  192  154  195
27   44  231  141  149
27  239  186  220  173
27  226   91   65   38
27  182  129   87   78
27  218   23    8  209
27  176  250  114  169
27  203   59  186  125  243
27  154  166  108  120  248
27   24  120  103  158
27  207   49  254   78    8
27  214  131  104   76    9
27  241  146  160   35
27  150  155  197
27   49  187  114
27   56  122  154
67   12   33  228
67  139  148   99
67  183  216  169
67   17  169  235
67  128  112  172
67  200  138  128
67  218   89  117
67   85  215  220
67    3  103   54
67  139  249  147
67  253    0  220
67  181  154   42
67  205  220  162
67  100  173   97
