38  228  124
38   69  231
38  238  120
38  115   12
38  131   27
38  247  173   40
38  165  125  134
38  164   88   32
38   46  118   89
38  120   35   69
38  225   28   21
38  212  157  129
38  152  203  155
38  214  161   43
38  113    4   62
38  197   94
38   45  134
38   62  133
38  219  195
38  250  219
38  78  74
38  249  243
38  143  136
38  199   81
38  133  175
38  160   40
38   80  111
38  52   2
38   93  113
38    7  212
38  245   50
38   10  173
38   30  215
38  129   23
38  188   17
38  117   41
38  75  24
38  241  136
38  169  113
38  119   55
38  247    9
38  209  242
38   20  163
38  254  114
38  194  213
38  64  35
38  18  29
38  237  150
38  157  176
38  240  161
38  144  147
38  245  200
38  205   33
38  128  150
38   55  228
38  191   96
38  116   38
38  108  215
38  154  145
38  159  132
38  55  39
38  47  48
38  254   93
38  196  239
38  109   46
38   20  224
38  148   49
38   57  245
38  74  57
38  132    5
38  121   26
38   37  181
38   51  226
38  211   95
38   54  207
38   71  216
38   4  82
38  19  63
38  145   44
38  96   9
38  132  255
38   19  144
38  159  204
38  218  177
38    3  138
38  40  14
38   40  118
38  202   90
38  83  92
38  101  182
38  115    4
38  155  145
38   98  244
38  127  123
38  148  223
38  111  160
38  131   55
38  194   30
38  198  174
38  249  245
38  42  86
38   89  154
38  236   86
38   25  191
38   22  205
38   31  214
38  150  245
38  147   70
38  227  143
38   12  252
38   61  217
38  162   21
38  180   58
38  241   88
38   35  148
38  26  13
38  185  168
38  111   32
38  62
38  235
38  178
38  117
38  183
38  22
38  59
38  157
38  121
38  255
38  92
38  67
38  94
38  95
38  228
38  191
38  103
38  121
38  250
38  169
38  151
38  32
38  165
38  143
38  117
38  72
38  78
38  130
38  28
38  40
38  10
38  39
38  236
38
38
38
38
38  13
38  232
109
109
109
109
109
109
109
109
109
109
109
109
109
109
109
109
109
109
109
109
109
109
109
109
109
109
109
109
109
109
109
109
109
109
109
109
109
109
109
109
109
109
109
109
109
109
109
109
109
109
109
109
109
109
109
109
109
109
109
109
109
109
109
109
109
109
109
109
109
109
109
109
109
109
109
109
109  100
109   10
109
109
109
109
109
109
109
109  239
109  255
109  218    4
109  125  169
109    3   26
109  121  119
109  231  239
109  202  195
109   31    2
109   87   50
109   24  156
109  121   80
109  168   72
109  206   92
109   67  202
109   73   68
109   11   54
109  221  166
109  247  191   80
109  254  222  194
109   36   26  111
109  203   42  130
109   53  247  225
109   25  122  147
109  165   30   72   16
109  110  170  138  106  126
109   10  199  209   11   79
109   72   29   79   87    5
109  113  213  247  240  215
109   46  226   23  230  104
109   14  173   11   63  233
109  101  165  198  125  111
109  180   43  205   18  140
109  152  170   80   32
109   90   75  100
109  153   73   89  190
109  243    1   58   49
109  229  125   33   99
109   77  238   12  131  228
109  200  127  177  244   92
109  203  160   34
109  142  167  179
109  192  186  143
109   11  144  174
109  216  212
109  230  250
109  215   76
109  157  131
109    6  159
109   19   63
109   31  145
109  224   53
109  222   94
109  157  177
109  222   26
109   54    5
109   67    3
109  153  149
109  134  140
109   44  182
109   90  158
109  104   63
109   29   68
109  232    5
109  115  231
109  139  130
109   89  189
109  236   73
109   92  227
109  238   18
109  143  113
109  249  119
109  240  191
109   29  143
109  145   85
109   36   97
109  182  248
109  145   18
109  132   25
109  250   83
109  207   98
109   76  221
109  252   29
109   87  235
109    8  116
109  201  242
109    1  175
109  161  115
109   13   44
109  145   73
109  234   38
109    5   83
109   34   27
109    9   43
109   34  133
109  176  244
109   36  185
109  125  101
109   36
139  206
139   45
139   71
139  215
139  227
139   34
139  183
139  233
139  254
139   54
139  187
139   23
