0     -3.0685      6.5041
0     -3.0563      6.4789
0     -3.1214      5.5651
0     -3.1385      3.5555
1      -3.525      6.2147
0     -3.1385      3.5555
1     -3.5085      6.1862
0     -3.1385      3.5555
1     -3.4909      6.1621
0     -3.1385      3.5555
1     -3.4748      6.1362
0     -3.1385      3.5555
1     -3.4585      6.1153
0     -3.1385      3.5555
1      -3.442      6.1082
0     -3.1385      3.5555
1     -3.4255      6.1121
0     -3.1385      3.5555
1     -3.4092      6.1268
0     -3.1385      3.5555
1     -3.2411      6.1449
0     -3.1385      3.5555
1     -3.1615      6.1505
2     -11.1607      15.4767
1     -3.0455      6.1752
2      -11.308      16.1757
3      14.7389      13.5401
1       -2.91      6.2081
2     -11.4696      17.8822
3      14.7171      13.5201
1     -2.8663      6.1925
2     -11.4696      17.8822
3      14.7167      13.5205
1      -2.862      6.1629
2     -11.4696      17.8822
3       14.706        13.51
1     -2.7282      6.1937
2     -11.4696      17.8822
3       14.695      13.4997
4      18.7303      8.37028
1     -2.7603      6.1462
2     -11.4696      17.8822
3      14.6947      13.4987
4      18.7053      8.35906
1     -2.6871      6.1485
2     -11.4692      17.8831
3      14.6946      13.4978
4      18.6803      8.34754
1     -2.7568      6.0901
2     -11.4743      17.9535
3      14.6946      13.4978
4      18.6553      8.33572
1     -2.6227       6.119
2     -11.4743      17.9535
3      14.6946      13.4978
4      18.6553      8.33572
1     -2.6629      6.0748
2     -11.4743      17.9535
3      14.6946      13.4978
4      18.6553      8.33572
1     -2.5609      6.0875
2     -11.4743      17.9535
3      14.6946      13.4978
4      18.6553      8.33572
1     -2.6664      6.0224
2     -11.4729      17.9545
3      14.6946      13.4978
4      18.6553      8.33572
1     -2.5009      6.0532
2     -11.4724      17.9548
3      14.6946      13.4978
4      18.6553      8.33572
1     -2.3617      6.0747
2     -11.4724      17.9548
3      14.6925      13.5038
4      18.6553      8.33572
1     -2.3675      6.0375
2     -11.4699      17.9563
3      14.6919      13.5069
4      18.6553      8.33572
1     -2.3597      6.0118
2     -11.4692      17.9565
3      14.6919      13.5069
4      18.6553      8.33572
1     -2.4222      5.9521
2     -11.4692      17.9565
3      14.6919      13.5069
1     -2.2824      5.9767
2     -11.4692      17.9565
3      14.6919      13.5069
1     -2.2318      5.9667
2     -11.4692      17.9565
3      14.6919      13.5069
1     -2.1524      5.9692
2     -11.4692      17.9565
3      14.6919      13.5069
1     -1.9024       6.031
2     -11.4692      17.9565
3      14.6919      13.5069
5     -1.27871      18.0155
1     -1.7695      6.0564
2     -11.4692      17.9565
3      14.6919      13.5069
5     -1.27715       17.988
1     -1.5712      6.0975
2     -11.4692      17.9565
3      14.6919      13.5069
5     -1.27536       17.948
1     -1.3941      6.1163
2     -11.4692      17.9565
3      14.6919      13.5069
5     -1.27409      17.9028
1     -1.1486       6.156
2     -11.4692      17.9565
5     -1.27313      17.8338
1    -0.85869      6.2022
5     -1.26875      17.7446
1    -0.70816      6.2101
5     -1.26667      17.6528
1    -0.39554      6.2367
5     -1.26667      17.6528
1    -0.22865      6.2375
5     -1.26667      17.6528
1   -0.057628      6.2308
5     -1.26667      17.6528
1   -0.035843      6.2115
5     -1.26667      17.6528
1   -0.056483      6.2061
5     -1.26667      17.6528
1     0.22226      6.1905
5     -1.26667      17.6528
1     0.27109      6.1778
5     -1.26667      17.6528
1     0.11362      6.1943
5     -1.26667      17.6528
1     0.40717      6.1546
5     -1.26667      17.6528
1     0.27712      6.1594
1     0.41544      6.0996
1     0.21589      6.1049
1     0.30557      6.0705
1     0.30086      6.0518
6      2.46155      16.3271
1     0.13903       6.043
6      2.45782      16.2954
1     0.10562      6.0106
6      2.45456       16.252
1     0.21495      5.9661
6      2.45174      16.2089
1     0.16912      5.9215
6      2.45888       16.208
1      0.1035      5.8785
6      2.46198      16.1807
1   -0.026063        5.83
6      2.48059      16.1509
1    -0.11177      5.7781
6       2.4846      16.1288
1   -0.061144      5.7371
6      2.50028      16.1217
1    0.043676      5.7227
6      2.50528      16.1049
1    0.022732      5.6934
6      2.51023      16.0857
1   0.0078121      5.6474
6      2.51023      16.0857
1     0.08105      5.6225
6      2.51023      16.0857
1     0.20899      5.6053
6      2.51023      16.0857
1     0.12731      5.5625
6      2.51023      16.0857
1     0.13819      5.5331
6      2.51023      16.0857
1   -0.012524      5.4799
6       2.5277       16.059
1    -0.14814      5.4193
6      2.53034      16.0462
1    -0.17628      5.3719
6      2.54503      15.9937
1      -0.138      5.3406
6      2.54713      15.9718
1     0.20225      5.3158
6      2.58397       15.937
1     0.21722      5.2879
6      2.74281      15.8631
1     0.26502      5.2392
6      2.83285      15.8147
1     0.37762      5.2097
6      2.86877      15.7879
1     0.29597      5.1703
6       2.9977       15.765
7      8.19885      10.3917
1     0.38779      5.1321
6      3.19427      15.7375
7      8.18374      10.3727
1     0.59864       5.083
6      3.24969      15.7127
7      8.16794      10.3544
1     0.51135      5.0593
6      3.27108      15.7054
7      8.15307      10.3376
1     0.53821      5.0511
6      3.39952      15.6976
7      8.13783      10.3224
8      6.65106      22.5082
1     0.58616      5.0501
6      3.44171      15.6832
7      8.12261      10.3089
8      6.65891      22.5368
9     -2.75449      13.0897
1     0.65856      5.0392
6      3.44171      15.6832
7      8.12668      10.2692
8      6.66676      22.5653
9     -2.75963      13.1142
1      0.5712      5.0555
6      3.44171      15.6832
7      8.12737      10.2334
8      6.66676      22.5653
9     -2.75968      13.1144
1     0.63592      5.0353
6      3.44171      15.6832
7      8.13057      10.2281
8      6.66583      22.5669
9     -2.75973      13.1151
1     0.64745      5.0355
6      3.44171      15.6832
7       8.1315      10.2013
8      6.66828      22.5685
9     -2.75973      13.1151
1      0.5216      5.0714
6      3.49736      15.7347
7      8.04736       10.301
8      6.67954      22.6083
9     -2.75973      13.1151
10      1.16833      37.3683
1     0.66913      5.0543
6      3.50351      15.7609
7       8.0023      10.3639
8      6.69026      22.6364
9     -2.75973      13.1151
10      1.16925      37.3978
11    -0.499254       23.734
1      0.7441      5.0406
6      3.24173      15.8016
7      7.97751      10.3992
8      6.69416      22.6715
9     -2.75983      13.1158
10      1.16925      37.3978
11    -0.499299      23.7362
1     0.69117       5.049
6      3.21724      15.8327
7      7.95576      10.4341
8      6.72949      22.6836
9     -2.75988      13.1167
10      1.16974      37.3978
11    -0.499299      23.7362
12       4.9424      28.8139
1     0.79714      5.0221
6      3.21724      15.8327
7      7.95576      10.4341
8      6.74008      22.7098
9     -2.75988      13.1167
10      1.17024      37.3978
11    -0.499299      23.7362
12      4.94605      28.8359
1     0.63364      5.0455
6      3.21724      15.8327
7      7.95576      10.4341
8      6.76765      22.7081
9     -2.75988      13.1167
10      1.17024      37.3978
11    -0.499299      23.7362
12      4.94882      28.8594
13      3.66966      1.47609
1     0.54327      5.0669
6      3.21724      15.8327
7      7.95576      10.4341
8      6.77756      22.7252
9     -2.75988      13.1167
10      1.17024      37.3978
11    -0.499299      23.7362
12      4.95435      28.9425
13      3.69216      1.48514
1      0.4669      5.0949
6      3.21724      15.8327
7      7.95576      10.4341
8      6.81692      22.7304
9     -2.75988      13.1167
10      1.17024      37.3978
11    -0.499299      23.7362
12      4.96065      28.9192
13      3.71466      1.49419
1     0.36065      5.1428
6       2.3157      15.9537
7      7.95576      10.4341
8      6.85089      22.7354
9     -2.75821      13.1183
10      1.17024      37.3978
11    -0.499299      23.7362
12      4.97535      28.9444
13      3.73008      1.47825
1     0.18618      5.1726
6      2.22547       15.996
7      7.95576      10.4341
8      6.86145      22.7576
9     -2.75763      13.1199
10      1.17024      37.3978
11    -0.499299      23.7362
12      4.98708      28.9627
13      3.75048      1.49101
1     0.16104      5.1752
6      2.01506      16.0177
7      7.95576      10.4341
8      6.89227      22.7498
9     -2.75745      13.1239
10      1.17024      37.3978
11    -0.499299      23.7362
12        4.995      28.9811
13      3.77612      1.45349
1    0.085094      5.1861
6      1.96717      16.0371
7      7.95576      10.4341
8      6.92717      22.7535
9      -2.7574      13.1265
10      1.17024      37.3978
11    -0.499299      23.7362
12        4.995      28.9811
13      3.77955      1.48506
14     -3.42118       1.9851
1    0.051738      5.2076
6      1.82373      15.9805
7      7.95576      10.4341
8       6.9779      22.7606
9      -2.7574      13.1265
10      1.17024      37.3978
12        4.995      28.9811
13       3.7931      1.45161
14     -3.42211      1.98564
1     0.10419      5.2179
6      1.45719       15.933
8      7.11827      22.7411
9      -2.7574      13.1265
10      1.17024      37.3978
12        4.995      28.9811
13       3.7538      1.52781
14     -3.42211      1.98564
1    0.092754      5.2334
6      1.63615      15.8422
8      7.15343      22.7569
9      -2.7574      13.1265
12        4.995      28.9811
13      3.75573      1.49101
14     -3.42211      1.98564
1     0.13553      5.2555
6      1.68219      15.7705
8      7.15343      22.7569
9      -2.7574      13.1265
12        4.995      28.9811
13      3.70508      1.68903
14     -3.42211      1.98564
1     0.17562      5.2732
6      1.74976      15.7619
8      7.15343      22.7569
9      -2.7574      13.1265
12        4.995      28.9811
13      3.63849      1.88934
14     -3.42211      1.98564
1     0.16125      5.2825
6      1.72623      15.7178
8      7.15343      22.7569
9      -2.7574      13.1265
12        4.995      28.9811
13      3.60574      1.98932
14     -3.42211      1.98564
1     0.12887      5.2856
6      2.06336      15.6576
8      7.15343      22.7569
9      -2.7574      13.1265
12        4.995      28.9811
13       3.5743      2.07715
14     -3.42211      1.98564
15      13.2015      21.0399
1     0.21214      5.2996
6      2.38035       15.624
8      7.15343      22.7569
9      -2.7574      13.1265
12        4.995      28.9811
13      3.55781      2.12913
14     -3.42211      1.98564
15      13.2144      21.0605
1     0.20892      5.3028
6      2.40921       15.615
8      7.15343      22.7569
9      -2.7574      13.1265
13       3.5004      2.25115
14     -3.42211      1.98564
15      13.2144      21.0605
1      0.2107      5.3277
6      2.93812      15.5625
8      7.15343      22.7569
13      3.44952      2.34711
14     -3.42211      1.98564
15       13.357      21.6707
1   -0.035924      5.3444
6      3.31878      15.4788
8      7.15343      22.7569
13       3.4331      2.36854
14     -3.42375      1.98703
15      13.5093      23.0628
1   -0.060899       5.366
6      3.62406      15.4137
8      7.15343      22.7569
13      3.35578      2.49833
14     -3.42544      1.98958
15      13.5093      23.0628
1    -0.13913      5.3708
6      3.86943      15.3681
13      3.33046      2.53576
14     -3.42544      1.98958
15      13.5093      23.0628
1     -0.2616      5.3718
6        4.259      15.2767
13      3.28536      2.59111
14     -3.42544      1.98958
15      13.5093      23.0628
1     -0.2293      5.4043
6      4.70995      15.1761
13      3.23789      2.64393
14     -3.42308      1.98222
15      13.5093      23.0628
1    -0.28825        5.43
6      4.90158       15.085
13      3.30179      2.59053
14     -3.42175      1.97287
15      13.5093      23.0628
1    -0.32972      5.4608
6      5.08547       15.002
13      3.28945      2.62476
14     -3.42175      1.97287
15      13.5093      23.0628
16    -0.221689      10.6698
1    -0.51276      5.4568
6      5.49564      14.8724
13      3.27835      2.64465
14     -3.42175      1.97287
15      13.5093      23.0628
16     -0.22263      10.7151
1    -0.54899      5.4625
6      5.79355      14.7867
13      3.10446      2.86484
14     -3.42175      1.97287
15      13.5093      23.0628
16    -0.222284      10.7348
1    -0.81526      5.4565
6      6.39519      14.5755
13      3.21752       2.7603
14     -3.42175      1.97287
15      13.5093      23.0628
16    -0.222564      10.7457
1    -0.83508       5.469
6      6.73822      14.4377
13       3.3467      2.65171
14     -3.42175      1.97287
16    -0.222832      10.7414
1    -0.89495      5.4603
6      7.56793      14.0632
13      3.33796      2.68779
14     -3.42175      1.97287
16    -0.223088      10.7218
1    -0.94455      5.4563
6      8.00674      13.8682
13      3.32894      2.72084
14     -3.42225      1.90713
16    -0.223088      10.7218
1     -1.0376      5.4363
6      8.28107      13.7123
13      3.26505      2.82477
14     -3.42877      2.00467
16    -0.210005      10.8356
1     -1.1336       5.407
6      8.97113      13.3042
13      3.43405      2.68784
14     -3.44883      1.99457
16    -0.176567      10.9064
1     -0.9229      5.5173
6        9.249      13.1657
13      3.28543       2.9013
14     -3.45486      2.02005
16    -0.138359      10.9676
1    -0.99176      5.5313
6      9.71992      12.8535
13      3.27744      2.94093
14     -3.45486      2.02005
16    -0.104737      11.0321
1    -0.99176      5.5313
6      9.58426      12.9616
13       3.2151      3.04013
14     -3.45807      1.98731
16    -0.017646      11.0992
1     -1.0265      5.5394
6      10.0485        12.67
13      3.22796       3.0766
14     -3.46061       1.9673
16    0.0837175      11.1656
1     -0.5172      5.7136
6      9.72642       12.876
13      3.16729      3.17714
14     -3.48082      1.97094
16     0.279899      11.2281
17      6.07464      8.92265
1    -0.48152      5.7648
6       9.9347      12.7761
13      3.11601      3.24614
14     -3.49991      1.94689
16     0.342015      11.2848
17       6.0933       8.9493
1    -0.48152      5.7648
6      10.1279      12.6176
13      3.28607      3.11353
14     -3.52964      1.87574
16     0.407415      11.3371
17       6.1113      8.98298
1    -0.44943      5.7745
6       10.199      12.5989
13      3.29995      3.14417
14     -3.61374      1.79997
16     0.476096       11.385
17      6.12835      9.03724
1    -0.43659      5.7945
6      9.22296      13.5837
13      3.31581       3.1657
14     -3.63408      1.77866
16     0.501793      11.3948
17       6.1465      9.10301
1    -0.43659      5.7945
6       9.2329      13.6832
13      3.13067       3.3842
14     -3.61404      1.84224
16     0.571395       11.409
17      6.17218      9.09638
1    -0.43659      5.7945
6       9.2382      13.8032
13      3.26989      3.27672
14     -3.62003      1.82706
16     0.517995      11.4215
17      6.19185      9.11628
1    -0.43659      5.7945
6      9.23886      13.9437
13      3.14499      3.42562
14     -3.63695      1.77588
16     0.590812      11.4758
17      6.21154      9.12494
1    -0.43659      5.7945
6      8.44408      14.6397
13      3.05607      3.54224
14     -3.70876       1.6895
16     0.631984        11.52
17      6.24431      9.20047
1    -0.43659      5.7945
6      7.88263      15.1944
13      2.97405      3.65369
14     -3.74192      1.61537
16     0.666592      11.5505
17      6.32839      9.18755
1    -0.43659      5.7945
6      7.93498      15.2208
13      3.01087      3.64471
14     -3.65484      1.76079
16     0.701156      11.5719
17      6.40681      9.18201
1    -0.43659      5.7945
6      7.87815      15.3616
13      3.10926      3.57923
14     -3.65949      1.72981
16     0.701156      11.5719
17      6.63646       9.0847
1    -0.43659      5.7945
6      7.75937      15.4764
13      3.13753       3.5742
14     -3.65949      1.72981
16     0.701156      11.5719
17       6.8432      8.99228
1    -0.43659      5.7945
6      8.03116      15.3448
13       3.2841      3.46718
14     -3.68455      1.65418
16     0.701156      11.5719
17      6.98182      8.93521
1    -0.43659      5.7945
6      8.36693      15.3034
13      3.29624      3.47311
14     -3.67694      1.74916
16     0.701156      11.5719
17      7.29036      8.74653
1    -0.43659      5.7945
6       8.5128      15.2971
13      3.42153      3.38297
14     -3.71256      1.63999
16     0.701156      11.5719
17       7.5102      8.62417
6      8.53961      15.3352
13      3.54109      3.29024
14     -3.71958      1.62284
16     0.701156      11.5719
17      7.76956      8.46327
6      8.53961      15.3352
13      3.68558      3.16271
14     -3.61733      1.81317
16     0.701156      11.5719
17      8.31353      8.04373
6      8.53961      15.3352
13      3.72603      3.14061
14     -3.67476      1.64639
16     0.701156      11.5719
17      8.72223      7.69665
6      8.69632      15.3272
13      3.76817      3.11946
14     -3.74722      1.44853
17      8.98003      7.44774
6      8.71507      15.3556
13      3.85994      3.03401
14     -3.74939      1.38093
17      9.20653      7.20956
18      13.1102      3.35675
6      8.71507      15.3556
13      3.91025      2.98757
14     -3.96464      1.09386
17      9.41949      6.97031
18      13.1279      3.36128
6      8.98756      15.2482
13       3.9937        2.914
14     -3.95264      1.23386
17      9.74655      6.57451
18       13.128      3.36152
6      9.01924      15.2529
13        4.221      2.61687
14      -3.9725      1.33353
17        9.862      6.45446
18      13.1281      3.36193
6      8.99739       15.248
13      4.33728      2.45304
14     -3.98843      1.38628
17      10.3282      5.76728
18      13.1281      3.36193
6       9.3409      15.1081
13      4.43114      2.32493
14     -3.97212      1.51934
17      10.6141      5.33862
18      13.1281      3.36193
6      10.1631      14.7395
13      4.34336      2.58829
14     -4.02063      1.46319
17      10.8903      4.86205
18      13.1281      3.36193
6      10.5954      14.5316
13      4.47373      2.38976
14     -3.98183      1.57375
17      11.1349       4.4053
18      13.1281      3.36193
6      11.5185      14.0165
13      4.47947      2.46854
14     -4.03677      1.56462
17      11.3932      3.83914
18      13.1281      3.36193
6      11.9052      13.7614
13      4.51438      2.48247
14     -4.04772      1.60029
17      11.4966      3.77889
18      13.1281      3.36193
6      12.2935       13.496
13      4.57021      2.45747
14     -4.08734      1.56919
17      11.6959      3.35835
18      13.1283      3.36312
6      12.6118      13.2573
13      4.66723      2.31401
14     -4.12561      1.55615
17      11.9273      2.77123
18      13.1284      3.36445
6      13.1457      12.8497
13      4.62458      2.52981
14     -4.11352      1.67166
17      12.1572       2.1378
18      13.1284      3.36445
6      13.8217      12.2247
13      4.66439      2.52918
14     -4.05067      1.92922
17      12.1572       2.1378
18      13.1284      3.36445
19     -16.1787      13.2307
6      14.3619      11.7146
13      4.61343       2.7244
14     -4.03266      2.08398
17      12.1302      2.53101
18      13.1284      3.36445
19     -16.2091      13.2555
6      14.7736      11.3203
13       4.7756      2.42817
14     -4.04006      2.14343
17      12.1995      2.45395
18      13.1284      3.36445
19     -16.2092      13.2554
6      15.2094      10.8236
13      4.72507      2.63772
14     -4.02643      2.23664
17      12.1806      2.55865
18      13.1284      3.36445
19     -16.2244      13.2677
0      10.7406      7.70625
6      15.2094      10.8236
13      4.74896      2.65944
14     -4.01911      2.30582
17      12.1874      2.79709
18      13.1284      3.36445
19     -16.2244      13.2677
0      10.7406      7.70625
6      15.2094      10.8236
13      4.76392      2.69704
14     -4.02619      2.41571
17      12.2162      2.84862
18      13.1284      3.36445
19     -16.2244      13.2677
0      10.7406      7.70625
6      15.2094      10.8236
13      4.74323      2.80789
14     -4.10656      2.33943
17      12.2162      2.84862
18      13.1284      3.36445
19     -16.2245      13.2677
0      10.7406      7.70625
4     -19.0931      4.88861
6      15.0144      11.0737
13      4.76494      2.80704
14     -4.04807      2.56435
17      12.2305        2.877
18      13.1284      3.36445
19     -16.2354      13.3185
0      10.7406      7.70625
4     -19.0931      4.88861
6      15.0967       11.038
13       4.8648      2.67882
14     -4.02987      2.66999
17      12.2448      2.90537
19     -16.2444      13.3611
0      10.7406      7.70625
4     -19.4705      4.98524
3      -20.554      6.13228
6      15.1595       11.002
13      4.86934      2.73118
14     -4.00607      2.76695
17      12.2448      2.90537
19     -16.2719      13.3798
0      10.7406      7.70625
4     -19.4705      4.98524
3      -20.554      6.13228
6      15.1839      11.0344
13      4.91457      2.69553
14     -4.09679       2.7094
17      12.2448      2.90537
19     -16.3028      13.3901
0      10.7406      7.70625
4     -19.4705      4.98524
3     -20.5797      6.13995
6      15.1515      11.1273
13      4.99786      2.60461
14     -4.13317      2.71658
17      12.2448      2.90537
19     -16.3236      13.4101
0      10.7406      7.70625
4     -19.5649      5.00939
3     -20.6054      6.14762
2      -12.422      8.17933
6      15.4977      10.8127
13      4.90582      2.82103
14     -4.15331      2.76973
17      12.2448      2.90537
19     -16.3866      13.3834
0      10.7406      7.70625
4     -19.5649      5.00939
3     -20.6054      6.14762
2      -12.422      8.17933
6      15.5387      10.8241
13      4.98518      2.71875
14     -4.21338      2.75863
17      12.2448      2.90537
19     -16.4917       13.306
0      10.7406      7.70625
4     -20.0322      7.15707
3     -20.6054      6.14762
2     -12.4476      8.19623
6      15.5387      10.8241
13      5.03004       2.6856
14     -4.17484      2.88014
17      12.2448      2.90537
19     -16.6493      13.1625
4     -20.2951      9.14037
3     -20.6054      6.14762
2     -12.4476      8.19623
6      15.7741      10.5849
13      4.94346      2.88086
14     -4.09677      3.01067
17      12.2448      2.90537
19     -16.8452      12.9659
4     -20.2951      9.14037
3     -20.6054      6.14762
2     -12.4477      8.19617
6      15.8548      10.5423
13      4.90754      2.97807
14     -4.03415      3.12858
17      12.2448      2.90537
19     -16.9757      12.8441
4     -20.2951      9.14037
3     -20.6051       6.1456
2     -12.4478      8.19611
6      15.8884      10.5555
13      4.89941      3.01059
14     -4.07035      3.11617
17      12.2448      2.90537
19     -17.0982      12.7237
4     -20.2951      9.14037
3     -20.6052      6.14159
2     -12.4478      8.19611
6      15.8884      10.5555
13      4.89941      3.01059
14     -4.01383      3.20228
17      12.2448      2.90537
19      -17.211      12.6111
4     -20.2951      9.14037
3      -20.605       6.1371
2     -12.4478      8.19611
6      15.8884      10.5555
13      4.89941      3.01059
14     -3.96125      3.27542
17      12.2448      2.90537
19     -17.3304      12.4848
4     -20.2951      9.14037
3      -20.605       6.1371
2     -12.4478      8.19611
6      15.8884      10.5555
13      4.89941      3.01059
14     -3.92656      3.30186
17      12.2448      2.90537
19     -17.3304      12.4848
4     -20.2951      9.14037
3      -20.605       6.1371
2     -12.4478      8.19611
6      15.8884      10.5555
13      4.98226      2.85682
14     -3.88329      3.36334
17      12.2448      2.90537
19     -17.3304      12.4848
4     -20.2951      9.14037
3      -20.605       6.1371
2     -12.4478      8.19611
6      15.8884      10.5555
13      4.99475      2.82204
14     -3.91322      3.31353
17      12.2448      2.90537
19     -17.3304      12.4848
4     -20.2951      9.14037
3      -20.605       6.1371
2     -12.4478      8.19611
6      15.8884      10.5555
13      4.99475      2.82204
14     -4.21921       2.9762
17      12.2448      2.90537
19     -17.3304      12.4848
4     -20.2951      9.14037
3      -20.605       6.1371
2     -12.4478      8.19611
6      15.8884      10.5555
13      5.02344      2.79095
14     -4.40523      2.77891
17      12.2448      2.90537
19     -17.3304      12.4848
3      -20.605       6.1371
2     -12.4478      8.19611
6      15.8884      10.5555
13      5.02835      2.80134
14     -4.40317       2.7818
17      12.2448      2.90537
19     -17.3304      12.4848
3      -20.605       6.1371
2     -12.4478      8.19611
6      15.8884      10.5555
13      5.03831      2.77802
14     -4.38659      2.79668
17      12.2448      2.90537
19     -17.3304      12.4848
3      -20.605       6.1371
6      15.8884      10.5555
13      5.03919      2.76654
14     -4.47094      2.67907
17      12.2448      2.90537
19     -17.3304      12.4848
3      -20.605       6.1371
6      15.8884      10.5555
13      5.03919      2.76654
14     -4.66317      2.39775
17      12.2448      2.90537
6      15.8884      10.5555
13      5.04882      2.78372
14      -4.7424      2.25194
17      12.2448      2.90537
6      15.8884      10.5555
13      5.05106      2.81064
14     -4.78781      2.16493
17      12.2448      2.90537
6      15.8884      10.5555
13      5.05106      2.81064
14       -4.722      2.30414
17      12.2448      2.90537
6      15.8884      10.5555
13      5.05106      2.81064
14     -4.70862       2.3457
17      12.2448      2.90537
6      15.8884      10.5555
13      5.05106      2.81064
14     -4.57651      2.69202
17      12.2448      2.90537
6      15.8884      10.5555
13      5.12894      2.68539
14     -4.56832      2.74833
17      12.2448      2.90537
6      15.8884      10.5555
13      5.18096      2.61641
14     -4.48887      2.95041
17      12.2448      2.90537
6      15.8884      10.5555
13      5.19907       2.6105
14     -4.42116      3.10321
17      12.2448      2.90537
6      15.8884      10.5555
13      5.19907       2.6105
14     -4.41006      3.11736
17      12.2448      2.90537
6      15.8884      10.5555
13      5.19907       2.6105
14     -4.42514       3.0832
17      12.2448      2.90537
6      15.8884      10.5555
13      5.14967      2.66285
14     -4.39326       3.1443
17      12.2448      2.90537
6      15.8884      10.5555
13      5.11685      2.76575
14     -4.37185      3.17435
17      12.2448      2.90537
6      15.8884      10.5555
13      5.10515      2.80357
14     -4.45041      3.06998
17      12.2448      2.90537
6      15.8884      10.5555
13      5.39344      2.24629
14     -4.42081      3.12852
17      12.2448      2.90537
6      15.8884      10.5555
13      5.36926      2.27045
14     -4.54183      2.96237
17      12.2448      2.90537
6      15.8884      10.5555
13      5.32524        2.316
14     -4.47624      3.06783
17      12.2448      2.90537
6      15.8884      10.5555
13      5.34019      2.23528
14     -4.56404      2.95756
17      12.2448      2.90537
6      15.8884      10.5555
13      5.34019      2.23528
14     -4.63707      2.87843
17      12.2448      2.90537
6      15.8884      10.5555
13      5.40676      2.01942
14     -4.74713      2.73265
17      12.2448      2.90537
6      15.8884      10.5555
13      5.48159      1.78245
14     -4.81806      2.63715
17      12.2448      2.90537
6      15.8884      10.5555
13       5.4961      1.61929
14     -4.80121      2.65912
17      12.2448      2.90537
6      15.8884      10.5555
13       5.4961      1.61929
14     -4.88904      2.51712
17      12.2448      2.90537
6      15.8884      10.5555
13      5.47268      1.70079
14     -4.91053      2.49632
17      12.2448      2.90537
6      15.8884      10.5555
13      5.47797      1.62486
14     -4.96469      2.38664
17      12.2448      2.90537
6      15.8884      10.5555
13      5.37952      1.91691
14      -4.9138      2.47998
17      12.2448      2.90537
6      15.8884      10.5555
13      5.34275      1.99154
14     -4.72413      2.88627
17      12.2448      2.90537
6      15.8884      10.5555
13      5.32623      2.02936
14     -4.69156       2.9486
17      12.2448      2.90537
6      15.8884      10.5555
13      5.32623      2.02936
14      -4.6112      3.10106
17      12.2448      2.90537
6      15.8884      10.5555
13      5.36088      1.91752
14     -4.59415      3.13227
17      12.2448      2.90537
6      15.8884      10.5555
13      5.36615      1.89705
14     -4.58172        3.137
17      12.2448      2.90537
6      15.8884      10.5555
13      5.36615      1.89705
14     -4.46909      3.30701
17      12.2448      2.90537
6      15.8884      10.5555
13      5.36615      1.89705
14      -4.4417      3.33562
17      12.2448      2.90537
6      15.8884      10.5555
13      5.36615      1.89705
14     -4.36167      3.43511
17      12.2448      2.90537
6      15.8884      10.5555
13      5.36615      1.89705
14     -4.31786      3.48727
17      12.2448      2.90537
6      15.8884      10.5555
13      5.36615      1.89705
14      -4.2788      3.52222
17      12.2448      2.90537
6      15.8884      10.5555
13      5.36615      1.89705
14     -4.21941      3.58431
17      12.2448      2.90537
6      15.8884      10.5555
13      5.36615      1.89705
14     -4.21187      3.58973
17      12.2448      2.90537
6      15.8884      10.5555
13      5.36615      1.89705
14     -4.19466      3.59032
17      12.2448      2.90537
6      15.8884      10.5555
13      5.36615      1.89705
14     -4.31145      3.44715
17      12.2448      2.90537
6      15.8884      10.5555
13      5.36615      1.89705
14     -4.30461      3.45177
17      12.2448      2.90537
6      15.8884      10.5555
13      5.36615      1.89705
14     -4.30461      3.45177
17      12.2448      2.90537
6      15.8884      10.5555
13      5.36615      1.89705
14     -4.30461      3.45177
17      12.2448      2.90537
6      15.8884      10.5555
13      5.36615      1.89705
14     -4.30461      3.45177
17      12.2448      2.90537
6      15.8884      10.5555
13      5.36615      1.89705
14     -4.30461      3.45177
17      12.2448      2.90537
6      15.8884      10.5555
13      5.36615      1.89705
14     -4.30461      3.45177
17      12.2448      2.90537
6      15.8884      10.5555
13      5.36615      1.89705
14     -4.30461      3.45177
17      12.2448      2.90537
6      15.8884      10.5555
13      5.36615      1.89705
14     -4.30461      3.45177
17      12.2448      2.90537
6      15.8884      10.5555
13      5.36615      1.89705
14     -4.30461      3.45177
17      12.2448      2.90537
6      15.8884      10.5555
13      5.36615      1.89705
14     -4.30461      3.45177
17      12.2448      2.90537
6      15.8884      10.5555
13      5.36615      1.89705
14     -4.30461      3.45177
17      12.2448      2.90537
6      15.8884      10.5555
13      5.36615      1.89705
14     -4.30461      3.45177
17      12.2448      2.90537
6      15.8884      10.5555
13      5.36615      1.89705
14     -4.30461      3.45177
17      12.2448      2.90537
6      15.8884      10.5555
13      5.36615      1.89705
14     -4.31479      3.43412
17      12.2448      2.90537
6      15.8884      10.5555
13      5.36615      1.89705
14     -4.31568      3.42439
17      12.2448      2.90537
6      15.8884      10.5555
13      5.36615      1.89705
14      -4.2706      3.47597
17      12.2448      2.90537
6      15.8884      10.5555
13      5.36615      1.89705
14     -4.26824      3.47907
17      12.2448      2.90537
6      15.8884      10.5555
13      5.36615      1.89705
14     -4.15835      3.60262
17      12.2448      2.90537
6      15.8884      10.5555
13      5.36615      1.89705
14     -4.07162      3.69941
17      12.2448      2.90537
6      15.8884      10.5555
13      5.36615      1.89705
14     -4.06521      3.69368
17      12.2448      2.90537
6      15.8884      10.5555
13      5.36615      1.89705
14     -3.96544      3.79602
17      12.2448      2.90537
6      15.8884      10.5555
13      5.36615      1.89705
14     -3.98324      3.76991
17      12.2448      2.90537
6      15.8884      10.5555
13      5.36615      1.89705
14     -4.08345      3.65704
17      12.2448      2.90537
6      15.8884      10.5555
13      5.36615      1.89705
14     -4.07453      3.65233
17      12.2448      2.90537
6      15.8884      10.5555
13      5.36615      1.89705
14     -4.03743      3.66338
17      12.2448      2.90537
6      15.8884      10.5555
13      5.36615      1.89705
14     -3.96871      3.70997
17      12.2448      2.90537
6      15.8884      10.5555
13      5.36615      1.89705
14     -3.99987      3.65402
17      12.2448      2.90537
6      15.8884      10.5555
13      5.36615      1.89705
14     -4.06814      3.55743
17      12.2448      2.90537
6      15.8884      10.5555
13      5.36615      1.89705
14     -4.05614      3.53704
17      12.2448      2.90537
5     -14.6834      8.85126
6      15.8884      10.5555
13       5.3186      1.98875
14      -4.0535      3.50052
17      12.2448      2.90537
5     -14.6834      8.85126
6      15.8884      10.5555
13       5.3508      1.88845
14      -4.0951      3.41855
17      12.2448      2.90537
5     -15.3641      9.26157
11     -15.4538       14.476
6      15.8884      10.5555
13      5.34624       1.8549
14     -4.12649      3.34122
17      12.2448      2.90537
5     -15.3641      9.26157
11     -15.4538       14.476
6      15.8884      10.5555
13      5.34624       1.8549
14     -4.14574      3.27258
17      12.2448      2.90537
5     -15.3641      9.26157
11     -15.4538       14.476
7     -11.4869      8.72209
6      15.8884      10.5555
13      5.18303      2.28279
14     -4.18184      3.18033
17      12.2448      2.90537
5     -15.3641      9.26157
11     -15.4333      14.4521
7     -11.4578          8.7
6      15.8884      10.5555
13      5.15623      2.31954
14     -4.24943      3.04448
17      12.2448      2.90537
5     -15.3641      9.26157
11     -15.4136      14.4011
7     -11.4578          8.7
6      15.8884      10.5555
13      5.15623      2.31954
14     -4.27436      2.95289
17      12.2448      2.90537
5     -15.3641      9.26157
11     -15.3929      14.3291
7     -11.4433      8.68896
6      15.8884      10.5555
13      5.13215      2.34248
14     -4.34913      2.78823
17      12.2448      2.90537
5     -15.3641      9.26157
11     -15.3984      14.3036
7      -11.429      8.67627
6      16.2409      9.97742
13      5.19478      2.09118
14     -4.42017      2.61403
17      12.2812      2.35678
5     -15.3642      9.26157
11     -15.3896       14.232
7     -11.4139      8.66264
6      16.2896      9.78759
13      5.20615      2.00186
14      -4.4996      2.43945
17      12.2844      2.19357
5     -15.3666      9.26933
11     -15.3896       14.232
7     -11.3988      8.62924
6      16.3607      9.53359
13      5.21562      1.88084
14     -4.43427      2.52492
17      12.2844      2.19357
5     -15.3707      9.27376
11     -15.3896       14.232
7     -11.3858      8.51614
6      16.4043      9.26742
13      5.10163      2.21135
14     -4.53156      2.24844
17      11.9662      3.33111
5     -15.3733      9.28752
11     -15.3896       14.232
7     -11.3806       8.3099
6      16.4043      9.26742
13      5.04802      2.30629
14     -4.57485      2.07828
17      11.9082      3.39672
5     -15.3733      9.28752
11     -15.3896       14.232
7     -11.3771      8.07716
6      16.4043      9.26742
13      4.99522      2.40314
14      -4.6157      1.86343
17      11.9635      2.87161
5     -15.3733      9.28752
11     -15.3896       14.232
7     -11.3655      7.90459
6      16.4043      9.26742
13      5.06246      2.07824
14      -4.6321       1.7179
17      11.7383      3.59226
5     -15.3733      9.28752
11     -15.3896       14.232
7     -11.3776      7.73271
6      16.4043      9.26742
13      4.85679       2.3803
14     -4.64389      1.53161
17      11.6898      3.47693
5     -15.3733      9.28752
11     -15.3896       14.232
7     -11.3812      7.35823
6      16.4043      9.26742
13      4.71039      2.36591
14     -4.60677      1.62103
17      11.7699      3.34359
5     -15.3733      9.28752
11     -15.3896       14.232
7     -11.4023      6.98852
6      16.4043      9.26742
13      4.66761      2.21932
14     -4.52045      1.95472
17      11.7559      3.11653
5     -15.3733      9.28752
11     -15.3896       14.232
7     -11.4146      6.63967
6       16.106       9.5152
13      4.31864      2.50394
14     -4.51788      1.93254
17      11.7542      2.78035
5     -15.3733      9.28752
7     -11.3823      6.73968
10      8.68177       7.6566
6      16.0497      9.41777
13      4.01773      2.77824
14     -4.50451      1.96621
17      11.7404      2.84838
5     -15.3733      9.28752
7     -11.2201      7.53477
10      8.68177       7.6566
6      16.0106       9.3007
13       3.8642      2.79904
14     -4.40897       2.1498
17      11.7173      2.71989
5     -15.3733      9.28752
7     -11.2005      7.55795
10      8.60678      7.59082
6      16.0106       9.3007
13      3.70711        2.798
14     -4.30184       2.3576
17      11.7056      2.52837
7     -11.1749      7.49773
10      8.52735      7.50491
6      16.0106       9.3007
13      3.47762      2.88613
14     -4.18336       2.5616
17      11.6924      2.32763
7     -11.3523      7.18121
10      8.44561      7.42384
6      16.0106       9.3007
13      3.32826      2.89822
14     -4.05824      2.72363
17      11.6778      2.11767
7     -11.3459      7.15191
10      8.36641       7.3321
12     -1.14764      8.39583
6      16.0106       9.3007
13      3.10658      2.96357
14     -4.00116      2.74382
17      11.6778      2.11767
7     -11.3549      7.00952
10      8.35275       7.3021
12     -1.14764      8.39583
6      16.0106       9.3007
13      2.87792      3.00921
14     -3.99399      2.68841
17      11.6701      2.01039
7     -11.3549      7.00952
10       8.2887      7.20313
12     -1.14764      8.39583
6      16.0106       9.3007
13      2.72627      3.04393
14     -3.93121      2.72434
17      11.6701      2.01039
7     -11.3597      6.93258
10      8.23775      7.08348
12     -1.14552      8.38034
6      16.0106       9.3007
13      2.43813      3.17825
14     -3.92081      2.68038
17      11.6701      2.01039
7     -11.3644      6.85565
10      8.17732      6.96401
12      -1.1434      8.36485
6      16.0106       9.3007
13      2.15156      3.29553
14     -3.94626      2.59524
17      11.6682      1.98357
7     -11.3644      6.85565
10      8.11732      6.88858
12     -1.14129      8.34936
6      16.0106       9.3007
13      1.93782      3.33898
14     -3.87622      2.64331
17      11.6663      1.95675
7     -11.3644      6.85565
10      8.06297      6.79169
12     -1.13917      8.33387
6      16.0106       9.3007
13      1.77239      3.34777
14     -3.84693      2.59471
17      11.6663      1.95675
7     -11.3656      6.83641
10      8.06297      6.79169
12     -1.13705      8.31838
6      16.0106       9.3007
13      1.52436      3.38172
14     -3.81012      2.57183
17      11.6663      1.95675
7     -11.3656      6.83641
10      8.00284      6.76264
12     -1.14603      8.18753
9      48.4564      38.7166
6      15.5758       10.057
13       1.2417      3.41948
14     -3.73657      2.59148
17        11.54      2.15447
7     -11.3656      6.83641
10      7.92452      6.76496
12     -1.14037      8.08362
9      48.4564      38.7166
8       28.732      38.1229
6      15.5768       10.105
13      1.05863       3.4148
14     -3.69338      2.55416
17      11.5198      2.16291
7     -11.3656      6.83641
10      7.53178      7.17711
12     -1.10598      8.07778
9      48.0017      38.3533
8       28.732      38.1229
15      19.2205       21.458
6      15.9059      9.58815
13     0.941456      3.38445
14      -3.7099      2.44885
17      11.5198      2.16291
7     -12.3958      5.18059
10      7.43518      7.20079
12     -1.04843      8.02757
9      48.0017      38.3533
8      28.7047      38.0868
15      19.2205       21.458
1      21.8141       5.5853
6      15.6153      10.1028
13     0.696144      3.37316
14     -3.72257      2.35824
17      11.3936      2.48752
7     -12.5101      4.93094
10      7.27045      7.29577
12    -0.902575      8.00959
9      48.0017      38.3533
8      28.6733      38.0372
15      19.1913      21.4253
1      21.8141       5.5853
16      23.3915      28.4169
6      15.1242      11.0099
13     0.549066      3.35267
14     -3.70898      2.28401
17      11.3706      2.47019
7     -12.5101      4.93094
10      7.15449        7.324
12    -0.806424      7.97169
9      48.0017      38.3533
8      28.6278      38.0043
15      19.1593      21.4128
1      21.7845      5.57771
16      23.3915      28.4169
6      15.0052      11.1451
13     0.376485       3.3382
14     -3.67378      2.22278
17      11.3706      2.47019
7     -12.5101      4.93094
10      7.15449        7.324
12    -0.815952      7.98024
9      48.0017      38.3533
8      28.5934      37.9959
15       19.129      21.4057
1      21.7548      5.57012
16      23.9421      29.0859
18      18.1394       34.874
6      15.0052      11.1451
13      0.32442      3.32368
14     -3.64061      2.20504
17      11.3706      2.47019
7     -12.5101      4.93094
10      6.91967      7.55677
12    -0.792161      8.00038
9      48.0017      38.3533
8      28.5934      37.9959
15      19.0987      21.4095
1      21.7548      5.57012
16      23.9421      29.0859
18      18.1394       34.874
6      14.3363      12.5475
13     0.173213      3.30386
14     -3.68369      2.01678
17      11.3706      2.47019
7     -12.5101      4.93094
10       6.8368      7.60492
12    -0.752749      7.98345
9      48.0017      38.3533
8      28.5934      37.9959
15      19.0984      21.3869
1      21.7548      5.57012
16      23.9421      29.0859
18      18.1277      34.8541
0      12.9462      35.3667
6       14.111      12.9471
13     0.272578      3.28983
14     -3.66447      1.95046
17      11.3706      2.47019
7     -12.5101      4.93094
10       6.8368      7.60492
12    -0.701569       7.9545
9      48.0017      38.3533
8      28.5973      37.9852
15      19.0778      21.3705
1      21.7457       5.5485
16      23.9421      29.0859
18      18.1215      34.8291
0      12.9462      35.3667
4      3.5872      1.8733
6      13.7276      13.5083
13     0.126621      3.24997
14     -3.57475      1.97901
17      11.3706      2.47019
7     -12.5101      4.93094
10      6.79498      7.63009
12    -0.630981      7.94521
9      48.0017      38.3533
8       28.598       37.961
15       19.045      21.3667
1      21.7398      5.51728
16      23.9421       29.087
18      18.1047      34.8101
0      12.9462      35.3667
4      3.5872      1.8733
2      10.6637      26.0364
6      13.4837      13.8432
13     0.199049       3.2318
14     -3.63376      1.73571
17      11.3706      2.47019
7     -12.5101      4.93094
10      6.79498      7.63009
12    -0.274222      7.98792
9      48.0017      38.3533
8       28.598       37.961
15      19.0203      21.3567
1      21.7398      5.51728
16      23.9764      29.1338
18      18.0931      34.7888
0      12.9443      35.3585
4      3.5872      1.8733
2      10.6637      26.0364
6      13.2075       14.194
13     0.216868      3.20785
14     -3.65759      1.56893
17      11.3706      2.47019
7     -12.5101      4.93094
10      6.77406      7.64267
12    -0.259224      7.96236
8      28.5964      37.9466
15      18.9991      21.3445
1      21.7398      5.51728
16      24.0108       29.183
18      18.0814      34.7689
0      12.9419       35.342
4      3.5872      1.8733
2      10.6637      26.0364
6      12.9174       14.535
13     0.166186      3.18357
14     -3.71961      1.27877
17      11.3706      2.47019
7     -12.5101      4.93094
10       6.4023      7.94122
12     0.344541      8.03153
8      28.5958      37.9232
15      18.9678      21.3546
1      21.7398      5.51728
16      24.0108       29.183
18      18.0703      34.7508
0      12.9372      35.3257
4      3.5818      1.8644
2      10.6578      26.0224
6      12.4795       15.048
13    0.0500229      3.16623
14     -3.65602      1.28593
17      11.3706      2.47019
10      6.35805      7.91844
12     0.279354      7.99707
8      28.5958      37.9232
15      18.9513      21.3339
1      21.7434      5.54832
16      24.0108       29.183
18      18.0588       34.734
0      12.9341      35.3051
4      3.5728      1.8207
2      10.6525      26.0079
19      8.90008      20.0186
6      12.2731       15.205
13    0.0345015      3.13394
14     -3.66166      1.11677
17      11.3706      2.47019
10      6.35805      7.91844
12     0.419937      8.03748
8      28.5958      37.9232
15      18.9344      21.3058
1      21.7459      5.57963
16      24.0108       29.183
18      18.0472      34.7186
0       12.931      35.2822
4      3.5642      1.7538
2      10.6473      25.9959
19      8.90008      20.0186
6      11.8479      15.6015
13   -0.0415332      3.10086
14     -3.63865      1.02257
17      11.3706      2.47019
10      6.35805      7.91844
12     0.555504      8.00742
8      28.5958      37.9232
15      18.9344      21.3058
1      21.7459      5.57963
16      24.0108       29.183
18      18.0481      34.6862
0      12.9181      35.2691
4      3.5547      1.6587
2        10.64       25.985
19      8.90008      20.0186
6      11.7013      15.7093
13   -0.0864423      3.07205
14     -3.63979     0.859704
17      11.3706      2.47019
10      6.35805      7.91844
12    0.0813231      8.06724
8      28.5958      37.9232
15      18.9344      21.3058
1      21.7459      5.57963
16      24.0108       29.183
18      18.0481      34.6575
0      12.8429      35.2822
4        3.55      1.5974
2       10.614      26.0093
19      8.90007      20.0186
6      11.1627      16.1415
13   -0.0949303      3.04454
14     -3.64601     0.667544
17      11.3706      2.47019
10      6.35805      7.91844
12    0.0276504      8.08594
8      28.5958      37.9232
15      18.9344      21.3058
1      21.7459      5.57963
16      24.0108       29.183
18      18.0481      34.6575
0      12.7734      35.2887
4      3.5535      1.4917
2      10.6036      26.0131
19      8.90007      20.0186
3       7.1302      37.3533
6      10.7452      16.4393
13     -0.13765      3.00876
14     -3.59375     0.831263
17      11.3706      2.47019
10      6.35805      7.91844
12    -0.145904      8.09259
8      28.5958      37.9232
15      18.9344      21.3058
1      21.7459      5.57963
16      24.0108       29.183
18      18.0481      34.6575
0      12.7481       35.273
4      3.5481      1.3653
2      10.6036      26.0131
19      8.90007      20.0186
3       7.1302      37.3533
6      10.4481      16.5627
13    -0.172484       2.9726
14     -3.55574     0.835192
17      11.3706      2.47019
10      6.35805      7.91844
12    -0.342354      8.10242
8      28.5958      37.9232
15      18.9344      21.3058
1      21.7459      5.57963
16      24.0108       29.183
18      18.0481      34.6575
0      12.7215      35.2583
4      3.5573      1.1923
2      10.6036      26.0131
19      8.90007      20.0186
3       7.1302      37.3533
6      10.1157      16.8242
13    -0.150429      2.94593
14     -3.48536     0.900006
17      11.3262      2.82743
10      6.35805      7.91844
12    -0.453738      8.09402
8      28.5958      37.9232
15      18.9344      21.3058
1      21.7459      5.57963
16      24.0108       29.183
18      18.0481      34.6575
0      12.6926       35.242
4      3.5344      1.1314
2      10.6036      26.0131
19      8.90007      20.0186
3      7.12844      37.3404
6      10.0878      16.8575
13   -0.0836366      2.92533
14     -3.43927     0.834554
17       11.317      2.93344
10      6.35805      7.91844
12    -0.536638      8.08142
8      28.5958      37.9232
15      18.9344      21.3058
1      21.7459      5.57963
18      18.0481      34.6575
0      12.6926       35.242
4      3.4854      1.1809
2      10.6036      26.0131
19      8.90007      20.0186
3      7.12664      37.3172
6      9.73423      17.0603
13   -0.0600867      2.89386
14      -3.3955     0.804114
17       11.317      2.93344
10      6.48246      7.82784
12    -0.678752      8.07689
15      18.9344      21.3058
1      21.7459      5.57963
18      18.0481      34.6575
0      12.6926       35.242
4      3.4947       1.002
2      10.6036      26.0131
19      8.89985      20.0186
3      7.12664      37.3172
6      9.73423      17.0603
13   -0.0874231      2.87284
14     -3.34707     0.755564
17       11.317      2.93344
10      6.49656      7.84199
12    -0.827404      8.06599
1      21.7459      5.57963
18      18.0481      34.6575
0      12.6926       35.242
4      3.4231      1.1148
2      10.6036      26.0131
19      8.89963      20.0187
3      7.12664      37.3172
6      9.48699      17.1886
13   -0.0535904      2.87215
14     -3.22704      1.23486
17       11.317      2.93344
10      6.49656      7.84199
12    -0.920445      8.04345
18      18.0481      34.6575
0      12.6926       35.242
4      3.3839      1.1115
2      10.5988      26.0359
19      8.89897      20.0193
3      7.12664      37.3172
6      9.36955      17.2313
13   -0.0215506      2.88642
14     -3.15919      1.32987
17       11.317      2.93344
10      6.49656      7.84199
12     -1.04908      8.02513
18      18.0481      34.6575
0      12.6926       35.242
4      3.3567      1.0533
2      10.5978      26.0443
19      8.89863      20.0198
3      7.12664      37.3172
6      9.25062      17.2674
13    0.0282645      2.90257
14     -3.15919      1.32987
17       11.256      3.24641
10      6.46642      7.90302
12     -1.13909       8.0057
0      12.6926       35.242
4      3.3153      1.0964
2      10.5978      26.0443
19      8.89863      20.0198
3      7.12664      37.3172
6      9.07183      17.3687
13    0.0912913      2.88287
14     -3.12397      1.38208
17      11.2454      3.32654
10      6.52678      7.87521
12     -1.29204      7.96318
0      12.6926       35.242
4       3.299     0.94577
2      10.5881      26.0449
19      8.89863      20.0198
3      7.12664      37.3172
6      8.86203      17.4945
13     0.144979      2.85581
14     -3.04444      1.68675
17      11.2454      3.32654
10      6.53115       7.9104
12     -1.46321      7.91982
0      12.6926       35.242
4      3.2616     0.92797
2      10.5864       26.044
19      8.89863      20.0198
3      7.12664      37.3172
11      4.77119      28.2234
6      8.75807      17.5312
13     0.245504      2.83148
14     -3.01875      1.65179
17      11.0252      4.42621
10      6.51732      7.93051
12     -1.58828      7.87204
0      12.6926       35.242
4      3.2337      1.0497
2      10.5864       26.044
19      8.89863      20.0198
3      7.12664      37.3172
11      4.77119      28.2234
6      8.73697       17.538
13     0.302208      2.81973
14     -2.97984      1.78981
17      10.8425      5.48988
10      6.51841      7.95906
12     -1.73813      7.82434
4      3.2011      1.0707
2      10.5864       26.044
19      8.89863      20.0198
3      7.12664      37.3172
11      4.77119      28.2234
6      8.85258      17.4924
13     0.379523      2.77135
14     -2.94078      1.94327
17      10.5966      6.64109
10       6.2226      8.26317
12     -1.88034      7.76557
4      3.2011      1.0707
2      10.5864       26.044
19      8.89863      20.0198
11      4.77119      28.2234
6      8.94753      17.4119
13     0.915304      2.62622
14     -2.90158      2.11216
17      10.4275      7.20348
10      5.92432      8.56453
12     -2.03042      7.70094
4      3.2011      1.0707
2      10.5864       26.044
19      8.89863      20.0198
11      4.77119      28.2234
6      8.91123      17.3739
13     0.974653      2.53465
14     -2.90611      2.08278
17      10.2423      7.72037
10      5.67396      8.83598
12     -2.09396      7.66738
4      3.2011      1.0707
2      10.5864       26.044
19      8.89863      20.0198
11      4.77119      28.2234
6       8.6289      17.3972
13      1.00873      2.45821
14     -2.81694       2.2245
17      10.1169      7.88571
10      5.56824      8.94894
12      -1.9841      7.68364
4      3.2011      1.0707
2      10.5864       26.044
19      8.89863      20.0198
11      4.77119      28.2234
6      8.06013       17.582
13     0.996354      2.42701
14     -2.77747      2.33475
17      10.1202      7.94092
10      5.13533      9.32989
12     -2.12024      7.62756
4      3.2011      1.0707
2      10.5864       26.044
11      4.77119      28.2234
5       2.7932      19.9864
6      7.94282      17.6651
13      0.99936      2.38219
14     -2.57382      2.48592
17      10.0552      8.04383
10      4.76035      9.64925
12     -2.26242      7.56819
4      3.2011      1.0707
2      10.5864       26.044
11      4.77119      28.2234
5       2.7932      19.9864
6      7.82285      17.7521
13      1.11425      2.29864
14     -2.51341       2.5782
17      10.0552      8.04383
10      4.61022      9.74746
12     -2.41061      7.50555
4      3.2011      1.0707
2      10.5864       26.044
11      4.77119      28.2234
5      2.79601      20.0065
9     -11.6274      10.6995
6      7.66207      17.8513
13      1.11354      2.28229
14     -2.35541      2.76191
17      10.0552      8.04383
10      4.45333      9.84231
12     -2.56484      7.43962
4      3.2011      1.0707
11      4.77121      28.2354
5      2.79619      20.0348
9     -11.6274      10.6995
7     -2.80943      29.8353
6      7.53332      17.9557
13      1.20248      2.20995
14     -2.27939      2.87281
17      10.0552      8.04383
10      4.45333      9.84231
12     -2.72508      7.37041
4      3.2011      1.0707
11      4.77127      28.2624
5      2.78995      20.0632
9     -11.6411      10.7149
7     -2.80943      29.8353
6      7.53332      17.9557
13      1.26737      2.14909
14     -2.20098      2.98376
17      10.0552      8.04383
10      4.37321      9.88889
12     -2.65259      7.50994
11      4.77127      28.2624
5       2.7864      20.0914
9      -11.655      10.7342
7     -2.80943      29.8353
16      18.4825      10.7939
6      7.67199      17.9273
13      1.35363      2.07036
14     -2.02761       2.9475
17      10.1037      8.02976
10      4.37321      9.88889
12     -2.80463      7.48641
11      4.77127      28.2624
5       2.7647      20.1257
9     -11.6689      10.7576
7     -2.80943      29.8353
16      18.4825      10.7939
6      7.65228      17.9595
13      1.44072       1.9867
14     -1.94306       2.8906
17       10.111      8.06895
10      4.37321      9.88889
12     -2.80463      7.48641
11      4.77127      28.2624
5      2.75202      20.1575
9     -11.6668      10.7646
7     -2.80943      29.8353
16      18.5046      10.8063
8     -3.51293      16.6741
6      7.65228      17.9595
13      1.47593      1.93035
14     -1.66289      2.76602
17       10.111      8.06895
10      4.37321      9.88889
12     -2.61277       7.6006
11      4.77127      28.2624
5      2.74421      20.1858
9     -11.6709      10.7917
7     -2.80943      29.8353
16      18.5268      10.8189
8     -3.51293      16.6741
6      7.64258      17.9763
13      1.55549      1.83918
14     -1.61449      2.77522
17      10.2245      7.92931
10      4.37321      9.88889
12     -3.10808      7.58977
11      4.77127      28.2624
5      2.73305       20.233
9     -11.6769      10.8322
7     -2.81012      29.8436
16      18.5491      10.8324
8     -3.52163       16.715
6      8.08405       17.845
13      1.55549      1.83918
14      -1.5478      2.73484
17      10.2452      7.96653
10      4.37321      9.88889
12     -3.34495      7.57012
11      4.77127      28.2624
5      2.73981      20.2758
9     -11.6875      10.8643
7     -2.81141      29.8611
16      18.5714      10.8461
8      -3.5306      16.7423
15     -11.3465       37.191
6      8.12553      17.8621
13      1.55549      1.83918
14     -1.43376      2.63011
17      10.2452      7.96653
10      4.37321      9.88889
12     -3.56285      7.56275
11      4.77127      28.2624
5      2.73304       20.325
9     -11.7029      10.8873
7     -2.81474      29.8801
16      18.5699      10.8524
8     -3.53882      16.7683
15     -11.3465       37.191
6      8.50821      17.7175
13      1.55549      1.83918
14     -1.40866      2.45714
17      10.2559       7.9872
12     -3.97739      7.45535
11      4.77127      28.2624
5      2.73304       20.325
9     -11.7114      10.9389
7     -2.81656      29.9059
16      18.5806      10.8626
8     -3.55692      16.7932
15     -11.3556      37.2209
1     -7.46441      22.6638
6      8.48728      17.7249
13      1.55549      1.83918
14     -1.23456      2.42685
17      10.2559       7.9872
12     -4.03141      7.45575
11      4.77127      28.2624
5      2.73304       20.325
9     -11.7202        10.99
7     -2.81656      29.9059
16      18.5743      10.9809
8     -3.57866      16.8183
15     -11.3556      37.2209
1     -7.46441      22.6638
6      8.66065      17.6523
13      1.55549      1.83918
14     -1.18721      2.41953
17      10.2559       7.9872
12     -4.14649      7.41672
5      2.73133       20.338
9     -11.6822      11.0442
7     -2.81656      29.9059
16      18.5737      11.0361
8     -3.62905      16.8375
15     -11.3555       37.221
1     -7.47343      22.6927
6      9.09243      17.4705
13      1.55549      1.83918
14     -1.17089       2.3187
17      10.2559       7.9872
12     -4.26473      7.37167
5      2.73133       20.338
9     -11.6801      11.0888
7     -2.81656      29.9059
16       18.658      10.9252
8     -3.70468      16.8523
15     -11.3553      37.2211
1     -7.46547      23.2622
6      10.0373      17.0279
13      1.55549      1.83918
14     -1.07383      2.32298
17      10.2559       7.9872
12     -4.28594      7.37968
5      2.73133       20.338
9     -11.5701      11.2259
7     -2.81656      29.9059
16       18.652      10.9799
8     -3.86728      16.8498
15     -11.3553      37.2211
1     -7.60554      23.2432
6      10.6877      16.6979
13      1.55549      1.83918
14     -1.08942      2.30551
17      10.2559       7.9872
12     -4.22009      7.42879
5      2.73133       20.338
9     -11.4078      11.4505
7     -2.81656      29.9059
16      18.7217      10.9094
8     -4.05971      16.8359
15     -11.3558      37.2211
1     -7.65529      23.4564
6      10.8712      16.5673
13      1.55549      1.83918
14     -1.09544      2.33422
17      10.2559       7.9872
12     -4.31145      7.40128
5      2.73133       20.338
9     -11.2814      11.6329
7     -2.81656      29.9059
16      18.8561      10.7252
8     -4.13617      16.8379
15      -11.359      37.2385
1     -7.65529      23.4564
6      11.1228      16.4397
13      1.55549      1.83918
14     -1.12673       2.3862
17      10.2559       7.9872
12     -4.04892      7.58525
5      2.75196       20.368
9     -10.9338       12.033
7     -2.81656      29.9059
16      18.9652      10.5885
8     -4.22057      16.8524
15     -11.3602      37.2526
1      -7.6802      23.4758
18     -13.2992      17.6851
6      11.3877      16.2541
13      1.55549      1.83918
14     -1.14185       2.4588
17      10.2559       7.9872
12     -4.22556      7.50015
5      2.75474      20.3912
9     -10.8273      12.1711
7     -2.81656      29.9059
16      19.0289      10.5288
8     -4.32704      16.8585
15     -11.3602      37.2526
1     -7.72073      23.5091
18     -13.2992      17.6851
6      11.5969      16.1436
13      1.55549      1.83918
14     -1.14011      2.52064
17      10.2559       7.9872
12     -3.41257       8.0176
5      2.80646      20.3972
9     -10.7135      12.3135
7     -2.81656      29.9059
16      18.9874      10.6403
8     -4.52083      16.8401
15     -11.3602      37.2526
1     -7.74874      23.5279
18     -13.2992      17.6851
0         23.5      21.8565
6      12.0158      15.8776
14     -1.18382      2.53411
17      10.2559       7.9872
12     -3.22233      8.12596
5      2.81459      20.4284
9     -10.5923      12.4602
16      19.0152      10.6791
8     -4.62828      16.8417
15     -11.3602      37.2526
1     -7.77686      23.5332
18     -13.3154      17.7067
0         23.5      21.8565
3     -18.1756      26.7157
6      12.2054      15.7808
14     -1.27002      2.53175
17      10.2559       7.9872
12      -3.0898      8.17782
5      2.81459      20.4284
9     -10.4638       12.611
16      19.0152      10.6791
8     -4.62828      16.8417
15     -11.3602      37.2526
1     -7.77686      23.5332
18     -13.3154      17.7067
0      23.5213      21.8778
3     -18.1756      26.7157
6      12.2054      15.7808
14     -1.31712      2.55386
17      10.2559       7.9872
12     -3.20432      8.13012
5      2.81459      20.4284
9     -10.3279      12.7661
16      19.0152      10.6791
8     -4.62828      16.8417
15     -11.3602      37.2526
1     -7.77686      23.5332
18     -13.3154      17.7067
0      23.5426      21.9016
3     -18.1917      26.7392
6      12.4294      15.6506
14     -1.45215      2.53624
17      10.2559       7.9872
12     -3.16717      8.16599
5      2.81459      20.4284
9      -10.099      13.0379
16      19.0152      10.6791
8     -4.62828      16.8417
15     -11.3602      37.2526
1     -7.77686      23.5332
18     -13.3154      17.7067
0      23.5426      21.9016
3     -18.1917      26.7392
6      12.5009       15.628
14     -1.51807      2.55288
17      10.2559       7.9872
12     -2.90019      8.29116
5      2.78532      20.4534
9     -10.0007      13.1622
16      18.9829      10.7546
8     -4.95403      16.8102
15     -11.3602      37.2526
1     -7.77686      23.5332
18     -13.3154      17.7067
0      23.5426      21.9016
3     -18.1917      26.7392
6      12.5009       15.628
14     -1.62077      2.55787
17      10.2559       7.9872
12     -2.81925      8.35059
5      2.78187      20.5206
9     -10.0007      13.1622
16      18.9778      10.7968
8     -5.00712      16.8593
15     -11.3602      37.2526
1     -7.77686      23.5332
18     -13.3154      17.7067
0      23.5426      21.9016
3     -18.1917      26.7392
6      12.5009       15.628
14     -1.77569      2.53528
17      10.2559       7.9872
12     -2.73214      8.41294
5      2.78187      20.5206
9     -10.0007      13.1622
16      18.9778      10.7968
8     -5.00712      16.8593
15     -11.3602      37.2526
1     -7.77686      23.5332
18     -13.3154      17.7067
0      23.5426      21.9016
3     -18.1917      26.7392
6      12.5009       15.628
14     -1.88637      2.51598
17      10.2559       7.9872
12     -2.63886      8.47821
5      2.78187      20.5206
9     -10.0007      13.1622
16      18.9778      10.7968
8     -5.00712      16.8593
1     -7.77686      23.5332
18     -13.3154      17.7067
0      23.5426      21.9016
3     -18.1917      26.7392
6      12.5009       15.628
14     -1.98836      2.51257
17      10.2559       7.9872
12     -2.48586      8.52913
5      2.78187      20.5206
9     -10.0007      13.1622
16      18.9778      10.7968
8     -5.00712      16.8593
1     -7.77686      23.5332
18     -13.3154      17.7067
0      23.5426      21.9016
3     -18.1917      26.7392
6      12.5009       15.628
14     -2.09831      2.49098
17      10.2559       7.9872
12     -2.46334      8.54949
5      2.78187      20.5206
9     -10.0007      13.1622
16      18.9778      10.7968
8     -5.00712      16.8593
18     -13.3154      17.7067
0      23.5426      21.9016
3     -18.1917      26.7392
6      12.5009       15.628
14     -2.23096      2.45601
17      10.2559       7.9872
12     -2.83858      8.44406
5      2.78187      20.5206
9     -10.0007      13.1622
16      18.9778      10.7968
8     -5.00712      16.8593
0      23.5426      21.9016
3     -18.1917      26.7392
6      12.5009       15.628
14     -2.43829      2.34146
17      10.2559       7.9872
12     -2.78317      8.48534
5      2.78187      20.5206
9     -10.0007      13.1622
16      18.9778      10.7968
8     -5.00712      16.8593
0      23.5426      21.9016
3     -18.1917      26.7392
6      12.5009       15.628
14      -2.6976      2.14944
17      10.2559       7.9872
12     -2.71926      8.52896
5      2.78187      20.5206
9     -10.0007      13.1622
16      18.9778      10.7968
8     -5.00712      16.8593
6      12.5009       15.628
14     -2.85657      2.03774
17      10.2559       7.9872
12     -2.65214      8.57203
5      2.78187      20.5206
9     -10.0007      13.1622
16      18.9778      10.7968
8     -5.00712      16.8593
6      12.5009       15.628
14     -3.04016       1.8621
17      10.2559       7.9872
12      -2.5818      8.61455
5      2.78187      20.5206
16      18.9778      10.7968
8     -5.00712      16.8593
6      12.5009       15.628
14     -3.23307      1.65672
17      10.2559       7.9872
12      -2.5818      8.61455
6      12.5009       15.628
14     -3.23307      1.65672
17      10.2559       7.9872
12     -2.37585      8.69744
6      12.5009       15.628
14     -3.23307      1.65672
17      10.2559       7.9872
12     -2.32354      8.73482
6      12.5009       15.628
14     -3.23307      1.65672
17      10.2559       7.9872
12     -2.32354      8.73482
6      12.5009       15.628
14     -3.23307      1.65672
17      10.2559       7.9872
12     -2.32354      8.73482
