0
0
0
0  1
0  1
0  1
0  1
0  1
0  1
0  1
0  1
0  1
0  1
0  1
0  1
0  1
0  1
0  1
0  1
0  1
0  1
0  1  2
0  1  2
0  1  2
1  2  3
1  2  3
1  2  3
1  2  3
1  2  3
1  2  3
1  2  3
1  2  3
1  2  3
1  2  3
1  2  3
1  2  3
1  2  3  4
1  2  3  4
1  2  3  4
1  2  3  4
1  2  3  4
1  2  3  4
1  2  3  4
1  2  3  4
1  2  3  4
1  2  3  4
1  2  3  4
1  2  3  4
1  2  3  4
1  2  3  4
1  2  3  4
1  2  3  4
1  2  3  4
1  2  3  4
1  2  3  4
1  2  3  4
1  2  3  4
1  2  3  4
1  2  3  4
1  2  3  4
1  2  3  4
1  2  3  4
1  2  3  4
1  2  3  4
1  2  3  4
1  2  3  4
1  2  3  4
1  2  3  4
1  2  3  4
1  2  3  4
1  2  3  4
1  2  3  4
1  2  3  4
1  2  3  4
1  2  3  4
1  2  3  4
1  2  3  4
1  2  3  4
1  2  3  4
1  2  3  4
1  2  3  4
1  2  3  4
1  2  3  4
1  2  3  4
1  2  3
1  2  3
1  2  3
1  2  3
1  2  3
1  2  3
1  2  3
1  2  3
1  2  3
1  2  3
1  2  3
1  2  3
1  2  3  5
1  2  3  5
1  2  3  5
1  2  3  5
1  2  3  5
1  2  3  5
1  2  3  5
1  2  3  5
1  2  3  5
1  2  3  5
1  2  3  5
1  2  3  5
1  2  3  5
1  2  3  5
1  2  3  5
1  2  3  5
1  2  5
1  2  5
1  2  5
1  5
1  5
1  5
1  5
1  5
1  5
1  5
1  5
1  5
1  5
1  5
1  5
1  5
1  5
1  5
1  5
1  5
1  5
1  5
1  5
1  5
1  5
1
1
1
1
1  6
1  6
1  6
1  6
1  6
1  6
1  6
1  6
1  6
1  6
1  6
1  6
1  6
1  6
1  6
1  6
1  6
1  6
1  6
1  6
1  6
1  6
1  6
1  6
1  6
1  6
1  6
1  6
1  6
1  6
1  6
1  6
1  6
1  6
1  6
1  6
1  6
1  6
1  6
1  6
1  6
1  6
1  6
1  6
1  6
1  6
1  6
1  6
1  6  7
1  6  7
1  6  7
1  6  7
1  6  7
1  6  7
1  6  7
1  6  7
1  6  7
1  6  7
1  6  7
1  6  7
1  6  7  8
1  6  7  8
1  6  7  8
1  6  7  8
1  6  7  8  9
1  6  7  8  9
1  6  7  8  9
1  6  7  8  9
1  6  7  8  9
1  6  7  8  9
1  6  7  8  9
1  6  7  8  9
1  6  7  8  9
1  6  7  8  9
1  6  7  8  9
1  6  7  8  9
1  6  7  8  9
1  6  7  8  9
1  6  7  8  9
1  6  7  8  9
1  6  7  8  9
1  6  7  8  9
1  6  7  8  9
1  6  7  8  9
1  6  7  8  9
1  6  7  8  9
1  6  7  8  9
1  6  7  8  9
1  6  7  8  9
1   6   7   8   9  10
1   6   7   8   9  10
1   6   7   8   9  10
1   6   7   8   9  10
1   6   7   8   9  10
1   6   7   8   9  10
1   6   7   8   9  10  11
1   6   7   8   9  10  11
1   6   7   8   9  10  11
1   6   7   8   9  10  11
1   6   7   8   9  10  11
1   6   7   8   9  10  11
1   6   7   8   9  10  11
1   6   7   8   9  10  11
1   6   7   8   9  10  11
1   6   7   8   9  10  11
1   6   7   8   9  10  11
1   6   7   8   9  10  11
1   6   7   8   9  10  11
1   6   7   8   9  10  11
1   6   7   8   9  10  11  12
1   6   7   8   9  10  11  12
1   6   7   8   9  10  11  12
1   6   7   8   9  10  11  12
1   6   7   8   9  10  11  12
1   6   7   8   9  10  11  12
1   6   7   8   9  10  11  12
1   6   7   8   9  10  11  12
1   6   7   8   9  10  11  12
1   6   7   8   9  10  11  12
1   6   7   8   9  10  11  12
1   6   7   8   9  10  11  12
1   6   7   8   9  10  11  12
1   6   7   8   9  10  11  12
1   6   7   8   9  10  11  12
1   6   7   8   9  10  11  12
1   6   7   8   9  10  11  12  13
1   6   7   8   9  10  11  12  13
1   6   7   8   9  10  11  12  13
1   6   7   8   9  10  11  12  13
1   6   7   8   9  10  11  12  13
1   6   7   8   9  10  11  12  13
1   6   7   8   9  10  11  12  13
1   6   7   8   9  10  11  12  13
1   6   7   8   9  10  11  12  13
1   6   7   8   9  10  11  12  13
1   6   7   8   9  10  11  12  13
1   6   7   8   9  10  11  12  13
1   6   7   8   9  10  11  12  13
1   6   7   8   9  10  11  12  13
1   6   7   8   9  10  11  12  13
1   6   7   8   9  10  11  12  13
1   6   7   8   9  10  11  12  13
1   6   7   8   9  10  11  12  13
1   6   7   8   9  10  11  12  13
1   6   7   8   9  10  11  12  13
1   6   7   8   9  10  11  12  13
1   6   7   8   9  10  11  12  13
1   6   7   8   9  10  11  12  13
1   6   7   8   9  10  11  12  13
1   6   7   8   9  10  11  12  13
1   6   7   8   9  10  11  12  13
1   6   7   8   9  10  11  12  13
1   6   7   8   9  10  11  12  13
1   6   7   8   9  10  11  12  13
1   6   7   8   9  10  11  12  13
1   6   7   8   9  10  11  12  13
1   6   7   8   9  10  11  12  13
1   6   7   8   9  10  11  12  13
1   6   7   8   9  10  11  12  13
1   6   7   8   9  10  11  12  13
1   6   7   8   9  10  11  12  13
1   6   7   8   9  10  11  12  13
1   6   7   8   9  10  11  12  13
1   6   7   8   9  10  11  12  13
1   6   7   8   9  10  11  12  13
1   6   7   8   9  10  11  12  13
1   6   7   8   9  10  11  12  13
1   6   7   8   9  10  11  12  13
1   6   7   8   9  10  11  12  13
1   6   7   8   9  10  11  12  13
1   6   7   8   9  10  11  12  13
1   6   7   8   9  10  11  12  13
1   6   7   8   9  10  11  12  13
1   6   7   8   9  10  11  12  13
1   6   7   8   9  10  11  12  13
1   6   7   8   9  10  11  12  13
1   6   7   8   9  10  11  12  13
1   6   7   8   9  10  11  12  13
1   6   7   8   9  10  11  12  13
1   6   7   8   9  10  11  12  13  14
1   6   7   8   9  10  11  12  13  14
1   6   7   8   9  10  11  12  13  14
1   6   7   8   9  10  11  12  13  14
1   6   7   8   9  10  11  12  13  14
1   6   7   8   9  10  11  12  13  14
1   6   7   8   9  10  11  12  13  14
1   6   7   8   9  10  11  12  13  14
1   6   7   8   9  10  11  12  13  14
1   6   7   8   9  10  11  12  13  14
1   6   7   8   9  10  12  13  14
1   6   7   8   9  10  12  13  14
1   6   7   8   9  10  12  13  14
1   6   7   8   9  10  12  13  14
1   6   7   8   9  10  12  13  14
1   6   7   8   9  10  12  13  14
1   6   7   8   9  10  12  13  14
1   6   7   8   9  10  12  13  14
1   6   7   8   9  10  12  13  14
1   6   8   9  10  12  13  14
1   6   8   9  10  12  13  14
1   6   8   9  10  12  13  14
1   6   8   9  10  12  13  14
1   6   8   9  10  12  13  14
1   6   8   9  10  12  13  14
1   6   8   9  10  12  13  14
1   6   8   9  10  12  13  14
1   6   8   9  12  13  14
1   6   8   9  12  13  14
1   6   8   9  12  13  14
1   6   8   9  12  13  14
1   6   8   9  12  13  14
1   6   8   9  12  13  14
1   6   8   9  12  13  14
1   6   8   9  12  13  14
1   6   8   9  12  13  14
1   6   8   9  12  13  14
1   6   8   9  12  13  14
1   6   8   9  12  13  14
1   6   8   9  12  13  14
1   6   8   9  12  13  14
1   6   8   9  12  13  14
1   6   8   9  12  13  14
1   6   8   9  12  13  14
1   6   8   9  12  13  14
1   6   8   9  12  13  14
1   6   8   9  12  13  14
1   6   8   9  12  13  14
1   6   8   9  12  13  14
1   6   8   9  12  13  14
1   6   8   9  12  13  14
1   6   8   9  12  13  14
1   6   8   9  12  13  14
1   6   8   9  12  13  14
1   6   8   9  12  13  14
1   6   8   9  12  13  14  15
1   6   8   9  12  13  14  15
1   6   8   9  12  13  14  15
1   6   8   9  12  13  14  15
1   6   8   9  12  13  14  15
1   6   8   9  12  13  14  15
1   6   8   9  12  13  14  15
1   6   8   9  12  13  14  15
1   6   8   9  12  13  14  15
1   6   8   9  12  13  14  15
1   6   8   9  12  13  14  15
1   6   8   9  12  13  14  15
1   6   8   9  12  13  14  15
1   6   8   9  12  13  14  15
1   6   8   9  12  13  14  15
1   6   8   9  12  13  14  15
1   6   8   9  13  14  15
1   6   8   9  13  14  15
1   6   8   9  13  14  15
1   6   8   9  13  14  15
1   6   8   9  13  14  15
1   6   8   9  13  14  15
1   6   8   9  13  14  15
1   6   8  13  14  15
1   6   8  13  14  15
1   6   8  13  14  15
1   6   8  13  14  15
1   6   8  13  14  15
1   6   8  13  14  15
1   6   8  13  14  15
1   6   8  13  14  15
1   6   8  13  14  15
1   6   8  13  14  15
1   6   8  13  14  15
1   6   8  13  14  15
1   6   8  13  14  15
1   6   8  13  14  15
1   6   8  13  14  15
1   6   8  13  14  15
1   6   8  13  14  15
1   6   8  13  14  15
1   6  13  14  15
1   6  13  14  15
1   6  13  14  15
1   6  13  14  15
1   6  13  14  15
1   6  13  14  15
1   6  13  14  15
1   6  13  14  15
1   6  13  14  15
1   6  13  14  15
1   6  13  14  15
1   6  13  14  15
1   6  13  14  15
1   6  13  14  15
1   6  13  14  15
1   6  13  14  15
1   6  13  14  15
1   6  13  14  15
1   6  13  14  15
1   6  13  14  15
1   6  13  14  15  16
1   6  13  14  15  16
1   6  13  14  15  16
1   6  13  14  15  16
1   6  13  14  15  16
1   6  13  14  15  16
1   6  13  14  15  16
1   6  13  14  15  16
1   6  13  14  15  16
1   6  13  14  15  16
1   6  13  14  15  16
1   6  13  14  15  16
1   6  13  14  15  16
1   6  13  14  15  16
1   6  13  14  15  16
1   6  13  14  15  16
1   6  13  14  15  16
1   6  13  14  15  16
1   6  13  14  15  16
1   6  13  14  15  16
1   6  13  14  15  16
1   6  13  14  15  16
1   6  13  14  15  16
1   6  13  14  15  16
1   6  13  14  16
1   6  13  14  16
1   6  13  14  16
1   6  13  14  16
1   6  13  14  16
1   6  13  14  16
1   6  13  14  16
1   6  13  14  16
1   6  13  14  16
1   6  13  14  16
1   6  13  14  16
1   6  13  14  16
1   6  13  14  16
1   6  13  14  16
1   6  13  14  16
1   6  13  14  16
1   6  13  14  16
1   6  13  14  16
1   6  13  14  16
1   6  13  14  16
1   6  13  14  16
1   6  13  14  16
1   6  13  14  16
1   6  13  14  16
1   6  13  14  16
1   6  13  14  16
1   6  13  14  16
1   6  13  14  16
1   6  13  14  16
1   6  13  14  16
1   6  13  14  16
1   6  13  14  16
1   6  13  14  16
1   6  13  14  16
1   6  13  14  16
1   6  13  14  16
1   6  13  14  16
1   6  13  14  16
1   6  13  14  16
1   6  13  14  16
1   6  13  14  16
1   6  13  14  16
1   6  13  14  16
1   6  13  14  16
1   6  13  14  16
1   6  13  14  16  17
1   6  13  14  16  17
1   6  13  14  16  17
1   6  13  14  16  17
1   6  13  14  16  17
1   6  13  14  16  17
1   6  13  14  16  17
1   6  13  14  16  17
1   6  13  14  16  17
1   6  13  14  16  17
1   6  13  14  16  17
1   6  13  14  16  17
1   6  13  14  16  17
1   6  13  14  16  17
1   6  13  14  16  17
1   6  13  14  16  17
1   6  13  14  16  17
1   6  13  14  16  17
1   6  13  14  16  17
1   6  13  14  16  17
1   6  13  14  16  17
1   6  13  14  16  17
1   6  13  14  16  17
1   6  13  14  16  17
1   6  13  14  16  17
1   6  13  14  16  17
1   6  13  14  16  17
1   6  13  14  16  17
1   6  13  14  16  17
1   6  13  14  16  17
1   6  13  14  16  17
1   6  13  14  16  17
1   6  13  14  16  17
1   6  13  14  16  17
1   6  13  14  16  17
1   6  13  14  16  17
1   6  13  14  16  17
1   6  13  14  16  17
1   6  13  14  16  17
1   6  13  14  16  17
1   6  13  14  16  17
1   6  13  14  16  17
1   6  13  14  16  17
1   6  13  14  16  17
1   6  13  14  16  17
1   6  13  14  16  17
1   6  13  14  16  17
1   6  13  14  16  17
1   6  13  14  16  17
1   6  13  14  16  17
1   6  13  14  16  17
1   6  13  14  16  17
1   6  13  14  16  17
1   6  13  14  16  17
1   6  13  14  16  17
1   6  13  14  16  17
1   6  13  14  16  17
1   6  13  14  16  17
1   6  13  14  16  17
1   6  13  14  16  17
1   6  13  14  16  17
1   6  13  14  16  17
1   6  13  14  16  17
1   6  13  14  16  17
1   6  13  14  16  17
1   6  13  14  16  17
1   6  13  14  16  17
1   6  13  14  16  17
1   6  13  14  16  17
1   6  13  14  16  17
1   6  13  14  16  17
1   6  13  14  16  17
1   6  13  14  16  17
1   6  13  14  16  17
1   6  13  14  16  17
1   6  13  14  16  17
1   6  13  14  16  17
1   6  13  14  16  17
1   6  13  14  16  17
1   6  13  14  16  17
1   6  13  14  16  17
1   6  13  14  16  17
1   6  13  14  16  17
1   6  13  14  16  17
1   6  13  14  16  17
1   6  13  14  16  17
1   6  13  14  16  17
1   6  13  14  16  17
1   6  13  14  16  17
1   6  13  14  16  17
1   6  13  14  16  17
1   6  13  14  16  17
1   6  13  14  16  17
1   6  13  14  16  17
1   6  13  14  16  17
1   6  13  14  16  17
6  13  14  16  17
6  13  14  16  17
6  13  14  16  17
6  13  14  16  17
6  13  14  16  17
6  13  14  16  17
6  13  14  16  17
6  13  14  16  17
6  13  14  16  17
6  13  14  16  17
6  13  14  16  17
6  13  14  16  17
6  13  14  16  17
6  13  14  16  17
6  13  14  16  17
6  13  14  17
6  13  14  17
6  13  14  17
6  13  14  17
6  13  14  17  18
6  13  14  17  18
6  13  14  17  18
6  13  14  17  18
6  13  14  17  18
6  13  14  17  18
6  13  14  17  18
6  13  14  17  18
6  13  14  17  18
6  13  14  17  18
6  13  14  17  18
6  13  14  17  18
6  13  14  17  18
6  13  14  17  18
6  13  14  17  18
6  13  14  17  18
6  13  14  17  18
6  13  14  17  18
6  13  14  17  18
6  13  14  17  18
6  13  14  17  18
6  13  14  17  18
6  13  14  17  18
6  13  14  17  18
6  13  14  17  18
6  13  14  17  18
6  13  14  17  18
6  13  14  17  18
6  13  14  17  18
6  13  14  17  18
6  13  14  17  18
6  13  14  17  18
6  13  14  17  18
6  13  14  17  18
6  13  14  17  18
6  13  14  17  18
6  13  14  17  18
6  13  14  17  18
6  13  14  17  18
6  13  14  17  18
6  13  14  17  18
6  13  14  17  18
6  13  14  17  18
6  13  14  17  18
6  13  14  17  18
6  13  14  17  18
6  13  14  17  18
6  13  14  17  18
6  13  14  17  18
6  13  14  17  18
6  13  14  17  18
6  13  14  17  18
6  13  14  17  18
6  13  14  17  18
6  13  14  17  18
6  13  14  17  18
6  13  14  17  18
6  13  14  17  18
6  13  14  17  18
6  13  14  17  18
6  13  14  17  18
6  13  14  17  18
6  13  14  17  18
6  13  14  17  18
6  13  14  17  18
6  13  14  17  18  19
6  13  14  17  18  19
6  13  14  17  18  19
6  13  14  17  18  19
6  13  14  17  18  19
6  13  14  17  18  19
6  13  14  17  18  19
6  13  14  17  18  19
6  13  14  17  18  19
6  13  14  17  18  19
6  13  14  17  18  19
6  13  14  17  18  19
6  13  14  17  18  19
6  13  14  17  18  19
6  13  14  17  18  19
6  13  14  17  18  19
6  13  14  17  18  19
6  13  14  17  18  19
6  13  14  17  18  19   0
6  13  14  17  18  19   0
6  13  14  17  18  19   0
6  13  14  17  18  19   0
6  13  14  17  18  19   0
6  13  14  17  18  19   0
6  13  14  17  18  19   0
6  13  14  17  18  19   0
6  13  14  17  18  19   0
6  13  14  17  18  19   0
6  13  14  17  18  19   0
6  13  14  17  18  19   0
6  13  14  17  18  19   0
6  13  14  17  18  19   0
6  13  14  17  18  19   0
6  13  14  17  18  19   0
6  13  14  17  18  19   0
6  13  14  17  18  19   0
6  13  14  17  18  19   0
6  13  14  17  18  19   0
6  13  14  17  18  19   0
6  13  14  17  18  19   0   4
6  13  14  17  18  19   0   4
6  13  14  17  18  19   0   4
6  13  14  17  18  19   0   4
6  13  14  17  18  19   0   4
6  13  14  17  18  19   0   4
6  13  14  17  18  19   0   4
6  13  14  17  18  19   0   4
6  13  14  17  18  19   0   4
6  13  14  17  18  19   0   4
6  13  14  17  18  19   0   4
6  13  14  17  18  19   0   4
6  13  14  17  18  19   0   4
6  13  14  17  18  19   0   4
6  13  14  17  18  19   0   4
6  13  14  17  18  19   0   4
6  13  14  17  19   0   4   3
6  13  14  17  19   0   4   3
6  13  14  17  19   0   4   3
6  13  14  17  19   0   4   3
6  13  14  17  19   0   4   3
6  13  14  17  19   0   4   3
6  13  14  17  19   0   4   3
6  13  14  17  19   0   4   3
6  13  14  17  19   0   4   3
6  13  14  17  19   0   4   3
6  13  14  17  19   0   4   3
6  13  14  17  19   0   4   3
6  13  14  17  19   0   4   3
6  13  14  17  19   0   4   3
6  13  14  17  19   0   4   3
6  13  14  17  19   0   4   3
6  13  14  17  19   0   4   3
6  13  14  17  19   0   4   3
6  13  14  17  19   0   4   3
6  13  14  17  19   0   4   3
6  13  14  17  19   0   4   3
6  13  14  17  19   0   4   3
6  13  14  17  19   0   4   3
6  13  14  17  19   0   4   3
6  13  14  17  19   0   4   3   2
6  13  14  17  19   0   4   3   2
6  13  14  17  19   0   4   3   2
6  13  14  17  19   0   4   3   2
6  13  14  17  19   0   4   3   2
6  13  14  17  19   0   4   3   2
6  13  14  17  19   0   4   3   2
6  13  14  17  19   0   4   3   2
6  13  14  17  19   0   4   3   2
6  13  14  17  19   0   4   3   2
6  13  14  17  19   0   4   3   2
6  13  14  17  19   0   4   3   2
6  13  14  17  19   0   4   3   2
6  13  14  17  19   0   4   3   2
6  13  14  17  19   0   4   3   2
6  13  14  17  19   0   4   3   2
6  13  14  17  19   0   4   3   2
6  13  14  17  19   0   4   3   2
6  13  14  17  19   0   4   3   2
6  13  14  17  19   0   4   3   2
6  13  14  17  19   0   4   3   2
6  13  14  17  19   0   4   3   2
6  13  14  17  19   0   4   3   2
6  13  14  17  19   0   4   3   2
6  13  14  17  19   0   4   3   2
6  13  14  17  19   0   4   3   2
6  13  14  17  19   0   4   3   2
6  13  14  17  19   4   3   2
6  13  14  17  19   4   3   2
6  13  14  17  19   4   3   2
6  13  14  17  19   4   3   2
6  13  14  17  19   4   3   2
6  13  14  17  19   4   3   2
6  13  14  17  19   4   3   2
6  13  14  17  19   4   3   2
6  13  14  17  19   4   3   2
6  13  14  17  19   4   3   2
6  13  14  17  19   4   3   2
6  13  14  17  19   4   3   2
6  13  14  17  19   4   3   2
6  13  14  17  19   4   3   2
6  13  14  17  19   4   3   2
6  13  14  17  19   4   3   2
6  13  14  17  19   4   3   2
6  13  14  17  19   4   3   2
6  13  14  17  19   4   3   2
6  13  14  17  19   4   3   2
6  13  14  17  19   4   3   2
6  13  14  17  19   4   3   2
6  13  14  17  19   4   3   2
6  13  14  17  19   4   3   2
6  13  14  17  19   4   3   2
6  13  14  17  19   4   3   2
6  13  14  17  19   4   3   2
6  13  14  17  19   4   3   2
6  13  14  17  19   4   3   2
6  13  14  17  19   4   3   2
6  13  14  17  19   4   3   2
6  13  14  17  19   4   3   2
6  13  14  17  19   4   3   2
6  13  14  17  19   4   3   2
6  13  14  17  19   4   3   2
6  13  14  17  19   4   3   2
6  13  14  17  19   4   3   2
6  13  14  17  19   4   3   2
6  13  14  17  19   4   3   2
6  13  14  17  19   4   3   2
6  13  14  17  19   4   3   2
6  13  14  17  19   4   3   2
6  13  14  17  19   4   3   2
6  13  14  17  19   4   3   2
6  13  14  17  19   4   3   2
6  13  14  17  19   4   3   2
6  13  14  17  19   4   3   2
6  13  14  17  19   4   3   2
6  13  14  17  19   4   3   2
6  13  14  17  19   4   3   2
6  13  14  17  19   4   3   2
6  13  14  17  19   4   3   2
6  13  14  17  19   4   3   2
6  13  14  17  19   4   3   2
6  13  14  17  19   4   3   2
6  13  14  17  19   4   3   2
6  13  14  17  19   4   3   2
6  13  14  17  19   4   3   2
6  13  14  17  19   4   3   2
6  13  14  17  19   4   3   2
6  13  14  17  19   4   3   2
6  13  14  17  19   4   3   2
6  13  14  17  19   4   3   2
6  13  14  17  19   4   3   2
6  13  14  17  19   4   3   2
6  13  14  17  19   4   3   2
6  13  14  17  19   4   3   2
6  13  14  17  19   4   3   2
6  13  14  17  19   4   3   2
6  13  14  17  19   4   3   2
6  13  14  17  19   4   3   2
6  13  14  17  19   4   3   2
6  13  14  17  19   4   3   2
6  13  14  17  19   4   3   2
6  13  14  17  19   4   3   2
6  13  14  17  19   4   3   2
6  13  14  17  19   4   3   2
6  13  14  17  19   4   3   2
6  13  14  17  19   4   3   2
6  13  14  17  19   4   3   2
6  13  14  17  19   3   2
6  13  14  17  19   3   2
6  13  14  17  19   3   2
6  13  14  17  19   3   2
6  13  14  17  19   3   2
6  13  14  17  19   3   2
6  13  14  17  19   3   2
6  13  14  17  19   3   2
6  13  14  17  19   3   2
6  13  14  17  19   3   2
6  13  14  17  19   3   2
6  13  14  17  19   3   2
6  13  14  17  19   3   2
6  13  14  17  19   3   2
6  13  14  17  19   3
6  13  14  17  19   3
6  13  14  17  19   3
6  13  14  17  19   3
6  13  14  17  19   3
6  13  14  17  19   3
6  13  14  17  19   3
6  13  14  17  19   3
6  13  14  17  19   3
6  13  14  17  19   3
6  13  14  17  19   3
6  13  14  17  19   3
6  13  14  17
6  13  14  17
6  13  14  17
6  13  14  17
6  13  14  17
6  13  14  17
6  13  14  17
6  13  14  17
6  13  14  17
6  13  14  17
6  13  14  17
6  13  14  17
6  13  14  17
6  13  14  17
6  13  14  17
6  13  14  17
6  13  14  17
6  13  14  17
6  13  14  17
6  13  14  17
6  13  14  17
6  13  14  17
6  13  14  17
6  13  14  17
6  13  14  17
6  13  14  17
6  13  14  17
6  13  14  17
6  13  14  17
6  13  14  17
6  13  14  17
6  13  14  17
6  13  14  17
6  13  14  17
6  13  14  17
6  13  14  17
6  13  14  17
6  13  14  17
6  13  14  17
6  13  14  17
6  13  14  17
6  13  14  17
6  13  14  17
6  13  14  17
6  13  14  17
6  13  14  17
6  13  14  17
6  13  14  17
6  13  14  17
6  13  14  17
6  13  14  17
6  13  14  17
6  13  14  17
6  13  14  17
6  13  14  17
6  13  14  17
6  13  14  17
6  13  14  17
6  13  14  17
6  13  14  17
6  13  14  17
6  13  14  17
6  13  14  17
6  13  14  17
6  13  14  17
6  13  14  17
6  13  14  17
6  13  14  17
6  13  14  17
6  13  14  17
6  13  14  17
6  13  14  17
6  13  14  17
6  13  14  17
6  13  14  17
6  13  14  17
6  13  14  17
6  13  14  17
6  13  14  17
6  13  14  17
6  13  14  17
6  13  14  17
6  13  14  17
6  13  14  17
6  13  14  17
6  13  14  17
6  13  14  17
6  13  14  17
6  13  14  17
6  13  14  17
6  13  14  17
6  13  14  17
6  13  14  17
6  13  14  17
6  13  14  17
6  13  14  17
6  13  14  17
6  13  14  17
6  13  14  17
6  13  14  17
6  13  14  17
6  13  14  17
6  13  14  17
6  13  14  17
6  13  14  17
6  13  14  17
6  13  14  17
6  13  14  17
6  13  14  17
6  13  14  17
6  13  14  17
6  13  14  17
6  13  14  17
6  13  14  17
6  13  14  17
6  13  14  17
6  13  14  17
6  13  14  17
6  13  14  17
6  13  14  17
6  13  14  17
6  13  14  17
6  13  14  17
6  13  14  17
6  13  14  17
6  13  14  17
6  13  14  17
6  13  14  17
6  13  14  17
6  13  14  17
6  13  14  17
6  13  14  17
6  13  14  17
6  13  14  17
6  13  14  17
6  13  14  17
6  13  14  17
6  13  14  17
6  13  14  17
6  13  14  17
6  13  14  17
6  13  14  17
6  13  14  17
6  13  14  17
6  13  14  17
6  13  14  17
6  13  14  17
6  13  14  17
6  13  14  17
6  13  14  17
6  13  14  17
6  13  14  17
6  13  14  17
6  13  14  17
6  13  14  17
6  13  14  17
6  13  14  17
6  13  14  17
6  13  14  17
6  13  14  17
6  13  14  17
6  13  14  17
6  13  14  17
6  13  14  17
6  13  14  17
6  13  14  17
6  13  14  17
6  13  14  17
6  13  14  17
6  13  14  17
6  13  14  17
6  13  14  17
6  13  14  17
6  13  14  17
6  13  14  17
6  13  14  17
6  13  14  17
6  13  14  17
6  13  14  17
6  13  14  17
6  13  14  17
6  13  14  17
6  13  14  17
6  13  14  17
6  13  14  17
6  13  14  17
6  13  14  17
6  13  14  17
6  13  14  17
6  13  14  17
6  13  14  17
6  13  14  17
6  13  14  17
6  13  14  17
6  13  14  17
6  13  14  17
6  13  14  17
6  13  14  17
6  13  14  17
6  13  14  17
6  13  14  17
6  13  14  17
6  13  14  17
6  13  14  17
6  13  14  17
6  13  14  17
6  13  14  17
6  13  14  17
6  13  14  17
6  13  14  17
6  13  14  17
6  13  14  17
6  13  14  17
6  13  14  17
6  13  14  17
6  13  14  17
6  13  14  17
6  13  14  17
6  13  14  17
6  13  14  17
6  13  14  17
6  13  14  17
6  13  14  17
6  13  14  17
6  13  14  17
6  13  14  17
6  13  14  17
6  13  14  17
6  13  14  17
6  13  14  17
6  13  14  17
6  13  14  17
6  13  14  17
6  13  14  17
6  13  14  17
6  13  14  17
6  13  14  17
6  13  14  17
6  13  14  17
6  13  14  17
6  13  14  17
6  13  14  17
6  13  14  17
6  13  14  17
6  13  14  17
6  13  14  17
6  13  14  17
6  13  14  17
6  13  14  17
6  13  14  17
6  13  14  17
6  13  14  17
6  13  14  17
6  13  14  17
6  13  14  17
6  13  14  17
6  13  14  17
6  13  14  17
6  13  14  17
6  13  14  17
6  13  14  17
6  13  14  17
6  13  14  17
6  13  14  17
6  13  14  17
6  13  14  17
6  13  14  17
6  13  14  17
6  13  14  17
6  13  14  17
6  13  14  17
6  13  14  17
6  13  14  17   5
6  13  14  17   5
6  13  14  17   5
6  13  14  17   5
6  13  14  17   5
6  13  14  17   5
6  13  14  17   5
6  13  14  17   5
6  13  14  17   5
6  13  14  17   5
6  13  14  17   5  11
6  13  14  17   5  11
6  13  14  17   5  11
6  13  14  17   5  11
6  13  14  17   5  11
6  13  14  17   5  11
6  13  14  17   5  11
6  13  14  17   5  11
6  13  14  17   5  11
6  13  14  17   5  11
6  13  14  17   5  11
6  13  14  17   5  11
6  13  14  17   5  11   7
6  13  14  17   5  11   7
6  13  14  17   5  11   7
6  13  14  17   5  11   7
6  13  14  17   5  11   7
6  13  14  17   5  11   7
6  13  14  17   5  11   7
6  13  14  17   5  11   7
6  13  14  17   5  11   7
6  13  14  17   5  11   7
6  13  14  17   5  11   7
6  13  14  17   5  11   7
6  13  14  17   5  11   7
6  13  14  17   5  11   7
6  13  14  17   5  11   7
6  13  14  17   5  11   7
6  13  14  17   5  11   7
6  13  14  17   5  11   7
6  13  14  17   5  11   7
6  13  14  17   5  11   7
6  13  14  17   5  11   7
6  13  14  17   5  11   7
6  13  14  17   5  11   7
6  13  14  17   5  11   7
6  13  14  17   5  11   7
6  13  14  17   5  11   7
6  13  14  17   5  11   7
6  13  14  17   5  11   7
6  13  14  17   5  11   7
6  13  14  17   5  11   7
6  13  14  17   5  11   7
6  13  14  17   5  11   7
6  13  14  17   5  11   7
6  13  14  17   5  11   7
6  13  14  17   5  11   7
6  13  14  17   5  11   7
6  13  14  17   5  11   7
6  13  14  17   5  11   7
6  13  14  17   5  11   7
6  13  14  17   5  11   7
6  13  14  17   5  11   7
6  13  14  17   5  11   7
6  13  14  17   5  11   7
6  13  14  17   5  11   7
6  13  14  17   5  11   7
6  13  14  17   5  11   7
6  13  14  17   5  11   7
6  13  14  17   5  11   7
6  13  14  17   5  11   7
6  13  14  17   5  11   7
6  13  14  17   5  11   7
6  13  14  17   5  11   7
6  13  14  17   5  11   7
6  13  14  17   5  11   7
6  13  14  17   5  11   7
6  13  14  17   5  11   7
6  13  14  17   5  11   7
6  13  14  17   5  11   7
6  13  14  17   5  11   7
6  13  14  17   5  11   7
6  13  14  17   5  11   7
6  13  14  17   5  11   7
6  13  14  17   5  11   7
6  13  14  17   5  11   7
6  13  14  17   5  11   7
6  13  14  17   5  11   7
6  13  14  17   5  11   7
6  13  14  17   5  11   7
6  13  14  17   5  11   7
6  13  14  17   5  11   7
6  13  14  17   5  11   7
6  13  14  17   5  11   7
6  13  14  17   5  11   7
6  13  14  17   5  11   7
6  13  14  17   5  11   7
6  13  14  17   5  11   7
6  13  14  17   5  11   7
6  13  14  17   5  11   7
6  13  14  17   5  11   7
6  13  14  17   5  11   7
6  13  14  17   5  11   7
6  13  14  17   5  11   7
6  13  14  17   5  11   7
6  13  14  17   5  11   7
6  13  14  17   5  11   7
6  13  14  17   5  11   7
6  13  14  17   5  11   7
6  13  14  17   5  11   7
6  13  14  17   5  11   7
6  13  14  17   5  11   7
6  13  14  17   5  11   7
6  13  14  17   5  11   7
6  13  14  17   5  11   7
6  13  14  17   5  11   7
6  13  14  17   5  11   7
6  13  14  17   5  11   7
6  13  14  17   5  11   7
6  13  14  17   5  11   7
6  13  14  17   5  11   7
6  13  14  17   5  11   7
6  13  14  17   5  11   7
6  13  14  17   5  11   7
6  13  14  17   5  11   7
6  13  14  17   5  11   7
6  13  14  17   5  11   7
6  13  14  17   5   7  10
6  13  14  17   5   7  10
6  13  14  17   5   7  10
6  13  14  17   5   7  10
6  13  14  17   5   7  10
6  13  14  17   5   7  10
6  13  14  17   5   7  10
6  13  14  17   5   7  10
6  13  14  17   5   7  10
6  13  14  17   5   7  10
6  13  14  17   5   7  10
6  13  14  17   5   7  10
6  13  14  17   5   7  10
6  13  14  17   5   7  10
6  13  14  17   5   7  10
6  13  14  17   5   7  10
6  13  14  17   5   7  10
6  13  14  17   5   7  10
6  13  14  17   5   7  10
6  13  14  17   5   7  10
6  13  14  17   5   7  10
6  13  14  17   7  10
6  13  14  17   7  10
6  13  14  17   7  10
6  13  14  17   7  10
6  13  14  17   7  10
6  13  14  17   7  10
6  13  14  17   7  10
6  13  14  17   7  10
6  13  14  17   7  10
6  13  14  17   7  10
6  13  14  17   7  10
6  13  14  17   7  10
6  13  14  17   7  10  12
6  13  14  17   7  10  12
6  13  14  17   7  10  12
6  13  14  17   7  10  12
6  13  14  17   7  10  12
6  13  14  17   7  10  12
6  13  14  17   7  10  12
6  13  14  17   7  10  12
6  13  14  17   7  10  12
6  13  14  17   7  10  12
6  13  14  17   7  10  12
6  13  14  17   7  10  12
6  13  14  17   7  10  12
6  13  14  17   7  10  12
6  13  14  17   7  10  12
6  13  14  17   7  10  12
6  13  14  17   7  10  12
6  13  14  17   7  10  12
6  13  14  17   7  10  12
6  13  14  17   7  10  12
6  13  14  17   7  10  12
6  13  14  17   7  10  12
6  13  14  17   7  10  12
6  13  14  17   7  10  12
6  13  14  17   7  10  12
6  13  14  17   7  10  12
6  13  14  17   7  10  12
6  13  14  17   7  10  12
6  13  14  17   7  10  12
6  13  14  17   7  10  12
6  13  14  17   7  10  12
6  13  14  17   7  10  12
6  13  14  17   7  10  12
6  13  14  17   7  10  12
6  13  14  17   7  10  12
6  13  14  17   7  10  12
6  13  14  17   7  10  12
6  13  14  17   7  10  12
6  13  14  17   7  10  12
6  13  14  17   7  10  12
6  13  14  17   7  10  12
6  13  14  17   7  10  12
6  13  14  17   7  10  12
6  13  14  17   7  10  12
6  13  14  17   7  10  12
6  13  14  17   7  10  12
6  13  14  17   7  10  12
6  13  14  17   7  10  12
6  13  14  17   7  10  12
6  13  14  17   7  10  12
6  13  14  17   7  10  12
6  13  14  17   7  10  12
6  13  14  17   7  10  12
6  13  14  17   7  10  12
6  13  14  17   7  10  12
6  13  14  17   7  10  12
6  13  14  17   7  10  12   9
6  13  14  17   7  10  12   9
6  13  14  17   7  10  12   9
6  13  14  17   7  10  12   9
6  13  14  17   7  10  12   9
6  13  14  17   7  10  12   9
6  13  14  17   7  10  12   9
6  13  14  17   7  10  12   9
6  13  14  17   7  10  12   9   8
6  13  14  17   7  10  12   9   8
6  13  14  17   7  10  12   9   8
6  13  14  17   7  10  12   9   8
6  13  14  17   7  10  12   9   8
6  13  14  17   7  10  12   9   8
6  13  14  17   7  10  12   9   8
6  13  14  17   7  10  12   9   8
6  13  14  17   7  10  12   9   8
6  13  14  17   7  10  12   9   8  15
6  13  14  17   7  10  12   9   8  15
6  13  14  17   7  10  12   9   8  15
6  13  14  17   7  10  12   9   8  15
6  13  14  17   7  10  12   9   8  15
6  13  14  17   7  10  12   9   8  15
6  13  14  17   7  10  12   9   8  15
6  13  14  17   7  10  12   9   8  15
6  13  14  17   7  10  12   9   8  15
6  13  14  17   7  10  12   9   8  15
6  13  14  17   7  10  12   9   8  15   1
6  13  14  17   7  10  12   9   8  15   1
6  13  14  17   7  10  12   9   8  15   1
6  13  14  17   7  10  12   9   8  15   1
6  13  14  17   7  10  12   9   8  15   1
6  13  14  17   7  10  12   9   8  15   1
6  13  14  17   7  10  12   9   8  15   1
6  13  14  17   7  10  12   9   8  15   1
6  13  14  17   7  10  12   9   8  15   1
6  13  14  17   7  10  12   9   8  15   1
6  13  14  17   7  10  12   9   8  15   1
6  13  14  17   7  10  12   9   8  15   1  16
6  13  14  17   7  10  12   9   8  15   1  16
6  13  14  17   7  10  12   9   8  15   1  16
6  13  14  17   7  10  12   9   8  15   1  16
6  13  14  17   7  10  12   9   8  15   1  16
6  13  14  17   7  10  12   9   8  15   1  16
6  13  14  17   7  10  12   9   8  15   1  16
6  13  14  17   7  10  12   9   8  15   1  16
6  13  14  17   7  10  12   9   8  15   1  16
6  13  14  17   7  10  12   9   8  15   1  16
6  13  14  17   7  10  12   9   8  15   1  16
6  13  14  17   7  10  12   9   8  15   1  16
6  13  14  17   7  10  12   9   8  15   1  16
6  13  14  17   7  10  12   9   8  15   1  16
6  13  14  17   7  10  12   9   8  15   1  16
6  13  14  17   7  10  12   9   8  15   1  16
6  13  14  17   7  10  12   9   8  15   1  16
6  13  14  17   7  10  12   9   8  15   1  16
6  13  14  17   7  10  12   9   8  15   1  16
6  13  14  17   7  10  12   9   8  15   1  16
6  13  14  17   7  10  12   9   8  15   1  16
6  13  14  17   7  10  12   9   8  15   1  16
6  13  14  17   7  10  12   9   8  15   1  16
6  13  14  17   7  10  12   9   8  15   1  16
6  13  14  17   7  10  12   9   8  15   1  16  18
6  13  14  17   7  10  12   9   8  15   1  16  18
6  13  14  17   7  10  12   9   8  15   1  16  18
6  13  14  17   7  10  12   9   8  15   1  16  18
6  13  14  17   7  10  12   9   8  15   1  16  18
6  13  14  17   7  10  12   9   8  15   1  16  18
6  13  14  17   7  10  12   9   8  15   1  16  18
6  13  14  17   7  10  12   9   8  15   1  16  18
6  13  14  17   7  10  12   9   8  15   1  16  18
6  13  14  17   7  10  12   9   8  15   1  16  18
6  13  14  17   7  10  12   9   8  15   1  16  18
6  13  14  17   7  10  12   9   8  15   1  16  18
6  13  14  17   7  10  12   9   8  15   1  16  18
6  13  14  17   7  10  12   9   8  15   1  16  18
6  13  14  17   7  10  12   9   8  15   1  16  18
6  13  14  17   7  10  12   9   8  15   1  16  18
6  13  14  17   7  10  12   9   8  15   1  16  18
6  13  14  17   7  10  12   9   8  15   1  16  18
6  13  14  17   7  10  12   9   8  15   1  16  18
6  13  14  17   7  10  12   9   8  15   1  16  18
6  13  14  17   7  10  12   9   8  15   1  16  18
6  13  14  17   7  10  12   9   8  15   1  16  18
6  13  14  17   7  10  12   9   8  15   1  16  18
6  13  14  17   7  10  12   9   8  15   1  16  18
6  13  14  17   7  10  12   9   8  15   1  16  18
6  13  14  17   7  10  12   9   8  15   1  16  18
6  13  14  17   7  10  12   9   8  15   1  16  18   0
6  13  14  17   7  10  12   9   8  15   1  16  18   0
6  13  14  17   7  10  12   9   8  15   1  16  18   0
6  13  14  17   7  10  12   9   8  15   1  16  18   0
6  13  14  17   7  10  12   9   8  15   1  16  18   0
6  13  14  17   7  10  12   9   8  15   1  16  18   0
6  13  14  17   7  10  12   9   8  15   1  16  18   0
6  13  14  17   7  10  12   9   8  15   1  16  18   0
6  13  14  17   7  10  12   9   8  15   1  16  18   0
6  13  14  17   7  10  12   9   8  15   1  16  18   0
6  13  14  17   7  10  12   9   8  15   1  16  18   0
6  13  14  17   7  10  12   9   8  15   1  16  18   0
6  13  14  17   7  10  12   9   8  15   1  16  18   0
6  13  14  17   7  10  12   9   8  15   1  16  18   0
6  13  14  17   7  10  12   9   8  15   1  16  18   0   4
6  13  14  17   7  10  12   9   8  15   1  16  18   0   4
6  13  14  17   7  10  12   9   8  15   1  16  18   0   4
6  13  14  17   7  10  12   9   8  15   1  16  18   0   4
6  13  14  17   7  10  12   9   8  15   1  16  18   0   4
6  13  14  17   7  10  12   9   8  15   1  16  18   0   4
6  13  14  17   7  10  12   9   8  15   1  16  18   0   4
6  13  14  17   7  10  12   9   8  15   1  16  18   0   4
6  13  14  17   7  10  12   9   8  15   1  16  18   0   4
6  13  14  17   7  10  12   9   8  15   1  16  18   0   4
6  13  14  17   7  10  12   9   8  15   1  16  18   0   4
6  13  14  17   7  10  12   9   8  15   1  16  18   0   4
6  13  14  17   7  10  12   9   8  15   1  16  18   0   4
6  13  14  17   7  10  12   9   8  15   1  16  18   0   4
6  13  14  17   7  10  12   9   8  15   1  16  18   0   4
6  13  14  17   7  10  12   9   8  15   1  16  18   0   4   2
6  13  14  17   7  10  12   9   8  15   1  16  18   0   4   2
6  13  14  17   7  10  12   9   8  15   1  16  18   0   4   2
6  13  14  17   7  10  12   9   8  15   1  16  18   0   4   2
6  13  14  17   7  10  12   9   8  15   1  16  18   0   4   2
6  13  14  17   7  10  12   9   8  15   1  16  18   0   4   2
6  13  14  17   7  10  12   9   8  15   1  16  18   0   4   2
6  13  14  17   7  10  12   9   8  15   1  16  18   0   4   2
6  13  14  17   7  10  12   9   8  15   1  16  18   0   4   2
6  13  14  17   7  10  12   9   8  15   1  16  18   0   4   2
6  13  14  17   7  10  12   9   8  15   1  16  18   0   4   2
6  13  14  17   7  10  12   9   8  15   1  16  18   0   4   2
6  13  14  17   7  10  12   9   8  15   1  16  18   0   4   2
6  13  14  17   7  10  12   9   8  15   1  16  18   0   4   2
6  13  14  17   7  10  12   9   8  15   1  16  18   0   4   2
6  13  14  17   7  10  12   9   8  15   1  16  18   0   4   2
6  13  14  17   7  10  12   9   8  15   1  16  18   0   4   2
6  13  14  17   7  10  12   9   8  15   1  16  18   0   4   2
6  13  14  17   7  10  12   9   8  15   1  16  18   0   4   2
6  13  14  17   7  10  12   9   8  15   1  16  18   0   4   2
6  13  14  17   7  10  12   9   8  15   1  16  18   0   4   2
6  13  14  17   7  10  12   9   8  15   1  16  18   0   4   2
6  13  14  17   7  10  12   9   8  15   1  16  18   0   4   2
6  13  14  17   7  10  12   9   8  15   1  16  18   0   4   2
6  13  14  17   7  10  12   9   8  15   1  16  18   0   4   2
6  13  14  17   7  10  12   9   8  15   1  16  18   0   4   2
6  13  14  17   7  10  12   9   8  15   1  16  18   0   4   2
6  13  14  17   7  10  12   9   8  15   1  16  18   0   4   2
6  13  14  17   7  10  12   9   8  15   1  16  18   0   4   2
6  13  14  17   7  10  12   9   8  15   1  16  18   0   4   2
6  13  14  17   7  10  12   9   8  15   1  16  18   0   4   2
6  13  14  17   7  10  12   9   8  15   1  16  18   0   4   2
6  13  14  17   7  10  12   8  15   1  16  18   0   4   2
6  13  14  17   7  10  12   8  15   1  16  18   0   4   2
6  13  14  17   7  10  12   8  15   1  16  18   0   4   2
6  13  14  17   7  10  12   8  15   1  16  18   0   4   2
6  13  14  17   7  10  12   8  15   1  16  18   0   4   2
6  13  14  17   7  10  12   8  15   1  16  18   0   4   2
6  13  14  17   7  10  12   8  15   1  16  18   0   4   2
6  13  14  17   7  10  12   8  15   1  16  18   0   4   2
6  13  14  17   7  10  12   8  15   1  16  18   0   4   2
6  13  14  17   7  10  12   8  15   1  16  18   0   4   2
6  13  14  17   7  10  12   8  15   1  16  18   0   4   2
6  13  14  17   7  10  12   8  15   1  16  18   0   4   2
6  13  14  17   7  10  12   8  15   1  16  18   0   4   2
6  13  14  17   7  10  12   8  15   1  16  18   0   4   2
6  13  14  17   7  10  12   8  15   1  16  18   0   4   2
6  13  14  17   7  10  12   8  15   1  16  18   0   4   2
6  13  14  17   7  10  12   8  15   1  16  18   0   4   2
6  13  14  17   7  10  12   8  15   1  16  18   0   4   2
6  13  14  17   7  10  12   8  15   1  16  18   0   4   2
6  13  14  17   7  10  12   8  15   1  16  18   0   4   2
6  13  14  17   7  10  12   8  15   1  16  18   0   4   2
6  13  14  17   7  10  12   8  15   1  16  18   0   4   2
6  13  14  17   7  10  12   8  15   1  16  18   0   4   2
6  13  14  17   7  10  12   8  15   1  16  18   0   4   2
6  13  14  17   7  10  12   8  15   1  16  18   0   4   2
6  13  14  17   7  10  12   8  15   1  16  18   0   4   2
6  13  14  17   7  10  12   8  15   1  16  18   0   4   2
6  13  14  17   7  10  12   8  15   1  16  18   0   4   2
6  13  14  17   7  10  12   8  15   1  16  18   0   4   2
6  13  14  17   7  10  12   8  15   1  16  18   0   4   2
6  13  14  17  10  12   8  15   1  16  18   0   4   2  19
6  13  14  17  10  12   8  15   1  16  18   0   4   2  19
6  13  14  17  10  12   8  15   1  16  18   0   4   2  19
6  13  14  17  10  12   8  15   1  16  18   0   4   2  19
6  13  14  17  10  12   8  15   1  16  18   0   4   2  19
6  13  14  17  10  12   8  15   1  16  18   0   4   2  19
6  13  14  17  10  12   8  15   1  16  18   0   4   2  19
6  13  14  17  10  12   8  15   1  16  18   0   4   2  19
6  13  14  17  10  12   8  15   1  16  18   0   4   2  19
6  13  14  17  10  12   8  15   1  16  18   0   4   2  19
6  13  14  17  10  12   8  15   1  16  18   0   4   2  19
6  13  14  17  10  12   8  15   1  16  18   0   4   2  19
6  13  14  17  10  12   8  15   1  16  18   0   4   2  19
6  13  14  17  10  12   8  15   1  16  18   0   4   2  19
6  13  14  17  10  12   8  15   1  16  18   0   4   2  19
6  13  14  17  10  12   8  15   1  16  18   0   4   2  19
6  13  14  17  10  12   8  15   1  16  18   0   4   2  19
6  13  14  17  10  12   8  15   1  16  18   0   4   2  19
6  13  14  17  10  12   8  15   1  16  18   0   4   2  19
6  13  14  17  10  12   8  15   1  16  18   0   4   2  19
6  13  14  17  10  12   8  15   1  16  18   0   4   2  19
6  13  14  17  10  12   8  15   1  16  18   0   4   2  19
6  13  14  17  10  12   8  15   1  16  18   0   4   2  19
6  13  14  17  10  12   8  15   1  16  18   0   4   2  19
6  13  14  17  10  12   8  15   1  16  18   0   4   2  19
6  13  14  17  10  12   8  15   1  16  18   0   4   2  19
6  13  14  17  10  12   8  15   1  16  18   0   4   2  19
6  13  14  17  10  12   8  15   1  16  18   0   4   2  19
6  13  14  17  10  12   8  15   1  16  18   0   4   2  19
6  13  14  17  10  12   8  15   1  16  18   0   4   2  19
6  13  14  17  10  12   8  15   1  16  18   0   4   2  19
6  13  14  17  10  12   8  15   1  16  18   0   4   2  19
6  13  14  17  10  12   8  15   1  16  18   0   4   2  19
6  13  14  17  10  12   8  15   1  16  18   0   4   2  19
6  13  14  17  10  12   8  15   1  16  18   0   4   2  19
6  13  14  17  10  12   8  15   1  16  18   0   4   2  19
6  13  14  17  10  12   8  15   1  16  18   0   4   2  19
6  13  14  17  10  12   8  15   1  16  18   0   4   2  19
6  13  14  17  10  12   8  15   1  16  18   0   4   2  19
6  13  14  17  10  12   8  15   1  16  18   0   4   2  19
6  13  14  17  10  12   8  15   1  16  18   0   4   2  19
6  13  14  17  10  12   8  15   1  16  18   0   4   2  19
6  13  14  17  10  12   8  15   1  16  18   0   4   2  19
6  13  14  17  10  12   8  15   1  16  18   0   4   2  19
6  13  14  17  10  12   8  15   1  16  18   0   4   2  19
6  13  14  17  10  12   8  15   1  16  18   0   4   2  19
6  13  14  17  10  12   8  15   1  16  18   0   4   2  19
6  13  14  17  10  12   8  15   1  16  18   0   4   2  19
6  13  14  17  10  12   8  15   1  16  18   0   4   2  19
6  13  14  17  10  12   8  15   1  16  18   0   4   2  19
6  13  14  17  10  12   8  15   1  16  18   0   4   2  19
6  13  14  17  10  12   8  15   1  16  18   0   4   2  19
6  13  14  17  10  12   8  15   1  16  18   0   4   2  19
6  13  14  17  10  12   8  15   1  16  18   0   4   2  19
6  13  14  17  10  12   8  15   1  16  18   0   4   2  19
6  13  14  17  10  12   8  15   1  16  18   0   4   2  19
6  13  14  17  10  12   8  15   1  16  18   0   4   2  19
6  13  14  17  10  12   8  15   1  16  18   0   4   2  19
6  13  14  17  10  12   8  15   1  16  18   0   4   2  19
6  13  14  17  10  12   8  15   1  16  18   0   4   2  19
6  13  14  17  10  12   8  15   1  16  18   0   4   2  19   3
6  13  14  17  10  12   8  15   1  16  18   0   4   2  19   3
6  13  14  17  10  12   8  15   1  16  18   0   4   2  19   3
6  13  14  17  10  12   8  15   1  16  18   0   4   2  19   3
6  13  14  17  10  12   8  15   1  16  18   0   4   2  19   3
6  13  14  17  10  12   8  15   1  16  18   0   4   2  19   3
6  13  14  17  10  12   8  15   1  16  18   0   4   2  19   3
6  13  14  17  10  12   8  15   1  16  18   0   4   2  19   3
6  13  14  17  10  12   8  15   1  16  18   0   4   2  19   3
6  13  14  17  10  12   8  15   1  16  18   0   4   2  19   3
6  13  14  17  10  12   8  15   1  16  18   0   4   2  19   3
6  13  14  17  10  12   8  15   1  16  18   0   4   2  19   3
6  13  14  17  10  12   8  15   1  16  18   0   4   2  19   3
6  13  14  17  10  12   8  15   1  16  18   0   4   2  19   3
6  13  14  17  10  12   8  15   1  16  18   0   4   2  19   3
6  13  14  17  10  12   8  15   1  16  18   0   4   2  19   3
6  13  14  17  10  12   8  15   1  16  18   0   4   2  19   3
6  13  14  17  10  12   8  15   1  16  18   0   4   2  19   3
6  13  14  17  10  12   8  15   1  16  18   0   4   2  19   3
6  13  14  17  10  12   8  15   1  16  18   0   4   2  19   3
6  13  14  17  10  12   8  15   1  16  18   0   4   2  19   3
6  13  14  17  10  12   8  15   1  16  18   0   4   2  19   3
6  13  14  17  10  12   8  15   1  16  18   0   4   2  19   3
6  13  14  17  10  12   8  15   1  16  18   0   4   2  19   3
6  13  14  17  10  12   8  15   1  16  18   0   4   2  19   3
6  13  14  17  10  12   8  15   1  16  18   0   4   2  19   3
6  13  14  17  10  12   8  15   1  16  18   0   4   2  19   3
6  13  14  17  10  12   8  15   1  16  18   0   4   2  19   3
6  13  14  17  10  12   8  15   1  16  18   0   4   2  19   3
6  13  14  17  10  12   8  15   1  16  18   0   4   2  19   3
6  13  14  17  10  12   8  15   1  16  18   0   4   2  19   3
6  13  14  17  10  12   8  15   1  16  18   0   4   2  19   3
6  13  14  17  10  12   8  15   1  16  18   0   4   2  19   3
6  13  14  17  10  12   8  15   1  16  18   0   4   2  19   3
6  13  14  17  10  12   8  15   1  16  18   0   4   2  19   3
6  13  14  17  10  12   8  15   1  16  18   0   4   2  19   3
6  13  14  17  10  12   8  15   1  16  18   0   4   2  19   3
6  13  14  17  10  12   8  15   1  16  18   0   4   2  19   3
6  13  14  17  10  12   8  15   1  16  18   0   4   2  19   3
6  13  14  17  10  12   8  15   1  16  18   0   4   2  19   3
6  13  14  17  10  12   8  15   1  16  18   0   4   2  19   3
6  13  14  17  10  12   8  15   1  16  18   0   4   2  19   3
6  13  14  17  10  12   8  15   1  16  18   0   4   2  19   3
6  13  14  17  10  12   8  15   1  16  18   0   4   2  19   3
6  13  14  17  10  12   8  15   1  16  18   0   4   2  19   3
6  13  14  17  10  12   8  15   1  16  18   0   4   2  19   3
6  13  14  17  10  12   8  15   1  16  18   0   4   2  19   3
6  13  14  17  10  12   8  15   1  16  18   0   4   2  19   3
6  13  14  17  10  12   8  15   1  16  18   0   4   2  19   3
6  13  14  17  10  12   8  15   1  16  18   0   4   2  19   3
6  13  14  17  10  12   8  15   1  16  18   0   4   2  19   3
6  13  14  17  10  12   8  15   1  16  18   0   4   2  19   3
6  13  14  17  10  12   8  15   1  16  18   0   4   2  19   3
6  13  14  17  10  12   8  15   1  16  18   0   4   2  19   3
6  13  14  17  10  12   8  15   1  16  18   0   4   2  19   3
6  13  14  17  10  12   8  15   1  16  18   0   4   2  19   3
6  13  14  17  10  12   8  15   1  16  18   0   4   2  19   3
6  13  14  17  10  12   8  15   1  16  18   0   4   2  19   3
6  13  14  17  10  12   8  15   1  16  18   0   4   2  19   3
6  13  14  17  10  12   8  15   1  16  18   0   4   2  19   3
6  13  14  17  10  12   8  15   1  16  18   0   4   2  19   3
6  13  14  17  10  12   8  15   1  16  18   0   4   2  19   3
6  13  14  17  10  12   8  15   1  16  18   0   4   2  19   3
6  13  14  17  10  12   8  15   1  16  18   0   4   2  19   3
6  13  14  17  10  12   8  15   1  18   0   4   2  19   3
6  13  14  17  10  12   8  15   1  18   0   4   2  19   3
6  13  14  17  10  12   8  15   1  18   0   4   2  19   3
6  13  14  17  10  12   8  15   1  18   0   4   2  19   3
6  13  14  17  10  12   8  15   1  18   0   4   2  19   3
6  13  14  17  10  12   8  15   1  18   0   4   2  19   3
6  13  14  17  10  12   8  15   1  18   0   4   2  19   3
6  13  14  17  10  12   8  15   1  18   0   4   2  19   3
6  13  14  17  10  12   8  15   1  18   0   4   2  19   3
6  13  14  17  10  12   8  15   1  18   0   4   2  19   3
6  13  14  17  10  12   8  15   1  18   0   4   2  19   3
6  13  14  17  10  12   8  15   1  18   0   4   2  19   3
6  13  14  17  10  12   8  15   1  18   0   4   2  19   3
6  13  14  17  10  12   8  15   1  18   0   4   2  19   3
6  13  14  17  10  12   8  15   1  18   0   4   2  19   3
6  13  14  17  10  12  15   1  18   0   4   2  19   3
6  13  14  17  10  12  15   1  18   0   4   2  19   3
6  13  14  17  10  12  15   1  18   0   4   2  19   3
6  13  14  17  10  12  15   1  18   0   4   2  19   3
6  13  14  17  10  12  15   1  18   0   4   2  19   3
6  13  14  17  10  12  15   1  18   0   4   2  19   3
6  13  14  17  10  12  15   1  18   0   4   2  19   3
6  13  14  17  10  12  15   1  18   0   4   2  19   3
6  13  14  17  10  12  15   1  18   0   4   2  19   3
6  13  14  17  10  12  15   1  18   0   4   2  19   3
6  13  14  17  10  12  15   1  18   0   4   2  19   3
6  13  14  17  10  12  15   1  18   0   4   2  19   3
6  13  14  17  10  12  15   1  18   0   4   2  19   3
6  13  14  17  10  12  15   1  18   0   4   2  19   3
6  13  14  17  10  12   1  18   0   4   2  19   3
6  13  14  17  10  12   1  18   0   4   2  19   3
6  13  14  17  10  12   1  18   0   4   2  19   3
6  13  14  17  10  12   1  18   0   4   2  19   3
6  13  14  17  10  12   1  18   0   4   2  19   3
6  13  14  17  10  12   1  18   0   4   2  19   3
6  13  14  17  10  12   1  18   0   4   2  19   3
6  13  14  17  10  12   1  18   0   4   2  19   3
6  13  14  17  10  12   1  18   0   4   2  19   3
6  13  14  17  10  12   1  18   0   4   2  19   3
6  13  14  17  10  12   1  18   0   4   2  19   3
6  13  14  17  10  12   1  18   0   4   2  19   3
6  13  14  17  10  12   1  18   0   4   2  19   3
6  13  14  17  10  12  18   0   4   2  19   3
6  13  14  17  10  12  18   0   4   2  19   3
6  13  14  17  10  12  18   0   4   2  19   3
6  13  14  17  10  12  18   0   4   2  19   3
6  13  14  17  10  12  18   0   4   2  19   3
6  13  14  17  10  12  18   0   4   2  19   3
6  13  14  17  10  12  18   0   4   2  19   3
6  13  14  17  10  12  18   0   4   2  19   3
6  13  14  17  10  12  18   0   4   2  19   3
6  13  14  17  10  12  18   0   4   2  19   3
6  13  14  17  10  12  18   0   4   2  19   3
6  13  14  17  10  12  18   0   4   2  19   3
6  13  14  17  10  12  18   0   4   2  19   3
6  13  14  17  10  12  18   0   4   2  19   3
6  13  14  17  10  12  18   0   4   2  19   3
6  13  14  17  10  12  18   0   4   2  19   3
6  13  14  17  10  12  18   0   4   2  19   3
6  13  14  17  10  12  18   0   4   2  19   3
6  13  14  17  10  12  18   0   4   2  19   3
6  13  14  17  10  12  18   0   4   2  19   3
6  13  14  17  10  12  18   0   4   2  19   3
6  13  14  17  10  12  18   0   4   2  19   3
6  13  14  17  10  12  18   0   4   2  19   3
6  13  14  17  10  12  18   0   4   2  19   3
6  13  14  17  10  12   0   4   2  19   3
6  13  14  17  10  12   0   4   2  19   3
6  13  14  17  10  12   0   4   2  19   3
6  13  14  17  10  12   0   4   2  19   3
6  13  14  17  10  12   0   4   2  19   3
6  13  14  17  10  12   0   4   2  19   3
6  13  14  17  10  12   0   4   2  19   3
6  13  14  17  10  12   0   4   2  19   3
6  13  14  17  10  12   0   4   2  19   3
6  13  14  17  10  12   0   4   2  19   3
6  13  14  17  10  12   0   4   2  19   3
6  13  14  17  10  12   0   4   2  19   3
6  13  14  17  10  12   0   4   2  19   3
6  13  14  17  10  12   0   4   2  19   3
6  13  14  17  10  12   0   4   2  19   3
6  13  14  17  10  12   0   4   2  19   3
6  13  14  17  10  12   0   4   2  19   3
6  13  14  17  10  12   0   4   2  19   3
6  13  14  17  10  12   0   4   2  19   3
6  13  14  17  10  12   0   4   2  19   3
6  13  14  17  10  12   0   4   2  19   3
6  13  14  17  10  12   0   4   2  19   3
6  13  14  17  10  12   0   4   2  19   3  11
6  13  14  17  10  12   0   4   2  19   3  11
6  13  14  17  10  12   0   4   2  19   3  11
6  13  14  17  10  12   0   4   2  19   3  11
6  13  14  17  10  12   0   4   2  19   3  11
6  13  14  17  10  12   0   4   2  19   3  11
6  13  14  17  10  12   0   4   2  19   3  11
6  13  14  17  10  12   0   4   2  19   3  11
6  13  14  17  10  12   0   4   2  19   3  11
6  13  14  17  10  12   0   4   2  19   3  11
6  13  14  17  10  12   0   4   2  19   3  11
6  13  14  17  10  12   0   4   2  19   3  11
6  13  14  17  10  12   0   4   2  19   3  11
6  13  14  17  10  12   0   4   2  19   3  11
6  13  14  17  10  12   0   4   2  19   3  11
6  13  14  17  10  12   0   4   2  19   3  11
6  13  14  17  10  12   0   4   2  19   3  11
6  13  14  17  10  12   0   4   2  19   3  11
6  13  14  17  10  12   0   4   2  19   3  11
6  13  14  17  10  12   0   4   2  19   3  11
6  13  14  17  10  12   0   4   2  19   3  11
6  13  14  17  10  12   0   4   2  19   3  11
6  13  14  17  10  12   0   4   2  19   3  11
6  13  14  17  10  12   0   4   2  19   3  11
6  13  14  17  10  12   4   2  19   3  11
6  13  14  17  10  12   4   2  19   3  11
6  13  14  17  10  12   4   2  19   3  11
6  13  14  17  10  12   4   2  19   3  11
6  13  14  17  10  12   4   2  19   3  11
6  13  14  17  10  12   4   2  19   3  11
6  13  14  17  10  12   4   2  19   3  11
6  13  14  17  10  12   4   2  19   3  11
6  13  14  17  10  12   4   2  19   3  11
6  13  14  17  10  12   4   2  19   3  11
6  13  14  17  10  12   4   2  19   3  11
6  13  14  17  10  12   4   2  19  11
6  13  14  17  10  12   4   2  19  11
6  13  14  17  10  12   4   2  19  11
6  13  14  17  10  12   4   2  19  11
6  13  14  17  10  12   4   2  19  11
6  13  14  17  10  12   4   2  19  11
6  13  14  17  10  12   4   2  19  11
6  13  14  17  10  12   4   2  19  11
6  13  14  17  10  12   4   2  19  11
6  13  14  17  10  12   4   2  19  11
6  13  14  17  10  12   4   2  19  11
6  13  14  17  10  12   4   2  19  11
6  13  14  17  10  12   4   2  19  11
6  13  14  17  10  12   4   2  19  11
6  13  14  17  10  12   4   2  19  11
6  13  14  17  10  12   4   2  19  11
6  13  14  17  10  12   4   2  19  11
6  13  14  17  10  12   4   2  19  11
6  13  14  17  10  12   4   2  19  11
6  13  14  17  10  12   4   2  19  11
6  13  14  17  10  12   4   2  19  11
6  13  14  17  10  12   4   2  19  11
6  13  14  17  10  12   4   2  19  11
6  13  14  17  10  12   4   2  19  11
6  13  14  17  10  12   4   2  19  11
6  13  14  17  10  12   4   2  19  11
6  13  14  17  10  12   4   2  19  11
6  13  14  17  10  12   4   2  19  11
6  13  14  17  10  12   4   2  19  11
6  13  14  17  10  12   4   2  19  11
6  13  14  17  10  12   4   2  19  11
6  13  14  17  10  12   4   2  19  11
6  13  14  17  10  12   4   2  19  11
6  13  14  17  10  12   4   2  19  11
6  13  14  17  10  12   4   2  19  11
6  13  14  17  10  12   4   2  19  11
6  13  14  17  10  12   4   2  19  11
6  13  14  17  10  12   4   2  19  11
6  13  14  17  10  12   4   2  19  11
6  13  14  17  10  12   4   2  19  11
6  13  14  17  10  12   4   2  11   5
6  13  14  17  10  12   4   2  11   5
6  13  14  17  10  12   4   2  11   5
6  13  14  17  10  12   4   2  11   5
6  13  14  17  10  12   4   2  11   5
6  13  14  17  10  12   4   2  11   5
6  13  14  17  10  12   4   2  11   5
6  13  14  17  10  12   4   2  11   5
6  13  14  17  10  12   4   2  11   5
6  13  14  17  10  12   4   2  11   5
6  13  14  17  10  12   4   2  11   5
6  13  14  17  10  12   4   2  11   5
6  13  14  17  10  12   4   2  11   5
6  13  14  17  10  12   4   2  11   5
6  13  14  17  10  12   4   2  11   5
6  13  14  17  10  12   4   2  11   5
6  13  14  17  10  12   4   2  11   5
6  13  14  17  10  12   4   2  11   5
6  13  14  17  10  12   4   2  11   5
6  13  14  17  10  12   4   2  11   5
6  13  14  17  10  12   4   2  11   5   9
6  13  14  17  10  12   4   2  11   5   9
6  13  14  17  10  12   4   2  11   5   9
6  13  14  17  10  12   4   2  11   5   9
6  13  14  17  10  12   4   2  11   5   9
6  13  14  17  10  12   4   2  11   5   9
6  13  14  17  10  12   4   2  11   5   9
6  13  14  17  10  12   4   2  11   5   9
6  13  14  17  10  12   4   2  11   5   9
6  13  14  17  10  12   4   2  11   5   9
6  13  14  17  10  12   4   2  11   5   9
6  13  14  17  10  12   4  11   5   9   7
6  13  14  17  10  12   4  11   5   9   7
6  13  14  17  10  12   4  11   5   9   7
6  13  14  17  10  12   4  11   5   9   7
6  13  14  17  10  12   4  11   5   9   7
6  13  14  17  10  12   4  11   5   9   7
6  13  14  17  10  12   4  11   5   9   7
6  13  14  17  10  12   4  11   5   9   7
6  13  14  17  10  12   4  11   5   9   7
6  13  14  17  10  12   4  11   5   9   7
6  13  14  17  10  12   4  11   5   9   7
6  13  14  17  10  12   4  11   5   9   7
6  13  14  17  10  12   4  11   5   9   7
6  13  14  17  10  12   4  11   5   9   7
6  13  14  17  10  12   4  11   5   9   7
6  13  14  17  10  12   4  11   5   9   7
6  13  14  17  10  12   4  11   5   9   7
6  13  14  17  10  12   4  11   5   9   7
6  13  14  17  10  12   4  11   5   9   7
6  13  14  17  10  12   4  11   5   9   7
6  13  14  17  10  12   4  11   5   9   7
6  13  14  17  10  12   4  11   5   9   7
6  13  14  17  10  12  11   5   9   7  16
6  13  14  17  10  12  11   5   9   7  16
6  13  14  17  10  12  11   5   9   7  16
6  13  14  17  10  12  11   5   9   7  16
6  13  14  17  10  12  11   5   9   7  16
6  13  14  17  10  12  11   5   9   7  16
6  13  14  17  10  12  11   5   9   7  16
6  13  14  17  10  12  11   5   9   7  16
6  13  14  17  10  12  11   5   9   7  16
6  13  14  17  10  12  11   5   9   7  16
6  13  14  17  10  12  11   5   9   7  16
6  13  14  17  10  12  11   5   9   7  16
6  13  14  17  10  12  11   5   9   7  16
6  13  14  17  10  12  11   5   9   7  16
6  13  14  17  10  12  11   5   9   7  16
6  13  14  17  10  12  11   5   9   7  16
6  13  14  17  10  12  11   5   9   7  16
6  13  14  17  10  12  11   5   9   7  16
6  13  14  17  10  12  11   5   9   7  16
6  13  14  17  10  12  11   5   9   7  16
6  13  14  17  10  12  11   5   9   7  16
6  13  14  17  10  12  11   5   9   7  16
6  13  14  17  10  12  11   5   9   7  16   8
6  13  14  17  10  12  11   5   9   7  16   8
6  13  14  17  10  12  11   5   9   7  16   8
6  13  14  17  10  12  11   5   9   7  16   8
6  13  14  17  10  12  11   5   9   7  16   8
6  13  14  17  10  12  11   5   9   7  16   8
6  13  14  17  10  12  11   5   9   7  16   8
6  13  14  17  10  12  11   5   9   7  16   8
6  13  14  17  10  12  11   5   9   7  16   8
6  13  14  17  10  12  11   5   9   7  16   8
6  13  14  17  10  12  11   5   9   7  16   8
6  13  14  17  10  12  11   5   9   7  16   8
6  13  14  17  10  12  11   5   9   7  16   8
6  13  14  17  10  12  11   5   9   7  16   8
6  13  14  17  10  12  11   5   9   7  16   8
6  13  14  17  10  12  11   5   9   7  16   8
6  13  14  17  10  12  11   5   9   7  16   8
6  13  14  17  10  12  11   5   9   7  16   8
6  13  14  17  10  12  11   5   9   7  16   8
6  13  14  17  10  12  11   5   9   7  16   8
6  13  14  17  10  12  11   5   9   7  16   8
6  13  14  17  10  12  11   5   9   7  16   8
6  13  14  17  10  12  11   5   9   7  16   8
6  13  14  17  10  12  11   5   9   7  16   8
6  13  14  17  10  12  11   5   9   7  16   8
6  13  14  17  10  12  11   5   9   7  16   8
6  13  14  17  10  12  11   5   9   7  16   8
6  13  14  17  10  12  11   5   9   7  16   8
6  13  14  17  10  12  11   5   9   7  16   8
6  13  14  17  10  12  11   5   9   7  16   8
6  13  14  17  10  12  11   5   9   7  16   8
6  13  14  17  10  12  11   5   9   7  16   8
6  13  14  17  10  12  11   5   9   7  16   8
6  13  14  17  10  12  11   5   9   7  16   8
6  13  14  17  10  12  11   5   9   7  16   8
6  13  14  17  10  12  11   5   9   7  16   8
6  13  14  17  10  12  11   5   9   7  16   8  15
6  13  14  17  10  12  11   5   9   7  16   8  15
6  13  14  17  10  12  11   5   9   7  16   8  15
6  13  14  17  10  12  11   5   9   7  16   8  15
6  13  14  17  10  12  11   5   9   7  16   8  15
6  13  14  17  10  12  11   5   9   7  16   8  15
6  13  14  17  10  12  11   5   9   7  16   8  15
6  13  14  17  10  12  11   5   9   7  16   8  15
6  13  14  17  10  12  11   5   9   7  16   8  15
6  13  14  17  10  12  11   5   9   7  16   8  15
6  13  14  17  10  12  11   5   9   7  16   8  15
6  13  14  17  10  12  11   5   9   7  16   8  15
6  13  14  17  10  12  11   5   9   7  16   8  15
6  13  14  17  10  12  11   5   9   7  16   8  15
6  13  14  17  10  12  11   5   9   7  16   8  15
6  13  14  17  10  12  11   5   9   7  16   8  15
6  13  14  17  10  12  11   5   9   7  16   8  15
6  13  14  17  10  12  11   5   9   7  16   8  15
6  13  14  17  10  12  11   5   9   7  16   8  15
6  13  14  17  10  12  11   5   9   7  16   8  15
6  13  14  17  10  12  11   5   9   7  16   8  15
6  13  14  17  10  12  11   5   9   7  16   8  15
6  13  14  17  10  12  11   5   9   7  16   8  15
6  13  14  17  10  12  11   5   9   7  16   8  15
6  13  14  17  10  12  11   5   9   7  16   8  15
6  13  14  17  10  12  11   5   9   7  16   8  15
6  13  14  17  12  11   5   9   7  16   8  15   1
6  13  14  17  12  11   5   9   7  16   8  15   1
6  13  14  17  12  11   5   9   7  16   8  15   1
6  13  14  17  12  11   5   9   7  16   8  15   1
6  13  14  17  12  11   5   9   7  16   8  15   1
6  13  14  17  12  11   5   9   7  16   8  15   1
6  13  14  17  12  11   5   9   7  16   8  15   1
6  13  14  17  12  11   5   9   7  16   8  15   1
6  13  14  17  12  11   5   9   7  16   8  15   1
6  13  14  17  12  11   5   9   7  16   8  15   1
6  13  14  17  12  11   5   9   7  16   8  15   1
6  13  14  17  12  11   5   9   7  16   8  15   1
6  13  14  17  12  11   5   9   7  16   8  15   1
6  13  14  17  12  11   5   9   7  16   8  15   1
6  13  14  17  12  11   5   9   7  16   8  15   1
6  13  14  17  12  11   5   9   7  16   8  15   1
6  13  14  17  12  11   5   9   7  16   8  15   1
6  13  14  17  12  11   5   9   7  16   8  15   1
6  13  14  17  12  11   5   9   7  16   8  15   1
6  13  14  17  12  11   5   9   7  16   8  15   1
6  13  14  17  12  11   5   9   7  16   8  15   1
6  13  14  17  12  11   5   9   7  16   8  15   1
6  13  14  17  12  11   5   9   7  16   8  15   1
6  13  14  17  12  11   5   9   7  16   8  15   1
6  13  14  17  12  11   5   9   7  16   8  15   1
6  13  14  17  12  11   5   9   7  16   8  15   1
6  13  14  17  12   5   9   7  16   8  15   1
6  13  14  17  12   5   9   7  16   8  15   1
6  13  14  17  12   5   9   7  16   8  15   1
6  13  14  17  12   5   9   7  16   8  15   1
6  13  14  17  12   5   9   7  16   8  15   1
6  13  14  17  12   5   9   7  16   8  15   1
6  13  14  17  12   5   9   7  16   8  15   1
6  13  14  17  12   5   9   7  16   8  15   1
6  13  14  17  12   5   9   7  16   8  15   1
6  13  14  17  12   5   9   7  16   8  15   1
6  13  14  17  12   5   9   7  16   8  15   1
6  13  14  17  12   5   9   7  16   8  15   1
6  13  14  17  12   5   9   7  16   8  15   1
6  13  14  17  12   5   9   7  16   8  15   1
6  13  14  17  12   5   9   7  16   8  15   1
6  13  14  17  12   5   9   7  16   8  15   1
6  13  14  17  12   5   9   7  16   8  15   1
6  13  14  17  12   5   9   7  16   8  15   1
6  13  14  17  12   5   9   7  16   8  15   1
6  13  14  17  12   5   9   7  16   8  15   1
6  13  14  17  12   5   9   7  16   8  15   1
6  13  14  17  12   5   9   7  16   8  15   1
6  13  14  17  12   5   9   7  16   8  15   1
6  13  14  17  12   5   9   7  16   8  15   1
6  13  14  17  12   5   9   7  16   8  15   1
6  13  14  17  12   5   9   7  16   8  15   1
6  13  14  17  12   5   9   7  16   8  15   1
6  13  14  17  12   5   9   7  16   8  15   1
6  13  14  17  12   5   9   7  16   8  15   1
6  13  14  17  12   5   9   7  16   8  15   1
6  13  14  17  12   5   9   7  16   8  15   1
6  13  14  17  12   5   9   7  16   8  15   1
6  13  14  17  12   5   9   7  16   8  15   1
6  13  14  17  12   5   9   7  16   8  15   1
6  13  14  17  12   5   9   7  16   8  15   1
6  13  14  17  12   5   9   7  16   8  15   1
6  13  14  17  12   5   9   7  16   8  15   1
6  13  14  17  12   5   9   7  16   8  15   1
6  13  14  17  12   5   9   7  16   8  15   1
6  13  14  17  12   5   9   7  16   8  15   1
6  13  14  17  12   5   9   7  16   8  15   1
6  13  14  17  12   5   9   7  16   8  15   1
6  13  14  17  12   5   9   7  16   8  15   1
6  13  14  17  12   5   9   7  16   8  15   1
6  13  14  17  12   5   9   7  16   8  15   1
6  13  14  17  12   5   9   7  16   8  15   1
6  13  14  17  12   5   9   7  16   8  15   1
6  13  14  17  12   5   9   7  16   8  15   1
6  13  14  17  12   5   9   7  16   8  15   1
6  13  14  17  12   5   9   7  16   8  15   1
6  13  14  17  12   5   9   7  16   8  15   1
6  13  14  17  12   5   9   7  16   8  15   1
6  13  14  17  12   5   9   7  16   8  15   1
6  13  14  17  12   5   9   7  16   8  15   1
6  13  14  17  12   5   9   7  16   8  15   1
6  13  14  17  12   5   9   7  16   8  15   1
6  13  14  17  12   5   9   7  16   8  15   1
6  13  14  17  12   5   9   7  16   8  15   1
6  13  14  17  12   5   9   7  16   8  15   1
6  13  14  17  12   5   9   7  16   8  15   1
6  13  14  17  12   5   9   7  16   8  15   1  18
6  13  14  17  12   5   9   7  16   8  15   1  18
6  13  14  17  12   5   9   7  16   8  15   1  18
6  13  14  17  12   5   9   7  16   8  15   1  18
6  13  14  17  12   5   9   7  16   8  15   1  18
6  13  14  17  12   5   9   7  16   8  15   1  18
6  13  14  17  12   5   9   7  16   8  15   1  18
6  13  14  17  12   5   9   7  16   8  15   1  18
6  13  14  17  12   5   9   7  16   8  15   1  18
6  13  14  17  12   5   9   7  16   8  15   1  18
6  13  14  17  12   5   9   7  16   8  15   1  18
6  13  14  17  12   5   9   7  16   8  15   1  18
6  13  14  17  12   5   9   7  16   8  15   1  18
6  13  14  17  12   5   9   7  16   8  15   1  18
6  13  14  17  12   5   9   7  16   8  15   1  18
6  13  14  17  12   5   9   7  16   8  15   1  18
6  13  14  17  12   5   9   7  16   8  15   1  18
6  13  14  17  12   5   9   7  16   8  15   1  18
6  13  14  17  12   5   9   7  16   8  15   1  18
6  13  14  17  12   5   9   7  16   8  15   1  18
6  13  14  17  12   5   9   7  16   8  15   1  18
6  13  14  17  12   5   9   7  16   8  15   1  18
6  13  14  17  12   5   9   7  16   8  15   1  18
6  13  14  17  12   5   9   7  16   8  15   1  18
6  13  14  17  12   5   9   7  16   8  15   1  18
6  13  14  17  12   5   9   7  16   8  15   1  18
6  13  14  17  12   5   9   7  16   8  15   1  18   0
6  13  14  17  12   5   9   7  16   8  15   1  18   0
6  13  14  17  12   5   9   7  16   8  15   1  18   0
6  13  14  17  12   5   9   7  16   8  15   1  18   0
6  13  14  17  12   5   9   7  16   8  15   1  18   0
6  13  14  17  12   5   9   7  16   8  15   1  18   0
6  13  14  17  12   5   9   7  16   8  15   1  18   0
6  13  14  17  12   5   9   7  16   8  15   1  18   0
6  13  14  17  12   5   9   7  16   8  15   1  18   0
6  13  14  17  12   5   9   7  16   8  15   1  18   0
6  13  14  17  12   5   9   7  16   8  15   1  18   0
6  13  14  17  12   5   9   7  16   8  15   1  18   0
6  13  14  17  12   5   9   7  16   8  15   1  18   0
6  13  14  17  12   5   9   7  16   8  15   1  18   0
6  14  17  12   5   9  16   8  15   1  18   0   3
6  14  17  12   5   9  16   8  15   1  18   0   3
6  14  17  12   5   9  16   8  15   1  18   0   3
6  14  17  12   5   9  16   8  15   1  18   0   3
6  14  17  12   5   9  16   8  15   1  18   0   3
6  14  17  12   5   9  16   8  15   1  18   0   3
6  14  17  12   5   9  16   8  15   1  18   0   3
6  14  17  12   5   9  16   8  15   1  18   0   3
6  14  17  12   5   9  16   8  15   1  18   0   3
6  14  17  12   5   9  16   8  15   1  18   0   3
6  14  17  12   5   9  16   8  15   1  18   0   3
6  14  17  12   5   9  16   8  15   1  18   0   3
6  14  17  12   5   9  16   8  15   1  18   0   3
6  14  17  12   5   9  16   8  15   1  18   0   3
6  14  17  12   5   9  16   8  15   1  18   0   3
6  14  17  12   5   9  16   8  15   1  18   0   3
6  14  17  12   5   9  16   8  15   1  18   0   3
6  14  17  12   5   9  16   8  15   1  18   0   3
6  14  17  12   5   9  16   8  15   1  18   0   3
6  14  17  12   5   9  16   8  15   1  18   0   3
6  14  17  12   5   9  16   8  15   1  18   0   3
6  14  17  12   5   9  16   8  15   1  18   0   3
6  14  17  12   5   9  16   8  15   1  18   0   3
6  14  17  12   5   9  16   8  15   1  18   0   3
6  14  17  12   5   9  16   8  15   1  18   0   3
6  14  17  12   5   9  16   8  15   1  18   0   3
6  14  17  12   5   9  16   8  15   1  18   0   3
6  14  17  12   5   9  16   8  15   1  18   0   3
6  14  17  12   5   9  16   8  15   1  18   0   3
6  14  17  12   5   9  16   8  15   1  18   0   3
6  14  17  12   5   9  16   8  15   1  18   0   3
6  14  17  12   5   9  16   8  15   1  18   0   3
6  14  17  12   5   9  16   8  15   1  18   0   3
6  14  17  12   5   9  16   8  15   1  18   0   3
6  14  17  12   5   9  16   8  15   1  18   0   3
6  14  17  12   5   9  16   8  15   1  18   0   3
6  14  17  12   5   9  16   8  15   1  18   0   3
6  14  17  12   5   9  16   8  15   1  18   0   3
6  14  17  12   5   9  16   8  15   1  18   0   3
6  14  17  12   5   9  16   8  15   1  18   0   3
6  14  17  12   5   9  16   8  15   1  18   0   3
6  14  17  12   5   9  16   8  15   1  18   0   3
6  14  17  12   5   9  16   8  15   1  18   0   3
6  14  17  12   5   9  16   8  15   1  18   0   3
6  14  17  12   5   9  16   8  15   1  18   0   3
6  14  17  12   5   9  16   8  15   1  18   0   3
6  14  17  12   5   9  16   8  15   1  18   0   3
6  14  17  12   5   9  16   8  15   1  18   0   3
6  14  17  12   5   9  16   8  15   1  18   0   3
6  14  17  12   5   9  16   8  15   1  18   0   3
6  14  17  12   5   9  16   8  15   1  18   0   3
6  14  17  12   5   9  16   8  15   1  18   0   3
6  14  17  12   5   9  16   8  15   1  18   0   3
6  14  17  12   5   9  16   8  15   1  18   0   3
6  14  17  12   5   9  16   8  15   1  18   0   3
6  14  17  12   5   9  16   8  15   1  18   0   3
6  14  17  12   5   9  16   8  15   1  18   0   3
6  14  17  12   5   9  16   8  15   1  18   0   3
6  14  17  12   5   9  16   8  15   1  18   0   3
6  14  17  12   5   9  16   8  15   1  18   0   3
6  14  17  12   5   9  16   8  15   1  18   0   3
6  14  17  12   5   9  16   8  15   1  18   0   3
6  14  17  12   5   9  16   8  15   1  18   0   3
6  14  17  12   5   9  16   8  15   1  18   0   3
6  14  17  12   5   9  16   8  15   1  18   0   3
6  14  17  12   5   9  16   8  15   1  18   0   3
6  14  17  12   5   9  16   8  15   1  18   0   3
6  14  17  12   5   9  16   8  15   1  18   0   3
6  14  17  12   5   9  16   8  15   1  18   0   3
6  14  17  12   5   9  16   8  15   1  18   0   3
6  14  17  12   5   9  16   8  15   1  18   0   3
6  14  17  12   5   9  16   8  15   1  18   0   3
6  14  17  12   5   9  16   8  15   1  18   0   3
6  14  17  12   5   9  16   8  15   1  18   0   3
6  14  17  12   5   9  16   8  15   1  18   0   3
6  14  17  12   5   9  16   8  15   1  18   0   3
6  14  17  12   5   9  16   8  15   1  18   0   3
6  14  17  12   5   9  16   8  15   1  18   0   3
6  14  17  12   5   9  16   8  15   1  18   0   3
6  14  17  12   5   9  16   8  15   1  18   0   3
6  14  17  12   5   9  16   8  15   1  18   0   3
6  14  17  12   5   9  16   8  15   1  18   0   3
6  14  17  12   5   9  16   8  15   1  18   0   3
6  14  17  12   5   9  16   8  15   1  18   0   3
6  14  17  12   5   9  16   8  15   1  18   0   3
6  14  17  12   5   9  16   8  15   1  18   0   3
6  14  17  12   5   9  16   8  15   1  18   0   3
6  14  17  12   5   9  16   8  15   1  18   0   3
6  14  17  12   5   9  16   8  15   1  18   0   3
6  14  17  12   5   9  16   8  15   1  18   0   3
6  14  17  12   5   9  16   8  15   1  18   0   3
6  14  17  12   5   9  16   8   1  18   0   3
6  14  17  12   5   9  16   8   1  18   0   3
6  14  17  12   5   9  16   8   1  18   0   3
6  14  17  12   5   9  16   8   1  18   0   3
6  14  17  12   5   9  16   8   1  18   0   3
6  14  17  12   5   9  16   8   1  18   0   3
6  14  17  12   5   9  16   8   1  18   0   3
6  14  17  12   5   9  16   8   1  18   0   3
6  14  17  12   5   9  16   8   1  18   0   3
6  14  17  12   5   9  16   8   1  18   0   3
6  14  17  12   5   9  16   8   1  18   0   3
6  14  17  12   5   9  16   8   1  18   0   3
6  14  17  12   5   9  16   8   1  18   0   3
6  14  17  12   5   9  16   8   1  18   0   3
6  14  17  12   5   9  16   8   1  18   0   3
6  14  17  12   5   9  16   8   1  18   0   3
6  14  17  12   5   9  16   8   1  18   0   3
6  14  17  12   5   9  16   8   1  18   0   3
6  14  17  12   5   9  16   8   1  18   0   3
6  14  17  12   5   9  16   8   1  18   0   3
6  14  17  12   5   9  16   8   1  18   0   3
6  14  17  12   5   9  16   8   1  18   0   3
6  14  17  12   5   9  16   8   1  18   0   3
6  14  17  12   5   9  16   8   1  18   0   3
6  14  17  12   5   9  16   8  18   0   3
6  14  17  12   5   9  16   8  18   0   3
6  14  17  12   5   9  16   8  18   0   3
6  14  17  12   5   9  16   8  18   0   3
6  14  17  12   5   9  16   8  18   0   3
6  14  17  12   5   9  16   8  18   0   3
6  14  17  12   5   9  16   8  18   0   3
6  14  17  12   5   9  16   8  18   0   3
6  14  17  12   5   9  16   8  18   0   3
6  14  17  12   5   9  16   8  18   0   3
6  14  17  12   5   9  16   8  18   0   3
6  14  17  12   5   9  16   8   0   3
6  14  17  12   5   9  16   8   0   3
6  14  17  12   5   9  16   8   0   3
6  14  17  12   5   9  16   8   0   3
6  14  17  12   5   9  16   8   0   3
6  14  17  12   5   9  16   8   0   3
6  14  17  12   5   9  16   8   0   3
6  14  17  12   5   9  16   8   0   3
6  14  17  12   5   9  16   8   0   3
6  14  17  12   5   9  16   8   0   3
6  14  17  12   5   9  16   8   0   3
6  14  17  12   5   9  16   8   0   3
6  14  17  12   5   9  16   8   0   3
6  14  17  12   5   9  16   8   0   3
6  14  17  12   5   9  16   8   0   3
6  14  17  12   5   9  16   8   0   3
6  14  17  12   5   9  16   8   0   3
6  14  17  12   5   9  16   8   0   3
6  14  17  12   5   9  16   8   0   3
6  14  17  12   5   9  16   8   0   3
6  14  17  12   5   9  16   8
6  14  17  12   5   9  16   8
6  14  17  12   5   9  16   8
6  14  17  12   5   9  16   8
6  14  17  12   5   9  16   8
6  14  17  12   5   9  16   8
6  14  17  12   5   9  16   8
6  14  17  12   5   9  16   8
6  14  17  12   5   9  16   8
6  14  17  12   5   9  16   8
6  14  17  12   5   9  16   8
6  14  17  12   5   9  16   8
6  14  17  12   5   9  16   8
6  14  17  12   5   9  16   8
6  14  17  12   5   9  16   8
6  14  17  12   5   9  16   8
6  14  17  12   5  16   8
6  14  17  12   5  16   8
6  14  17  12   5  16   8
6  14  17  12   5  16   8
6  14  17  12   5  16   8
6  14  17  12   5  16   8
6  14  17  12   5  16   8
6  14  17  12
6  14  17  12
6  14  17  12
6  14  17  12
6  14  17  12
6  14  17  12
6  14  17  12
6  14  17  12
6  14  17  12
6  14  17  12
6  14  17  12
6  14  17  12
6  14  17  12
6  14  17  12
6  14  17  12
6  14  17  12
6  14  17  12
6  14  17  12
6  14  17  12
6  14  17  12
