0
0
0  1
0  1
0  1
0  1
0  1
0  1
0  1
0  1
0  1
0  1
0  1
0  1
0  1
0  1
0  1  2
0  1  2
0  1  2
0  1  2
0  1  2
0  1  2
0  1  2  3
0  1  2  3
0  1  2  3
0  1  2  3
1  2  3
1  2  3
1  2  3
1  2  3
1  2  3
1  2  3
1  2  3
1  2  3
1  2  3
1  2  3  4
1  2  3  4
1  2  3  4
1  2  3  4
1  2  3  4
1  2  3  4
1  2  3  4
1  2  3  4
1  2  3  4
1  2  3  4
1  2  3  4
1  2  3  4
1  2  3  4
1  2  3  4
1  2  3  4
1  2  3  4
1  2  3  4
1  2  3  4
1  2  3  4
1  2  3  4
1  2  3  4
1  2  3  4
1  2  3  4
1  2  3  4
1  2  3  4
1  2  3  4
1  2  3  4
1  2  3  4
1  2  3  4
1  2  3  4
1  2  3  4
1  2  3  4
1  2  3  4
1  2  3  4
1  2  3  4
1  2  3  4
1  2  3  4
1  2  3  4
1  2  3  4
1  2  3  4
1  2  3  4  5
1  2  3  4  5
1  2  3  4  5
1  2  3  4  5
1  2  3  4  5
1  2  3  4  5
1  2  3  4  5
1  2  3  4  5
1  2  3  4  5
1  2  3  4  5
1  2  3  5
1  2  3  5
1  2  3  5
1  2  3  5
1  2  3  5
1  2  3  5
1  2  3  5
1  2  3  5
1  2  3  5
1  2  3  5
1  2  3  5
1  2  3  5
1  2  3  5
1  2  3  5
1  2  3  5
1  2  3  5
1  2  3  5  6
1  2  3  5  6
1  2  3  5  6
1  2  3  5  6
1  2  3  5  6
1  2  3  5  6
1  2  3  5  6
1  2  3  5  6
1  2  3  5  6
1  2  3  5  6
1  2  3  5  6
1  2  3  5  6
1  2  3  5  6
1  2  3  5  6
1  2  3  5  6
1  2  3  5  6
1  2  3  5  6
1  2  3  5  6
1  2  3  5  6
1  2  3  5  6
1  2  3  5  6
1  2  3  5  6
1  2  3  5  6
1  2  3  5  6
1  2  3  5  6
1  2  3  5  6
1  2  3  5  6
1  2  3  5  6
1  2  3  5  6
1  2  3  5  6
1  2  3  5  6
1  2  3  5  6
1  2  3  5  6
1  2  3  5  6
1  2  3  5  6
1  2  3  5  6
1  2  3  5  6
1  2  3  5  6
1  2  3  5  6
1  2  3  5  6
1  2  5  6
1  2  5  6
1  2  5  6
1  2  5  6
1  2  5  6
1  2  5  6
1  2  5  6
1  2  5  6
1  2  5  6  7
1  2  5  6  7
1  2  5  6  7
1  2  5  6  7
1  2  5  6  7
1  2  5  6  7
1  2  5  6  7
1  2  5  6  7
1  2  5  6  7
1  2  5  6  7
1  2  7
1  2  7
1  2  7
1  2  7
1  2  7
1  2  7
1  2  7
1  2  7
1  2  7
1  2  7  8
1  2  7  8
1  2  7  8
1  2  7  8
1  2  7  8
1  2  7  8
1  2  7  8
1  2  7  8
1  2  7  8  9
1  2  7  8  9
1  2  7  8  9
1  2  7  8  9
1  2  7  8  9
1  2  7  8  9
1  2  7  8  9
1  2  7  8  9
1  2  7  8  9
1  2  7  8  9
1  2  7  8  9
1  2  7  8  9
1  2  7  8  9
1  2  7  8  9
1  2  7  8  9
1   2   7   8   9  10
1   2   7   8   9  10
1   2   7   8   9  10
1   2   7   8   9  10
1   2   7   8   9  10
1   2   7   8   9  10
1   2   7   8   9  10
1   2   7   8   9  10
1   2   7   8   9  10
1   2   7   8   9  10
1   2   7   8   9  10
1   2   7   8   9  10
1   2   7   8   9  10
1   2   7   8   9  10
1   2   7   8   9  10
1   2   7   8   9  10
1   2   7   8   9  10
1   2   7   8   9  10
1   2   7   8   9  10  11
1   2   7   8   9  10  11
1   2   7   8   9  10  11
1   2   7   8   9  10  11
1   2   7   8   9  10  11
1   2   7   8   9  10  11
1   2   7   8   9  10  11
1   2   7   8   9  10  11  12
1   2   7   8   9  10  11  12
1   2   7   8   9  10  11  12
1   2   7   8   9  10  11  12
1   2   7   8   9  10  11  12
1   2   7   8   9  10  11  12
1   2   7   8   9  10  11  12
1   2   7   8   9  10  11  12
1   2   7   8   9  10  11  12
1   2   7   8   9  10  11  12
1   2   7   8   9  10  11  12
1   2   7   8   9  10  11  12
1   2   7   8   9  10  11  12
1   2   7   8   9  10  11  12
1   2   7   8   9  10  11  12
1   2   7   8   9  10  11  12
1   2   7   8   9  10  11  12  13
1   2   7   8   9  10  11  12  13
1   2   7   8   9  10  11  12  13
1   2   7   8   9  10  11  12  13
1   2   7   8   9  10  11  12  13
1   2   7   8   9  10  11  12  13
1   2   7   8   9  10  11  12  13
1   2   7   8   9  10  11  12  13
1   2   7   8   9  10  11  12  13
1   2   7   8   9  10  11  12  13
1   2   7   8   9  10  11  12  13
1   2   7   8   9  10  11  12  13
1   2   7   8   9  10  11  12  13
1   2   7   8   9  10  11  12  13
1   2   7   8   9  10  11  12  13
1   2   7   8   9  10  11  12  13
1   2   7   8   9  10  11  12  13
1   2   7   8   9  10  11  12  13
1   2   7   8   9  10  11  12  13
1   2   7   8   9  10  11  12  13
1   2   7   8   9  10  11  12  13
1   2   7   8   9  10  11  12  13
1   2   7   8   9  10  11  12  13
1   2   7   8   9  10  11  12  13
1   2   7   8   9  10  11  12  13
1   2   7   8   9  10  11  12  13
1   2   7   8   9  10  11  12  13
1   2   7   8   9  10  11  12  13
1   2   7   8   9  10  11  12  13
1   2   7   8   9  10  11  12  13
1   2   7   8   9  10  11  12  13
1   2   7   8   9  10  11  12  13
1   2   7   8   9  10  11  12  13
1   2   7   8   9  10  11  12  13
1   2   7   8   9  10  11  12  13
1   2   7   8   9  10  11  12  13
1   2   7   8   9  10  11  12  13
1   2   7   8   9  10  11  12  13
1   2   7   8   9  10  11  12  13
1   2   7   8   9  10  11  12  13
1   2   7   8   9  10  11  12  13
1   2   7   8   9  10  11  12  13
1   2   7   8   9  10  11  12  13
1   2   7   8   9  10  11  12  13
1   2   7   8   9  10  11  12  13
1   2   7   8   9  11  12  13  14
1   2   7   8   9  11  12  13  14
1   2   7   8   9  11  12  13  14
1   2   7   8   9  11  12  13  14
1   2   7   8   9  11  12  13  14
1   2   7   8   9  11  12  13  14
1   2   7   8   9  11  12  13  14
1   2   7   8   9  11  12  13  14
1   2   7   8   9  11  12  13  14
1   2   7   9  11  12  13  14  15
1   2   7   9  11  12  13  14  15
1   2   7   9  11  12  13  14  15
1   2   7   9  11  12  13  14  15
1   2   7   9  11  12  13  14  15
1   2   7   9  11  12  13  14  15
1   2   7   9  11  12  13  14  15
1   2   7   9  11  12  13  14  15
1   2   7   9  11  12  13  14  15
1   2   7   9  11  12  13  14  15
1   2   7   9  11  12  13  14  15
1   2   7   9  11  12  13  14  15
1   2   7   9  11  12  13  14  15
1   2   7   9  11  12  13  14  15
1   2   7   9  11  12  13  14  15
1   2   7   9  11  12  13  14  15
1   2   7   9  11  12  13  14  15
1   2   7   9  11  12  13  14  15
1   2   7   9  11  12  13  14  15
1   2   7   9  11  12  13  14  15
1   2   7   9  11  12  13  14  15
1   2   7   9  11  12  13  14  15
1   2   7   9  11  12  13  14  15
1   2   7   9  11  12  13  14  15
1   2   7   9  11  12  13  14  15
1   2   7   9  11  12  13  14  15
1   2   7   9  11  12  13  14  15
1   2   7   9  11  12  13  14  15  16
1   2   7   9  11  12  13  14  15  16
1   2   7   9  11  12  13  14  15  16
1   2   7   9  11  12  13  14  15  16
1   2   7   9  11  12  13  14  15  16
1   2   7   9  11  12  13  14  15  16
1   2   7   9  11  12  13  14  15  16
1   2   7   9  11  12  13  14  15  16
1   2   7   9  11  12  13  14  15  16
1   2   7   9  11  12  13  14  15  16
1   2   7   9  11  12  13  14  15  16  17
1   2   7   9  11  12  13  14  15  16  17
1   2   7   9  11  12  13  14  15  16  17
1   2   7   9  11  12  13  14  15  16  17
1   2   7   9  11  12  13  14  15  16  17
1   2   7   9  11  12  13  14  15  16  17
1   2   7   9  11  12  13  14  15  16  17
1   2   7   9  11  12  13  14  15  16  17
1   2   7   9  11  12  13  14  15  16  17
1   2   7   9  11  12  13  14  15  16  17
1   2   7   9  11  12  13  14  15  16  17
1   2   7   9  11  12  13  14  15  16  17
1   2   7   9  11  12  13  14  15  16  17
1   2   7   9  11  12  13  14  15  16  17
1   2   7   9  11  12  13  14  15  16  17
1   2   7   9  11  12  13  14  15  16  17
1   2   7   9  11  12  13  14  15  16  17
1   2   7   9  11  12  13  14  15  16  17
1   2   7   9  11  12  13  14  15  16  17
1   2   7   9  11  12  13  14  15  16  17
1   2   7   9  11  12  13  14  15  16  17
1   2   7   9  11  12  13  14  15  16  17
1   2   7   9  11  12  14  15  16  17
1   2   7   9  11  12  14  15  16  17
1   2   7   9  11  12  14  15  16  17
1   2   7   9  11  12  14  15  16  17
1   2   7   9  11  12  14  15  16  17
1   2   7   9  11  12  14  15  16  17
1   2   7   9  11  12  14  15  16  17
1   2   7   9  11  12  14  15  16  17
1   2   7   9  11  12  14  15  16  17
1   2   7   9  11  12  14  15  16  17
1   2   7   9  11  12  14  15  16  17
1   2   7   9  11  12  14  15  16  17
1   2   7   9  11  12  14  15  16  17
1   2   7   9  11  12  14  15  16  17
1   2   7   9  11  12  14  15  16  17
1   2   7   9  11  12  14  15  16  17
1   2   7   9  11  12  14  15  16  17
1   2   7   9  11  12  14  15  16  17
1   2   7   9  11  12  14  15  16  17
1   2   7   9  11  12  14  15  16  17
1   2   7   9  11  14  15  16  17
1   2   7   9  11  14  15  16  17
1   2   7   9  11  14  15  16  17
1   2   7   9  11  14  15  16  17
1   2   7   9  11  14  15  16  17
1   2   7   9  11  14  15  16  17
1   2   7   9  11  14  15  16  17
1   2   7   9  11  14  15  16  17
1   2   7   9  11  14  15  16  17
1   2   7   9  11  14  15  16  17
1   2   7   9  11  14  15  16  17
1   2   7   9  11  14  15  16  17
1   2   7   9  11  14  15  16  17
1   2   7   9  11  14  15  16  17
1   2   7   9  11  14  15  16  17
1   2   7   9  11  14  15  16  17
1   2   7   9  11  14  15  16  17
1   2   7   9  11  14  15  16  17
1   2   7   9  11  14  15  16  17
1   2   7   9  11  14  15  16  17
1   2   7   9  11  14  15  16  17
1   2   7   9  11  14  15  16  17
1   2   7   9  11  14  15  16  17
1   2   7   9  11  14  15  16  17
1   2   7   9  11  14  15  16  17
1   2   7   9  11  14  15  16  17
1   2   7   9  11  14  15  16  17
1   2   7  11  14  16  17
1   2   7  11  14  16  17
1   2   7  11  14  16  17
1   2   7  11  14  16  17
1   2   7  11  14  16  17
1   2   7  11  14  16  17
1   2   7  11  14  16  17
1   2   7  11  14  16  17
1   2   7  11  14  16  17
1   2   7  11  14  16  17
1   2   7  11  14  16  17
1   2   7  11  14  16  17
1   2   7  11  14  16  17
1   2   7  11  14  16  17
1   2   7  11  14  16  17
1   2   7  11  14  16  17
1   2   7  11  14  16  17
1   2   7  11  14  16  17
1   2   7  11  14  16  17
1   2   7  11  14  16  17
1   2   7  11  14  16  17
1   2   7  11  14  17
1   2   7  11  14  17
1   2   7  11  14  17
1   2   7  11  14  17
1   2   7  11  14  17
1   2   7  11  14  17
1   2   7  11  14  17
1   2   7  11  14  17
1   2   7  11  14  17
1   2   7  11  14  17
1   2   7  11  14  17
1   2   7  11  14  17
1   2   7  11  14  17
1   2   7  11  14  17
1   2   7  11  14  17
1   2   7  11  14  17
1   2   7  11  14  17
1   2   7  11  14  17
1   2   7  11  14  17
1   2   7  11  14  17
1   2   7  11  14  17
1   2   7  11  14  17
1   2   7  11  14  17
1   2   7  11  14  17
1   2   7  11  14  17
1   2   7  11  14  17
1   2   7  11  14  17
1   2   7  11  14  17
1   2   7  11  14  17
1   2   7  11  14  17
1   2   7  11  14  17
1   2   7  11  14  17
1   2   7  11  14  17
1   2   7  11  14  17
1   2   7  11  14  17
1   2   7  11  14  17
1   2   7  11  14  17
1   2   7  11  14  17
1   2   7  11  14  17
1   2   7  11  14  17
1   2   7  11  14  17
1   2   7  11  14  17
1   2   7  11  14  17
1   2   7  11  14  17
1   2   7  11  14  17
1   2   7  11  14  17
1   2   7  11  14  17
1   2   7  11  14  17
1   2   7  11  14
1   2   7  11  14
1   2   7  11  14
1   2   7  11  14
1   2   7  11  14
1   2   7  11  14
1   2   7  11  14
1   2   7  11  14
1   2   7  11  14
1   2   7  11  14
1   2   7  11  14
1   2   7  11  14
1   2   7  11  14
1   2   7  11  14
1   2   7  11  14
1   2   7  11  14
1   2   7  11  14
1   2   7  11  14
1   2   7  11  14
1   2   7  11  14
1   2   7  11  14
1   2   7  11  14
1   2   7  11  14
1   2   7  11  14
1   2   7  11  14
1   2   7  11  14
1   2   7  11  14
1   2   7  11  14
1   2   7  11  14
1   2   7  11  14
1   2   7  11  14
1   2   7  11  14
1   2   7  11  14
1   2   7  11  14
1   2   7  11  14
1   2   7  11  14
1   2   7  11  14
1   2   7  11  14
1   2   7  11  14
1   2   7  11  14
1   2   7  11
1   2   7  11
1   2   7  11
1   2   7  11
1   2   7  11
1   2   7  11
1   2   7  11
1   2   7  11
1   2   7  11
1   2   7  11
1   2   7  11
1   2   7  11
1   2   7  11
1   2   7  11
1   2   7  11
1   2   7  11
1   2   7  11
1   2   7  11
1   2   7  11
1   2   7  11
1   2   7  11
1   2   7  11
1   2   7  11
1   2   7  11
1   2   7  11
1   2   7  11
1   2   7  11
1   2   7  11
1   2   7  11
1   2   7  11
1   2   7  11
1   2   7  11
1   2   7  11
1   2   7  11
1   2   7  11
1   2   7  11
1   2   7  11
1   2   7  11
1   2   7  11
1   2   7  11
1   2   7  11
1   2   7  11
1   2   7  11
1   2   7  11
1   2   7  11
1   2   7  11
1   2   7  11
1   2   7  11
1   2   7  11
1   2   7  11
1   2   7  11
1   2   7  11
1   2   7  11
1   2   7  11
1   2   7  11
1   2   7  11
1   2   7  11
1   2   7  11
1   2   7  11
1   2   7  11
1   2   7  11
1   2   7  11
1   2   7  11
1   2   7  11
1   2   7  11
1   2   7  11
1   2   7  11
1   2   7  11
1   2   7  11
1   2   7  11
1   2   7  11
1   2   7  11
1   2   7  11
1   2   7  11
1   2   7  11
1   2   7  11
1   2   7  11
1   2   7  11
1   2   7  11
1   2   7  11
1   2   7  11
1   2   7  11
1   2   7  11
1   2   7  11
1   2   7  11
1   2   7  11
1   2   7  11
1   2   7  11
1   2   7  11
1   2   7  11
1   2   7  11
1   2   7  11
1   2   7  11
1   2   7  11
1   2   7  11
1   2   7  11
1   2   7  11
1   2   7  11
1   2   7  11
1   2   7  11
1   2   7  11
1   2   7  11
1   2   7  11
1   2   7  11
1   2   7  11
1   2   7  11
1   2   7  11
1   2   7  11
1   2   7  11
1   2   7  11
1   2   7  11
1   2   7  11
1   2   7  11
1   2   7  11
1   2   7  11
1   2   7  11
1   2   7  11
1   2   7  11
1   2   7  11
1   2   7  11
1   2   7  11
1   2   7  11
1   2   7  11
1   2   7  11
1   2   7  11
1   2   7  11
1   2   7  11
1   2   7  11
1   2   7  11
1   2   7  11
1   2   7  11
1   2   7  11
1   2   7  11  18
1   2   7  11  18
1   2   7  11  18
1   2   7  11  18
1   2   7  11  18
1   2   7  11  18
1   2   7  11  18
1   2   7  11  18
1   2   7  11  18
1   2   7  11  18
1   2   7  11  18
1   2   7  11  18
1   2   7  11  18
1   2   7  11  18
1   2   7  11  18
1   2   7  11  18
1   2   7  11  18
1   2   7  11  18
1   2   7  11  18
1   2   7  11  18
1   2   7  11  18
1   2   7  11  18
1   2   7  11  18
1   2   7  11  18
1   2   7  11  18
1   2   7  11  18
1   2   7  11  18
1   2   7  11  18
1   2   7  11  18
1   2   7  11  18
1   2   7  11  18
1   2   7  11  18
1   2   7  11  18
1   2   7  11  18
1   2   7  11  18
1   2   7  11  18
1   2   7  11  18
1   2   7  11  18
1   2   7  11  18
1   2   7  11  18
1   2   7  11  18
1   2   7  11  18
1   2   7  11  18
1   2   7  11  18
1   2   7  11  18
1   2   7  11  18
1   2   7  11  18
1   2   7  11  18
1   2   7  11  18
1   2   7  11  18
1   2   7  11  18
1   2   7  11  18
1   2   7  11  18
1   2   7  11  18
1   2   7  11  18
1   2   7  11  18
1   2   7  11  18
1   2   7  11  18
1   2   7  11  18
1   2   7  11  18
1   2   7  11  18  19
1   2   7  11  18  19
1   2   7  11  18  19
1   2   7  11  18  19
1   2   7  11  18  19
1   2   7  11  18  19
1   2   7  11  19
1   2   7  11  19
1   2   7  11  19
1   2   7  11  19
1   2   7  11  19
1   2   7  11  19
1   2   7  11  19
1   2   7  11  19
1   2   7  11  19
1   2   7  11  19
1   2   7  11  19
1   2   7  11  19
1   2   7  11  19
1   2   7  11  19
1   2   7  11  19
1   2   7  11  19
1   2   7  11  19
1   2   7  11  19
1   2   7  11  19
1   2   7  11  19
1   2   7  11  19
1   2   7  11  19
1   2   7  11  19
1   2   7  11  19
1   2   7  11  19
1   2   7  11  19   0
1   2   7  11  19   0
1   2   7  11  19   0
1   2   7  11  19   0
1   2   7  11  19   0
1   2   7  11  19   0
1   2   7  11  19   0
1   2   7  11  19   0
1   2   7  11  19   0
1   2   7  11  19   0
1   2   7  11  19   0
1   2   7  11  19   0
1   2   7  11  19   0
1   2   7  11  19   0
1   2   7  11  19   0
1   2   7  11  19   0
1   2   7  11  19   0
1   2   7  11  19   0
1   2   7  11  19   0
1   2   7  11  19   0
1   2   7  11  19   0
1   2   7  11  19   0
1   2   7  11  19   0
1   2   7  11  19   0
1   2   7  11  19   0
1   2   7  11  19   0
1   2   7  11  19   0
1   2   7  11  19   0
1   2   7  11  19   0
1   2   7  11  19   0
1   2   7  11  19   0   4
1   2   7  11  19   0   4
1   2   7  11  19   0   4
1   2   7  11  19   0   4
1   2   7  11  19   0   4
1   2   7  11  19   0   4
1   2   7  11  19   0   4
1   2   7  11  19   0   4
1   2   7  11  19   0   4
1   2   7  11  19   0   4
1   2   7  11  19   0   4
1   2   7  11  19   0   4
1   2   7  11  19   0   4
1   2   7  11  19   0   4
1   2   7  11  19   0   4   3
1   2   7  11  19   0   4   3
1   2   7  11  19   0   4   3
1   2   7  11  19   0   4   3
1   2   7  11  19   0   4   3
1   2   7  11  19   0   4   3
1   2   7  11  19   0   4   3
1   2   7  11  19   0   4   3
1   2   7  11  19   0   4   3
1   2   7  11  19   0   4   3
1   2   7  11  19   0   4   3
1   2   7  11  19   0   4   3
1   2   7  11  19   0   4   3
1   2   7  11  19   0   4   3
1   2   7  11  19   0   4   3
1   2   7  11  19   0   4   3
1   2   7  11  19   0   4   3
1   2   7  11  19   0   4   3
1   2   7  11  19   0   4   3
1   2   7  11  19   0   4   3
1   2   7  11  19   0   4   3
1   2   7  11  19   0   4   3
1   2   7  11  19   0   4   3
1   2   7  11  19   0   4   3
1   2   7  11  19   0   4   3   5
1   2   7  11  19   0   4   3   5
1   2   7  11  19   0   4   3   5
1   2   7  11  19   0   4   3   5
1   2   7  11  19   0   4   3   5
1   2   7  11  19   0   4   3   5
1   2   7  11  19   0   4   3   5
1   2   7  11  19   0   4   3   5
1   2   7  11  19   0   4   3   5
1   2   7  11  19   0   4   3   5   6
1   2   7  11  19   0   4   3   5   6
1   2   7  11  19   0   4   3   5   6
1   2   7  11  19   0   4   3   5   6
1   2   7  11  19   0   4   3   5   6
1   2   7  11  19   0   4   3   5   6
1   2   7  11  19   0   4   3   5   6
1   2   7  11  19   0   4   3   5   6
1   2   7  11  19   0   4   3   5   6
1   2   7  11  19   0   4   3   5   6
1   2   7  11  19   0   4   3   5   6
1   2   7  11  19   0   4   3   5   6
1   2   7  11  19   0   4   3   5   6
1   2   7  11  19   0   4   3   5   6
1   2   7  11  19   0   4   3   5   6
1   2   7  11  19   0   4   3   5   6
1   2   7  11  19   0   4   3   5   6
1   2   7  11  19   0   4   3   5   6
1   2   7  11  19   0   4   3   5   6
1   2   7  11  19   0   4   3   5   6
1   2   7  11  19   0   4   3   5   6
1   2   7  11  19   0   4   3   5   6
1   2   7  11  19   0   4   3   5   6
1   2   7  11  19   0   4   3   5   6
1   2   7  11  19   0   4   3   5   6
1   2   7  11  19   0   4   3   5   6
1   2   7  11  19   0   4   3   5   6
1   2   7  11  19   0   4   3   5   6
1   2   7  11  19   0   4   3   5   6
1   2   7  11  19   0   4   3   5   6
1   2   7  11  19   0   4   3   5   6  10
1   2   7  11  19   0   4   3   5   6  10
1   2   7  11  19   0   4   3   5   6  10
1   2   7  11  19   0   4   3   5   6  10
1   2   7  11  19   0   4   3   5   6  10
1   2   7  11  19   0   4   3   5   6  10
1   2   7  11  19   0   4   3   5   6  10
1   2   7  11  19   0   4   3   5   6  10
1   2   7  11  19   0   4   3   5   6  10
1   2   7  11  19   0   4   3   5   6  10
1   2   7  11  19   0   4   3   5   6  10
1   2   7  11  19   0   4   3   5   6  10
1   2   7  11  19   0   4   3   5   6  10
1   2   7  11  19   0   4   3   5   6  10
1   2   7  11  19   0   4   3   5   6  10
1   2   7  11  19   0   4   3   5   6  10
1   2   7  11  19   0   4   3   5   6  10
1   2   7  11  19   0   4   3   5   6  10
1   2   7  11  19   0   4   3   5   6  10
1   2   7  11  19   0   4   3   5   6  10
1   2   7  11  19   0   4   3   5   6  10
1   2   7  11  19   0   4   3   5   6  10
1   2   7  11  19   0   4   3   5   6  10   8
1   2   7  11  19   0   4   3   5   6  10   8
1   2   7  11  19   0   4   3   5   6  10   8
1   2   7  11  19   0   4   3   5   6  10   8
1   2   7  11  19   0   4   3   5   6  10   8
1   2   7  11  19   0   4   3   5   6  10   8
1   2   7  11  19   0   4   3   5   6  10   8
1   2   7  11  19   0   4   3   5   6  10   8
1   2   7  11  19   0   4   3   5   6  10   8
1   2   7  11  19   0   4   3   5   6  10   8
1   2   7  11  19   0   4   3   5   6  10   8
1   2   7  11  19   0   4   3   5   6  10   8
1   2   7  11  19   0   3   5   6  10   8
1   2   7  11  19   0   3   5   6  10   8
1   2   7  11  19   0   3   5   6  10   8
1   2   7  11  19   0   3   5   6  10   8
1   2   7  11  19   0   3   5   6  10   8
1   2   7  11  19   0   3   5   6  10   8
1   2   7  11  19   0   3   5   6  10   8
1   2   7  11  19   0   3   5   6  10   8
1   2   7  11  19   0   3   5   6  10   8
1   2   7  11  19   0   3   5   6  10   8
1   2   7  11  19   0   3   5   6  10   8
1   2   7  11  19   0   3   5   6  10   8
1   2   7  11  19   0   3   5   6  10   8
1   2   7  11  19   0   3   5   6  10   8
1   2   7  11  19   0   3   5   6  10   8
1   2   7  11  19   0   3   5   6  10   8
1   2   7  11  19   0   3   5   6  10   8
1   2   7  11  19   0   3   5   6  10   8
1   2   7  11  19   0   3   5   6  10   8
1   2   7  11  19   0   3   5   6  10   8
1   2   7  11  19   0   3   5   6  10   8
1   2   7  11  19   0   3   5   6  10   8
1   2   7  11  19   0   3   5   6  10   8
1   2   7  11  19   0   3   5   6  10   8
1   2   7  11  19   0   3   5   6  10   8
1   2   7  11  19   0   3   5   6  10   8
1   2   7  11  19   0   3   5   6  10   8
1   2   7  11  19   0   3   5   6  10   8
1   2   7  11  19   0   3   5   6  10   8
1   2   7  11  19   0   3   5   6  10   8
1   2   7  11  19   0   3   5   6  10   8
1   2   7  11  19   0   3   5   6  10   8
1   2   7  11  19   0   3   5   6  10   8
1   2   7  11  19   0   3   5   6  10   8
1   2   7  11  19   0   3   5   6  10   8
1   2   7  11  19   0   3   5   6  10   8
1   2   7  11  19   0   3   5   6  10   8
1   2   7  11  19   0   3   5   6  10   8
1   2   7  11  19   0   3   5   6  10   8
1   2   7  11  19   0   3   5   6  10   8
1   2   7  11  19   0   3   5   6  10   8
1   2   7  11  19   0   3   5   6  10   8
1   2   7  11  19   0   3   5   6  10   8
1   2   7  11  19   0   3   5   6  10   8
1   2   7  11  19   0   3   5   6  10   8
1   2   7  11  19   0   3   5   6  10   8
1   2   7  11  19   0   3   5   6  10   8
1   2   7  11  19   0   3   5   6  10   8
1   2   7  11  19   0   3   5   6  10   8
1   2   7  11  19   0   3   5   6  10   8
1   2   7  11  19   0   3   5   6  10   8
1   2   7  11  19   0   3   5   6  10   8
1   2   7  11  19   0   3   5   6  10   8
1   2   7  11  19   0   3   5   6  10   8
1   2   7  11  19   0   3   5   6  10   8
1   2   7  11  19   0   3   5   6  10   8
1   2   7  11  19   0   3   5   6  10   8
1   2   7  11  19   0   3   5   6  10   8
1   2   7  11  19   0   3   5   6  10   8
1   2   7  11  19   0   3   5   6  10   8
1   2   7  11  19   0   3   5   6  10   8
1   2   7  11  19   0   3   5   6  10   8
1   2   7  11  19   0   3   5   6  10   8
1   2   7  11  19   0   3   5   6  10   8
1   2   7  11  19   0   3   5   6  10   8
1   2   7  11  19   0   3   5   6  10   8
1   2   7  11  19   0   3   6  10   8
1   2   7  11  19   0   3   6  10   8
1   2   7  11  19   0   3   6  10   8
1   2   7  11  19   0   3   6  10   8
1   2   7  11  19   0   3   6  10   8
1   2   7  11  19   0   3   6  10   8
1   2   7  11  19   0   3   6  10   8
1   2   7  11  19   0   3   6  10   8
1   2   7  11  19   0   3   6  10   8
1   2   7  11  19   0   3   6  10   8
1   2   7  11  19   0   3   6  10   8
1   2   7  11  19   0   3   6  10   8
1   2   7  11  19   0   3   6  10   8
1   2   7  11  19   0   3   6  10   8
1   2   7  11  19   0   3   6  10   8
1   2   7  11  19   0   3   6  10   8
1   2   7  11  19   0   3   6  10   8
1   2   7  11  19   0   3   6  10   8
1   2   7  11  19   0   3   6  10   8
1   2   7  11  19   0   3   6  10   8
1   2   7  11  19   0   3   6  10   8
1   2   7  11  19   0   3   6  10   8
1   2   7  11  19   0   3   6  10   8
1   2   7  11  19   0   3   6  10   8
1   2   7  11  19   0   3   6  10   8
1   2   7  11  19   0   3   6  10   8
1   2   7  11  19   0   3   6  10   8
1   2   7  11  19   0   3   6  10   8
1   2   7  11  19   0   3   6  10   8
1   2   7  11  19   0   3   6  10   8
1   2   7  11  19   3   6  10   8
1   2   7  11  19   3   6  10   8
1   2   7  11  19   3   6  10   8
1   2   7  11  19   3   6  10   8
1   2   7  11  19   3   6  10   8
1   2   7  11  19   3   6  10   8
1   2   7  11  19   3   6  10   8
1   2   7  11  19   3   6  10   8
1   2   7  11  19   3   6  10   8
1   2   7  11  19   3   6   8
1   2   7  11  19   3   6   8
1   2   7  11  19   3   6   8
1   2   7  11  19   3   6   8
1   2   7  11  19   3   6   8
1   2   7  11  19   3   6   8
1   2   7  11  19   3   6   8
1   2   7  11  19   3   6   8
1   2   7  11  19   3   6
1   2   7  11  19   3   6
1   2   7  11  19   3   6
1   2   7  11  19   3   6
1   2   7  11  19   3   6
1   2   7  11  19   3   6
1   2   7  11  19   3   6
1   2   7  11  19   3   6
1   2   7  11  19   3   6
1   2   7  11  19   3   6
1   2   7  11  19   3   6
1   2   7  11  19   3   6
1   2   7  11  19   3   6
1   2   7  11  19   3   6
1   2   7  11  19   3
1   2   7  11  19   3
1   2   7  11  19   3
1   2   7  11  19   3
1   2   7  11  19   3
1   2   7  11  19   3
1   2   7  11  19   3
1   2   7  11  19   3
1   2   7  11  19   3
1   2   7  11  19   3
1   2   7  11  19   3
1   2   7  11  19   3
1   2   7  11  19   3
1   2   7  11  19   3
1   2   7  11  19   3
1   2   7  11  19   3
1   2   7  11  19   3
1   2   7  11  19   3
2   7  11  19   3
2   7  11  19   3
2   7  11  19   3
2   7  11  19   3
2   7  11  19   3
2   7  11  19   3
2   7  11  19   3
2   7  11  19   3
2   7  11  19   3
2   7  11  19   3
2   7  11  19   3
2   7  11  19   3
2   7  11  19   3
2   7  11  19   3
2   7  11  19   3
2   7  11  19   3
2   7  11  19   3
2   7  11  19   3
2   7  11  19   3
2   7  11  19   3
2   7  11  19   3
2   7  11  19   3
2   7  11  19   3
2   7  11  19   3
2   7  11  19   3
2   7  11   3
2   7  11   3
2   7  11   3
2   7  11   3
2   7  11   3
2   7  11   3
2   7  11   3
2   7  11   3
2   7  11   3
2   7  11   3
2   7  11   3
2   7  11   3
2   7  11   3
2   7  11   3
2   7  11   3
2   7  11   3
2   7  11   3
2   7  11   3
2   7  11   3
2   7  11   3
2   7  11   3
2   7  11   3
2   7  11   3
2   7  11   3
2   7  11   3
2   7  11   3
2   7  11   3
2   7  11   3
2   7  11   3
2   7  11   3
2   7  11   3
2   7  11   3
2   7  11   3
2   7  11   3
2   7  11   3
2   7  11   3
2   7  11   3
2   7  11   3
2   7  11   3
2   7  11   3
2   7  11   3
2   7  11   3
2   7  11   3
2   7  11   3
2   7  11   3
2   7  11   3
2   7  11   3
2   7  11   3
2   7  11   3
2   7  11   3
2   7  11   3
2   7  11   3
2   7  11   3
2   7  11   3
2   7  11   3
2   7  11   3
2   7  11   3
2   7  11   3
2   7  11   3
2   7  11   3
2   7  11   3
2   7  11   3
2   7  11   3
2   7  11   3
2   7  11   3
2   7  11   3
2   7  11   3
2   7  11   3
2   7  11   3
2   7  11   3
2   7  11   3
2   7  11   3
2   7  11   3
2   7  11   3
2   7  11   3
2   7  11   3
2   7  11   3
2   7  11   3
2   7  11   3
2   7  11   3
2   7  11   3
2   7  11   3
2   7  11   3
2   7  11   3
2   7  11   3
2   7  11   3
2   7  11   3
2   7  11   3
2   7  11   3
2   7  11   3
2   7  11   3
2   7  11   3
2   7  11   3
2   7  11   3
2   7  11   3
2   7  11   3
2   7  11   3
2   7  11   3
2   7  11   3
2   7  11   3
2   7  11   3
2   7  11   3
2   7  11   3
2   7  11   3
2   7  11   3
2   7  11   3
2   7  11   3
2   7  11   3
2   7  11   3
2   7  11   3
2   7  11   3
2   7  11   3
2   7  11   3
2   7  11   3
2   7  11   3
2   7  11   3
2   7  11   3
2   7  11   3
2   7  11   3
2   7  11   3
2   7  11   3
2   7  11   3
2   7  11   3
2   7  11   3
2   7  11   3
2   7  11   3
2   7  11   3
2   7  11   3
2   7  11   3
2   7  11   3
2   7  11   3
2   7  11   3
2   7  11   3
2   7  11   3
2   7  11   3
2   7  11   3
2   7  11   3
2   7  11   3
2   7  11   3
2   7  11   3
2   7  11   3
2   7  11   3
2   7  11   3
2   7  11   3
2   7  11   3
2   7  11   3
2   7  11   3
2   7  11   3
2   7  11   3
2   7  11   3
2   7  11   3
2   7  11   3
2   7  11   3
2   7  11   3
2   7  11   3
2   7  11   3
2   7  11   3
2   7  11   3
2   7  11   3
2   7  11   3
2   7  11   3
2   7  11   3
2   7  11   3
2   7  11   3
2   7  11   3
2   7  11   3
2   7  11   3
2   7  11   3
2   7  11   3
2   7  11   3
2   7  11   3
2   7  11   3
2   7  11   3
2   7  11   3
2   7  11   3
2   7  11   3
2   7  11   3
2   7  11   3
2   7  11   3
2   7  11   3
2   7  11   3
2   7  11   3
2   7  11   3
2   7  11   3
2   7  11   3
2   7  11   3
2   7  11   3
2   7  11   3
2   7  11   3
2   7  11   3
2   7  11   3
2   7  11   3
2   7  11   3
2   7  11   3
2   7  11   3
2   7  11   3
2   7  11   3
2   7  11   3
2   7  11   3
2   7  11   3
2   7  11   3
2   7  11   3
2   7  11   3
2   7  11   3
2   7  11   3
2   7  11   3
2   7  11   3
2   7  11   3
2   7  11   3
2   7  11   3
2   7  11   3
2   7  11   3
2   7  11   3
2   7  11   3
2   7  11   3
2   7  11   3
2   7  11   3
2   7  11   3
2   7  11   3
2   7  11   3
2   7  11   3
2   7  11   3
2   7  11   3
2   7  11   3
2   7  11   3
2   7  11   3
2   7  11   3
2   7  11   3
2   7  11   3
2   7  11   3
2   7  11   3
2   7  11   3
2   7  11   3
2   7  11   3
2   7  11   3
2   7  11   3
2   7  11   3
2   7  11   3
2   7  11   3
2   7  11   3
2   7  11   3
2   7  11   3
2   7  11   3
2   7  11   3
2   7  11   3
2   7  11   3
2   7  11   3
2   7  11   3
2   7  11   3
2   7  11   3
2   7  11   3
2   7  11   3
2   7  11   3
2   7  11   3
2   7  11   3
2   7  11   3
2   7  11   3
2   7  11   3
2   7  11   3
2   7  11   3
2   7  11   3
2   7  11   3
2   7  11   3
2   7  11   3
2   7  11   3
2   7  11   3
2   7  11   3
2   7  11   3
2   7  11   3
2   7  11   3
2   7  11   3
2   7  11   3
2   7  11   3
2   7  11   3
2   7  11   3
2   7  11   3
2   7  11   3
2   7  11   3
2   7  11   3
2   7  11   3
2   7  11   3
2   7  11   3
2   7  11   3
2   7  11   3
2   7  11   3
2   7  11   3
2   7  11   3
2   7  11   3
2   7  11   3
2   7  11   3
2   7  11   3
2   7  11   3
2   7  11   3
2   7  11   3
2   7  11   3
2   7  11   3
2   7  11   3
2   7  11   3
2   7  11   3
2   7  11   3
2   7  11   3
2   7  11   3
2   7  11   3
2   7  11   3
2   7  11   3
2   7  11   3
2   7  11   3
2   7  11   3
2   7  11   3
2   7  11   3
2   7  11   3
2   7  11   3
2   7  11   3
2   7  11   3
2   7  11   3
2   7  11   3
2   7  11   3
2   7  11   3
2   7  11   3
2   7  11   3
2   7  11   3
2   7  11   3
2   7  11   3
2   7  11   3
2   7  11   3
2   7  11   3
2   7  11   3
2   7  11   3
2   7  11   3
2   7  11   3
2   7  11   3
2   7  11   3
2   7  11   3
2   7  11   3
2   7  11   3
2   7  11   3
2   7  11   3
2   7  11   3
2   7  11   3
2   7  11   3
2   7  11   3
2   7  11   3
2   7  11   3
2   7  11   3
2   7  11   3
2   7  11   3
2   7  11   3
2   7  11   3
2   7  11   3
2   7  11   3
2   7  11   3
2   7  11   3
2   7  11   3
2   7  11   3
2   7  11   3
2   7  11   3
2   7  11   3
2   7  11   3
2   7  11   3
2   7  11   3
2   7  11   3
2   7  11   3
2   7  11   3
2   7  11   3
2   7  11   3
2   7  11   3
2   7  11   3
2   7  11   3
2   7  11   3
2   7  11   3
2   7  11   3
2   7  11   3
2   7  11   3
2   7  11   3
2   7  11   3
2   7  11   3
2   7  11   3
2   7  11   3
2   7  11   3
2   7  11   3
2   7  11   3
2   7  11   3
2   7  11   3
2   7  11   3
2   7  11   3
2   7  11   3
2   7  11   3
2   7  11   3
2   7  11   3
2   7  11   3
2   7  11   3
2   7  11   3
2   7  11   3
2   7  11   3
2   7  11   3
2   7  11   3
2   7  11   3
2   7  11   3
2   7  11   3
2   7  11   3
2   7  11   3
2   7  11   3
2   7  11   3
2   7  11   3
2   7  11   3
2   7  11   3
2   7  11   3
2   7  11   3
2   7  11   3
2   7  11   3
2   7  11   3
2   7  11   3
2   7  11   3
2   7  11   3
2   7  11   3
2   7  11   3
2   7  11   3
2   7  11   3
2   7  11   3
2   7  11   3
2   7  11   3
2   7  11   3
2   7  11   3
2   7  11   3
2   7  11   3
2   7  11   3
2   7  11   3
2   7  11   3
2   7  11   3
2   7  11   3
2   7  11   3
2   7  11   3
2   7  11   3
2   7  11   3
2   7  11   3
2   7  11   3
2   7  11   3
2   7  11   3
2   7  11   3
2   7  11   3
2   7  11   3
2   7  11   3
2   7  11   3
2   7  11   3
2   7  11   3
2   7  11   3
2   7  11   3
2   7  11   3
2   7  11   3
2   7  11   3
2   7  11   3
2   7  11   3
2   7  11   3
2   7  11   3
2   7  11   3
2   7  11   3
2   7  11   3
2   7  11   3
2   7  11   3
2   7  11   3
2   7  11   3
2   7  11   3
2   7  11   3
2   7  11   3
2   7  11   3
2   7  11   3
2   7  11   3
2   7  11   3
2   7  11   3
2   7  11   3
2   7  11   3
2   7  11   3
2   7  11   3
2   7  11   3
2   7  11   3
2   7  11   3
2   7  11   3
2   7  11   3
2   7  11   3
2   7  11   3
2   7  11   3
2   7  11   3
2   7  11   3
2   7  11   3
2   7  11   3
2   7  11   3
2   7  11   3
2   7  11   3
2   7  11   3
2   7  11   3
2   7  11   3
2   7  11   3
2   7  11   3
2   7  11   3
2   7  11   3
2   7  11   3
2   7  11   3
2   7  11   3
2   7  11   3
2   7  11   3
2   7  11   3  13
2   7  11   3  13
2   7  11   3  13
2   7  11   3  13
2   7  11   3  13
2   7  11   3  13
2   7  11   3  13
2   7  11   3  13
2   7  11   3  13
2   7  11   3  13
2   7  11   3  13  12
2   7  11   3  13  12
2   7  11   3  13  12
2   7  11   3  13  12
2   7  11   3  13  12
2   7  11   3  13  12
2   7  11   3  13  12   9
2   7  11   3  13  12   9
2   7  11   3  13  12   9
2   7  11   3  13  12   9
2   7  11   3  13  12   9
2   7  11   3  13  12   9
2   7  11   3  13  12   9
2   7  11   3  13  12   9
2   7  11   3  13  12   9
2   7  11   3  13  12   9
2   7  11   3  13  12   9
2   7  11   3  13  12   9
2   7  11   3  13  12   9
2   7  11   3  13  12   9
2   7  11   3  13  12   9
2   7  11   3  13  12   9
2   7  11   3  13  12   9
2   7  11   3  13  12   9
2   7  11   3  13  12   9
2   7  11   3  13  12   9
2   7  11   3  13  12   9
2   7  11   3  13  12   9
2   7  11   3  13  12   9
2   7  11   3  13  12   9
2   7  11   3  13  12   9
2   7  11   3  13  12   9
2   7  11   3  13  12   9
2   7  11   3  13  12   9
2   7  11   3  13  12   9
2   7  11   3  13  12   9
2   7  11   3  13  12   9
2   7  11   3  13  12   9
2   7  11   3  13  12   9
2   7  11   3  13  12   9
2   7  11   3  13  12   9
2   7  11   3  13  12   9
2   7  11   3  13  12   9
2   7  11   3  13  12   9
2   7  11   3  13  12   9
2   7  11   3  13  12   9
2   7  11   3  13  12   9
2   7  11   3  13  12   9
2   7  11   3  13  12   9
2   7  11   3  13  12   9
2   7  11   3  13  12   9
2   7  11   3  13  12   9
2   7  11   3  13  12   9
2   7  11   3  13  12   9
2   7  11   3  13  12   9
2   7  11   3  13  12   9  15
2   7  11   3  13  12   9  15
2   7  11   3  13  12   9  15
2   7  11   3  13  12   9  15
2   7  11   3  13  12   9  15
2   7  11   3  13  12   9  15
2   7  11   3  13  12   9  15
2   7  11   3  13  12   9  15
2   7  11   3  13  12   9  15
2   7  11   3  13  12   9  15
2   7  11   3  13  12   9  15
2   7  11   3  13  12   9  15
2   7  11   3  13  12   9  15
2   7  11   3  13  12   9  15
2   7  11   3  13  12   9  15
2   7  11   3  13  12   9  15
2   7  11   3  13  12   9  15
2   7  11   3  13  12   9  15
2   7  11   3  13  12   9  15
2   7  11   3  13  12   9  15
2   7  11   3  13  12   9  15
2   7  11   3  13  12   9  15
2   7  11   3  13  12   9  15
2   7  11   3  13  12   9  15
2   7  11   3  13  12   9  15
2   7  11   3  13  12   9  15
2   7  11   3  13  12   9  15
2   7  11   3  13  12   9  15
2   7  11   3  13  12   9  15
2   7  11   3  13  12   9  15
2   7  11   3  13  12   9  15
2   7  11   3  13  12   9  15
2   7  11   3  13  12   9  15
2   7  11   3  13  12   9  15
2   7  11   3  13  12   9  15
2   7  11   3  13  12   9  15
2   7  11   3  13  12   9  15
2   7  11   3  13  12   9  15
2   7  11   3  13  12   9  15
2   7  11   3  13  12   9  15
2   7  11   3  13  12   9  15  16
2   7  11   3  13  12   9  15  16
2   7  11   3  13  12   9  15  16
2   7  11   3  13  12   9  15  16
2   7  11   3  13  12   9  15  16
2   7  11   3  13  12   9  15  16
2   7  11   3  13  12   9  15  16
2   7  11   3  13  12   9  15  16
2   7  11   3  13  12   9  15  16
2   7  11   3  13  12   9  15  16
2   7  11   3  13  12   9  15  16
2   7  11   3  13  12   9  15  16
2   7  11   3  13  12   9  15  16
2   7  11   3  13  12   9  15  16
2   7  11   3  13  12   9  15  16
2   7  11   3  13  12   9  15  16
2   7  11   3  13  12   9  15  16
2   7  11   3  13  12   9  15  16
2   7  11   3  13  12   9  15  16
2   7  11   3  13  12   9  15  16
2   7  11   3  13  12   9  15  16
2   7  11   3  13  12   9  15  16
2   7  11   3  13  12   9  15  16
2   7  11   3  13  12   9  15  16
2   7  11   3  13  12   9  15  16
2   7  11   3  13  12   9  15  16
2   7  11   3  13  12   9  15  16
2   7  11   3  13  12   9  15  16  17
2   7  11   3  13  12   9  15  16  17
2   7  11   3  13  12   9  15  16  17
2   7  11   3  13  12   9  15  16  17
2   7  11   3  13  12   9  15  16  17
2   7  11   3  13  12   9  15  16  17
2   7  11   3  13  12   9  15  16  17
2   7  11   3  13  12   9  15  16  17
2   7  11   3  13  12   9  15  16  17
2   7  11   3  13  12   9  15  16  17
2   7  11   3  13  12   9  15  16  17
2   7  11   3  13  12   9  15  16  17
2   7  11   3  13  12   9  15  16  17
2   7  11   3  13  12   9  15  16  17
2   7  11   3  13  12   9  15  16  17
2   7  11   3  13  12   9  15  16  17
2   7  11   3  13  12   9  15  16  17
2   7  11   3  13  12   9  15  16  17
2   7  11   3  13  12   9  15  16  17
2   7  11   3  13  12   9  15  16  17
2   7  11   3  13  12   9  15  16  17
2   7  11   3  13  12   9  15  16  17
2   7  11   3  13  12   9  15  16  17
2   7  11   3  13  12   9  15  16  17
2   7  11   3  13  12   9  15  16  17
2   7  11   3  13  12   9  15  16  17
2   7  11   3  13  12   9  15  16  17
2   7  11   3  13  12   9  15  16  17
2   7  11   3  13  12   9  15  16  17
2   7  11   3  13  12   9  15  16  17
2   7  11   3  13  12   9  15  16  17
2   7  11   3  13  12   9  15  16  17
2   7  11   3  13  12   9  15  16  17
2   7  11   3  13  12   9  15  16  17
2   7  11   3  13  12   9  15  16  17
2   7  11   3  13  12   9  15  16  17
2   7  11   3  13  12   9  15  16  17
2   7  11   3  13  12   9  15  16  17
2   7  11   3  13  12   9  15  16  17
2   7  11   3  13  12   9  15  16  17
2   7  11   3  13  12   9  15  16  17  14
2   7  11   3  13  12   9  15  16  17  14
2   7  11   3  13  12   9  15  16  17  14
2   7  11   3  13  12   9  15  16  17  14
2   7  11   3  13  12   9  15  16  17  14
2   7  11   3  13  12   9  15  16  17  14
2   7  11   3  13  12   9  15  16  17  14
2   7  11   3  13  12   9  15  16  17  14
2   7  11   3  13  12   9  15  16  17  14
2   7  11   3  13  12   9  15  16  17  14
2   7  11   3  13  12   9  15  16  17  14
2   7  11   3  12   9  15  16  17  14
2   7  11   3  12   9  15  16  17  14
2   7  11   3  12   9  15  16  17  14
2   7  11   3  12   9  15  16  17  14
2   7  11   3  12   9  15  16  17  14
2   7  11   3  12   9  15  16  17  14
2   7  11   3  12   9  15  16  17  14
2   7  11   3  12   9  15  16  17  14
2   7  11   3  12   9  15  16  17  14
2   7  11   3  12   9  15  16  17  14
2   7  11   3  12   9  15  16  17  14  18
2   7  11   3  12   9  15  16  17  14  18
2   7  11   3  12   9  15  16  17  14  18
2   7  11   3  12   9  15  16  17  14  18
2   7  11   3  12   9  15  16  17  14  18
2   7  11   3  12   9  15  16  17  14  18
2   7  11   3  12   9  15  16  17  14  18
2   7  11   3  12   9  15  16  17  14  18
2   7  11   3  12   9  15  16  17  14  18
2   7  11   3  12   9  15  16  17  14  18
2   7  11   3  12   9  15  16  17  14  18
2   7  11   3  12   9  15  16  17  14  18
2   7  11   3  12   9  15  16  17  14  18
2   7  11   3  12   9  15  16  17  14  18
2   7  11   3  12   9  15  16  17  14  18
2   7  11   3  12   9  15  16  17  14  18
2   7  11   3  12   9  15  16  17  14  18
2   7  11   3  12   9  15  16  17  14  18
2   7  11   3  12   9  15  16  17  14  18
2   7  11   3  12   9  15  16  17  14  18
2   7  11   3  12   9  15  16  17  14  18
2   7  11   3  12   9  15  16  17  14  18
2   7  11   3  12   9  15  16  17  14  18
2   7  11   3  12   9  15  16  17  14  18
2   7  11   3  12   9  15  16  17  14  18
2   7  11   3  12   9  15  16  17  14  18
2   7  11   3  12   9  15  16  17  14  18
2   7  11   3  12   9  15  16  17  14  18
2   7  11   3  12   9  15  16  17  14  18
2   7  11   3  12   9  15  16  17  14  18
2   7  11   3  12   9  15  16  17  14  18
2   7  11   3  12   9  15  16  17  14  18
2   7  11   3  12   9  15  16  17  14  18
2   7  11   3   9  15  16  17  14  18
2   7  11   3   9  15  16  17  14  18
2   7  11   3   9  15  16  17  14  18
2   7  11   3   9  15  16  17  14  18
2   7  11   3   9  15  16  17  14  18
2   7  11   3   9  15  16  17  14  18
2   7  11   3   9  15  16  17  14  18
2   7  11   3   9  15  16  17  14  18
2   7  11   3   9  15  16  17  14  18
2   7  11   3   9  15  16  17  14  18
2   7  11   3   9  15  16  17  14  18
2   7  11   3   9  15  16  17  14  18
2   7  11   3   9  15  16  17  14  18
2   7  11   3   9  15  16  17  14  18
2   7  11   3   9  15  16  17  14  18
2   7  11   3   9  15  16  17  14  18
2   7  11   3   9  15  16  17  14  18
2   7  11   3   9  15  16  17  14  18
2   7  11   3   9  15  16  17  14  18
2   7  11   3   9  15  16  17  14  18
2   7  11   3   9  15  16  17  14  18
2   7  11   3   9  15  16  17  14  18
2   7  11   3   9  15  16  17  14  18
2   7  11   3   9  15  16  17  14  18
2   7  11   3   9  15  16  17  14  18
2   7  11   3   9  15  16  17  14  18
2   7  11   3   9  15  16  17  14  18
2   7  11   3   9  15  16  17  14  18
2   7  11   3   9  15  16  17  14  18
2   7  11   3   9  15  16  17  14  18
2   7  11   3   9  15  16  17  14  18
2   7  11   3   9  15  16  17  14  18
2   7  11   3   9  15  16  17  14  18
2   7  11   3   9  15  16  17  14  18
2   7  11   3   9  15  16  17  14  18
2   7  11   3   9  15  16  17  14  18
2   7  11   3   9  15  16  17  14  18
2   7  11   3   9  15  16  17  14  18
2   7  11   3   9  15  16  17  14  18
2   7  11   3   9  15  16  17  14  18
2   7  11   3   9  15  16  17  14  18
2   7  11   3   9  15  16  17  14  18
2   7  11   3   9  15  16  17  14  18
2   7  11   3   9  15  16  17  14  18
2   7  11   3   9  15  16  17  14  18
2   7  11   3   9  15  16  17  14  18
2   7  11   3   9  15  16  17  14  18
2   7  11   3   9  15  16  17  14  18
2   7  11   3   9  15  16  17  14  18
2   7  11   3   9  15  16  17  14  18
2   7  11   3   9  15  16  17  14  18
2   7  11   3   9  15  16  17  14  18
2   7  11   3   9  15  16  17  14  18
2   7  11   3   9  15  16  17  14  18
2   7  11   3   9  15  16  17  14  18
2   7  11   3   9  15  16  17  14  18
2   7  11   3   9  15  16  17  14  18
2   7  11   3   9  15  16  17  14  18
2   7  11   3   9  15  16  17  14  18
2   7  11   3   9  15  16  17  14  18
2   7  11   3   9  15  14  18   4
2   7  11   3   9  15  14  18   4
2   7  11   3   9  15  14  18   4
2   7  11   3   9  15  14  18   4
2   7  11   3   9  15  14  18   4
2   7  11   3   9  15  14  18   4
2   7  11   3   9  15  14  18   4
2   7  11   3   9  15  14  18   4
2   7  11   3   9  15  14  18   4
2   7  11   3   9  15  14  18   4
2   7  11   3   9  15  14  18   4
2   7  11   3   9  15  14  18   4
2   7  11   3   9  15  14  18   4
2   7  11   3   9  15  14  18   4
2   7  11   3   9  15  14  18   4
2   7  11   3   9  15  14  18   4
2   7  11   3   9  15  14  18   4
2   7  11   3   9  15  14  18   4
2   7  11   3   9  15  18   4
2   7  11   3   9  15  18   4
2   7  11   3   9  15  18   4
2   7  11   3   9  15  18   4
2   7  11   3   9  15  18   4
2   7  11   3   9  15  18   4
2   7  11   3   9  15  18   4
2   7  11   3   9  15  18   4
2   7  11   3   9  15  18   4
2   7  11   3   9  15  18   4
2   7  11   3   9  15  18   4
2   7  11   3   9  15  18   4
2   7  11   3   9  15  18   4
2   7  11   3   9  15  18   4
2   7  11   3   9  15  18   4
2   7  11   3   9  15  18   4
2   7  11   3   9  15  18   4
2   7  11   3   9  15  18   4
2   7  11   3   9  15  18   4
2   7  11   3   9  15  18   4
2   7  11   3   9  15  18   4
2   7  11   3   9  15  18   4
2   7  11   3   9  15  18   4
2   7  11   3   9  15  18   4
2   7  11   3   9  18   4
2   7  11   3   9  18   4
2   7  11   3   9  18   4
2   7  11   3   9  18   4
2   7  11   3   9  18   4
2   7  11   3   9  18   4
2   7  11   3   9  18   4
2   7  11   3   9  18   4
2   7  11   3   9  18   4
2   7  11   3   9  18   4
2   7  11   3   9  18   4
2   7  11   3   9  18   4
2   7  11   3   9  18   4
2   7  11   3   9  18   4
2   7  11   3   9   4   5
2   7  11   3   9   4   5
2   7  11   3   9   4   5
2   7  11   3   9   4   5
2   7  11   3   9   4   5
2   7  11   3   9   4   5
2   7  11   3   9   4   5
2   7  11   3   9   4   5
2   7  11   3   9   4   5
2   7  11   3   9   4   5
2   7  11   3   9   4   5
2   7  11   3   9   4   5
2   7  11   3   9   4   5
2   7  11   3   9   4   5
2   7  11   3   9   4   5   0
2   7  11   3   9   4   5   0
2   7  11   3   9   4   5   0
2   7  11   3   9   4   5   0
2   7  11   3   9   4   5   0
2   7  11   3   9   4   5   0
2   7  11   3   9   4   5   0
2   7  11   3   9   4   5   0
2   7  11   3   9   4   5   0
2   7  11   3   9   4   5   0
2   7  11   3   9   4   5   0
2   7  11   3   9   4   5   0
2   7  11   3   9   4   5   0
2   7  11   3   9   4   5   0
2   7  11   3   9   4   5   0
2   7  11   3   9   4   5   0
2   7  11   3   9   4   5   0
2   7  11   3   9   4   5   0
2   7  11   3   9   4   5   0
2   7  11   3   9   4   5   0
2   7  11   3   9   4   5   0
2   7  11   3   9   4   5   0
2   7  11   3   9   4   5   0
2   7  11   3   9   4   5   0
2   7  11   3   9   4   5   0  10
2   7  11   3   9   4   5   0  10
2   7  11   3   9   4   5   0  10
2   7  11   3   9   4   5   0  10
2   7  11   3   9   4   5   0  10
2   7  11   3   9   4   5   0  10
2   7  11   3   9   4   5   0  10
2   7  11   3   9   4   5   0  10
2   7  11   3   9   4   5   0  10
2   7  11   3   9   4   5   0  10   8
2   7  11   3   9   4   5   0  10   8
2   7  11   3   9   4   5   0  10   8
2   7  11   3   9   4   5   0  10   8
2   7  11   3   9   4   5   0  10   8
2   7  11   3   9   4   5   0  10   8
2   7  11   3   9   4   5   0  10   8
2   7  11   3   9   4   5   0  10   8
2   7  11   3   9   4   5   0  10   8
2   7  11   3   9   4   5   0  10   8
2   7  11   3   9   4   5   0  10   8
2   7  11   3   9   4   5   0  10   8
2   7  11   3   9   4   5   0  10   8
2   7  11   3   9   4   5   0  10   8
2   7  11   3   9   4   5   0  10   8
2   7  11   3   9   4   5   0  10   8
2   7  11   3   9   4   5   0  10   8
2   7  11   3   9   4   5   0  10   8
2   7  11   3   9   4   5   0  10   8
2   7  11   3   9   4   5   0  10   8
2   7  11   3   9   4   5   0  10   8   6
2   7  11   3   9   4   5   0  10   8   6
2   7  11   3   9   4   5   0  10   8   6
2   7  11   3   9   4   5   0  10   8   6
2   7  11   3   9   4   5   0  10   8   6
2   7  11   3   9   4   5   0  10   8   6
2   7  11   3   9   4   5   0  10   8   6
2   7  11   3   9   4   5   0  10   8   6
2   7  11   3   9   4   5   0  10   8   6
2   7  11   3   9   4   5   0  10   8   6
2   7  11   3   9   4   5   0  10   8   6
2   7  11   3   9   5   0  10   8   6
2   7  11   3   9   5   0  10   8   6
2   7  11   3   9   5   0  10   8   6
2   7  11   3   9   5   0  10   8   6
2   7  11   3   9   5   0  10   8   6
2   7  11   3   9   5   0  10   8   6
2   7  11   3   9   5   0  10   8   6
2   7  11   3   9   5   0  10   8   6
2   7  11   3   9   5   0  10   8   6
2   7  11   3   9   5   0  10   8   6
2   7  11   3   9   5   0  10   8   6   1
2   7  11   3   9   5   0  10   8   6   1
2   7  11   3   9   5   0  10   8   6   1
2   7  11   3   9   5   0  10   8   6   1
2   7  11   3   9   5   0  10   8   6   1
2   7  11   3   9   5   0  10   8   6   1
2   7  11   3   9   5   0  10   8   6   1
2   7  11   3   9   5   0  10   8   6   1
2   7  11   3   9   5   0  10   8   6   1
2   7  11   3   9   5   0  10   8   6   1
2   7  11   3   9   5   0  10   8   6   1
2   7  11   3   9   5   0  10   8   6   1  19
2   7  11   3   9   5   0  10   8   6   1  19
2   7  11   3   9   5   0  10   8   6   1  19
2   7  11   3   9   5   0  10   8   6   1  19
2   7  11   3   9   5   0  10   8   6   1  19
2   7  11   3   9   5   0  10   8   6   1  19
2   7  11   3   9   5   0  10   8   6   1  19
2   7  11   3   9   5   0  10   8   6   1  19
2   7  11   3   9   5   0  10   8   6   1  19
2   7  11   3   9   5   0  10   8   6   1  19
2   7  11   3   9   5   0  10   8   6   1  19
2   7  11   3   9   5   0  10   8   6   1  19
2   7  11   3   9   5   0  10   8   6   1  19
2   7  11   3   9   5   0  10   8   6   1  19
2   7  11   3   9   5   0  10   8   6   1  19
2   7  11   3   9   5   0  10   8   6   1  19
2   7  11   3   9   5   0  10   8   6   1  19
2   7  11   3   9   5   0  10   8   6   1  19
2   7  11   3   9   5   0  10   8   6   1  19
2   7  11   3   9   5   0  10   8   6   1  19
2   7  11   3   9   5   0  10   8   6   1  19
2   7  11   3   9   5   0  10   8   6   1  19
2   7  11   3   9   5   0  10   8   6   1  19
2   7  11   3   9   5   0  10   8   6   1  19
2   7  11   3   9   5   0  10   8   6   1  19  13
2   7  11   3   9   5   0  10   8   6   1  19  13
2   7  11   3   9   5   0  10   8   6   1  19  13
2   7  11   3   9   5   0  10   8   6   1  19  13
2   7  11   3   9   5   0  10   8   6   1  19  13
2   7  11   3   9   5   0  10   8   6   1  19  13
2   7  11   3   9   5   0  10   8   6   1  19  13
2   7  11   3   9   5   0  10   8   6   1  19  13
2   7  11   3   9   5   0  10   8   6   1  19  13
2   7  11   3   9   5   0  10   8   6   1  19  13
2   7  11   3   9   5   0  10   8   6   1  19  13
2   7  11   3   9   5   0  10   8   6   1  19  13
2   7  11   3   9   5   0  10   8   6   1  19  13
2   7  11   3   9   5   0  10   8   6   1  19  13  12
2   7  11   3   9   5   0  10   8   6   1  19  13  12
2   7  11   3   9   5   0  10   8   6   1  19  13  12
2   7  11   3   9   5   0  10   8   6   1  19  13  12
2   7  11   3   9   5   0  10   8   6   1  19  13  12
2   7  11   3   9   5   0  10   8   6   1  19  13  12
2   7  11   3   9   5   0  10   8   6   1  19  13  12
2   7  11   3   9   5   0  10   8   6   1  19  13  12
2   7  11   3   9   5   0  10   8   6   1  19  13  12
2   7  11   3   9   5   0  10   8   6   1  19  13  12
2   7  11   3   9   5   0  10   8   6   1  19  13  12
2   7  11   3   9   5   0  10   8   6   1  19  13  12
2   7  11   3   9   5   0  10   8   6   1  19  13  12
2   7  11   3   9   5   0  10   8   6   1  19  13  12
2   7  11   3   9   0  10   8   6   1  19  13  12
2   7  11   3   9   0  10   8   6   1  19  13  12
2   7  11   3   9   0  10   8   6   1  19  13  12
2   7  11   3   9   0  10   8   6   1  19  13  12
2   7  11   3   9   0  10   8   6   1  19  13  12
2   7  11   3   9   0  10   8   6   1  19  13  12
2   7  11   3   9   0  10   8   6   1  19  13  12
2   7  11   3   9   0  10   8   6   1  19  13  12
2   7  11   3   9   0  10   8   6   1  19  13  12
2   7  11   3   9   0  10   8   6   1  19  13  12
2   7  11   3   9   0  10   8   6   1  19  13  12
2   7  11   3   9   0  10   8   6   1  19  13  12
2   7  11   3   9   0  10   8   6   1  19  13  12
2   7  11   3   9   0  10   8   6   1  19  13  12
2   7  11   3   9   0  10   8   6   1  19  13  12
2   7  11   3   9   0  10   8   6   1  19  13  12
2   7  11   3   9   0  10   8   6   1  19  13  12
2   7  11   3   9   0  10   8   6   1  19  13  12
2   7  11   3   9   0  10   8   6   1  19  13  12
2   7  11   3   9   0  10   8   6   1  19  13  12
2   7  11   3   9   0  10   8   6   1  19  13  12
2   7  11   3   9   0  10   8   6   1  19  13  12
2   7  11   3   9   0  10   8   6   1  19  13  12
2   7  11   3   9   0  10   8   6   1  19  13  12
2   7  11   3   9   0  10   8   6   1  19  13  12
2   7  11   3   9   0  10   8   6   1  19  13  12
2   7  11   3   9   0  10   8   6   1  19  13  12
2   7  11   3   9   0  10   8   6   1  19  13  12
2   7  11   3   9   0  10   8   6   1  19  13  12
2   7  11   3   9   0  10   8   6   1  19  13  12
2   7  11   3   9   0  10   8   6   1  19  13  12
2   7  11   3   9   0  10   8   6   1  19  13  12
2   7  11   3   9   0  10   8   6   1  19  13  12
2   7  11   3   9   0  10   8   6   1  19  13  12
2   7  11   3   9   0  10   8   6   1  19  13  12
2   7  11   3   9   0  10   8   6   1  19  13  12
2   7  11   3   9   0  10   8   6   1  19  13  12
2   7  11   3   9   0  10   8   6   1  19  13  12
2   7  11   3   9   0  10   8   6   1  19  13  12
2   7  11   3   9  10   8   6   1  19  13  12
2   7  11   3   9  10   8   6   1  19  13  12
2   7  11   3   9  10   8   6   1  19  13  12
2   7  11   3   9  10   8   6   1  19  13  12
2   7  11   3   9  10   8   6   1  19  13  12
2   7  11   3   9  10   8   6   1  19  13  12
2   7  11   3   9  10   8   6   1  19  13  12
2   7  11   3   9  10   8   6   1  19  13  12
2   7  11   3   9  10   8   6   1  19  13  12
2   7  11   3   9  10   8   6   1  19  13  12
2   7  11   3   9  10   8   6   1  19  13  12
2   7  11   3   9  10   8   6   1  19  13  12
2   7  11   3   9   8   6   1  19  13  12
2   7  11   3   9   8   6   1  19  13  12
2   7  11   3   9   8   6   1  19  13  12
2   7  11   3   9   8   6   1  19  13  12
2   7  11   3   9   8   6   1  19  13  12
2   7  11   3   9   8   6   1  19  13  12
2   7  11   3   9   8   6   1  19  13  12
2   7  11   3   9   8   6   1  19  13  12
2   7  11   3   9   8   6   1  19  13  12
2   7  11   3   9   8   6   1  19  13  12
2   7  11   3   9   8   6   1  19  13  12
2   7  11   3   9   8   6   1  19  13  12
2   7  11   3   9   8   6   1  19  13  12
2   7  11   3   9   8   6   1  19  13  12
2   7  11   3   9   8   6   1  19  13  12
2   7  11   3   9   8   6   1  19  13  12
2   7  11   3   9   8   6   1  19  13  12
2   7  11   3   9   8   6   1  19  13  12
2   7  11   3   9   8   6   1  19  13  12
2   7  11   3   9   8   6   1  19  13  12
2   7  11   3   9   8   6   1  19  13  12
2   7  11   3   9   8   6   1  19  13  12
2   7  11   3   9   8   1  19  13  12
2   7  11   3   9   8   1  19  13  12
2   7  11   3   9   8   1  19  13  12
2   7  11   3   9   8   1  19  13  12
2   7  11   3   9   8   1  19  13  12
2   7  11   3   9   8   1  19  13  12
2   7  11   3   9   8   1  19  13  12
2   7  11   3   9   8   1  19  13  12
2   7  11   3   9   8   1  19  13  12
2   7  11   3   9   8   1  19  13  12
2   7  11   3   9   8  19  13  12
2   7  11   3   9   8  19  13  12
2   7  11   3   9   8  19  13  12
2   7  11   3   9   8  19  13  12
2   7  11   3   9   8  19  13  12
2   7  11   3   9   8  19  13  12
2   7  11   3   9   8  19  13  12
2   7  11   3   9   8  19  13  12
2   7  11   3   9   8  19  13  12
2   7  11   3   9  19  13  12
2   7  11   3   9  19  13  12
2   7  11   3   9  19  13  12
2   7  11   3   9  19  13  12
2   7  11   3   9  19  13  12
2   7  11   3   9  19  13  12
2   7  11   3   9  19  13  12
2   7  11   3   9  19  13  12
2   7  11   3   9  19  13  12
2   7  11   3   9  19  13  12
2   7  11   3   9  19  13  12
2   7  11   3   9  19  13  12
2   7  11   3   9  19  13  12
2   7  11   3   9  19  13  12
2   7  11   3   9  19  13  12
2   7  11   3   9  19  13  12
2   7  11   3   9  19  13  12
2   7  11   3   9  19  13  12
2   7  11   3   9  19  13  12
2   7  11   3   9  19  13  12
2   7  11   3   9  19  13  12
2   7  11   3   9  19  13  12
2   7  11   3   9  19  13  12
2   7  11   3   9  19  13  12
2   7  11   3   9  19  13  12
2   7  11   3   9  19  13  12
2   7  11   3   9  19  13  12
2   7  11   3   9  19  13  12
2   7  11   3   9  19  13  12
2   7  11   3   9  19  13  12
2   7  11   3   9  19  13  12
2   7  11   3   9  19  13  12
2   7  11   3   9  19  13  12
2   7  11   3   9  19  13  12
2   7  11   3   9  19  13  12
2   7  11   3   9  19  13  12
2   7  11   3   9  19  13  12
2   7  11   3   9  19  13  12
2   7  11   3   9  19  13  12
2   7  11   3   9  19  13  12
2   7  11   3   9  19  13  12
2   7  11   3   9  19  13  12
2   7  11   3   9  19  13  12
2   7  11   3   9  19  13  12
2   7  11   3   9  19  13  12
2   7  11   3   9  19  13  12
2   7  11   3   9  19  13  12
2   7  11   3   9  19  13  12
2   7  11   3   9  19  13  12  16
2   7  11   3   9  19  13  12  16
2   7  11   3   9  19  13  12  16
2   7  11   3   9  19  13  12  16
2   7  11   3   9  19  13  12  16
2   7  11   3   9  19  13  12  16
2   7  11   3   9  19  13  12  16
2   7  11   3   9  19  13  12  16
2   7  11   3   9  19  13  12  16
2   7  11   3   9  19  13  12  16
2   7  11   3   9  19  13  12  16
2   7  11   3   9  19  13  12  16
2   7  11   3   9  19  13  12  16
2   7  11   3   9  19  13  12  16
2   7  11   3   9  19  13  12  16
2   7  11   3   9  19  13  12  16
2   7  11   3   9  19  13  12  16
2   7  11   3   9  19  13  12  16
2   7  11   3   9  19  13  12  16
2   7  11   3   9  19  13  12  16
2   7  11   3   9  19  13  12  16
2   7  11   3   9  19  13  12  16
2   7  11   3   9  19  13  12  16
2   7  11   3   9  19  13  12  16
2   7  11   3   9  19  13  12  16
2   7  11   3   9  19  13  12  16
2   7  11   3   9  19  13  12  16
2   7  11   3   9  19  13  12  16
2   7  11   3   9  19  13  12  16
2   7  11   3   9  19  13  12  16
2   7  11   3   9  19  13  12  16
2   7  11   3   9  19  13  12  16
2   7  11   3   9  19  13  12  16
2   7  11   3   9  19  13  12  16
2   7  11   3   9  19  13  12  16
2   7  11   3   9  19  13  12  16
2   7  11   3   9  19  13  12  16
2   7  11   3   9  19  13  12  16
2   7  11   3   9  19  13  12  16
2   7  11   3   9  19  13  12  16
2   7  11   3   9  19  13  12  16
2   7  11   3   9  19  13  12  16
2   7  11   3   9  19  13  12  16
2   7  11   3   9  19  13  12  16
2   7  11   3   9  19  13  12  16
2   7  11   3   9  19  12  16
2   7  11   3   9  19  12  16
2   7  11   3   9  19  12  16
2   7  11   3   9  19  12  16
2   7  11   3   9  19  12  16
2   7  11   3   9  19  12  16
2   7  11   3   9  19  12  16
2   7  11   3   9  19  12  16
2  11   3   9  19  12  16
2  11   3   9  19  12  16
2  11   3   9  19  12  16
2  11   3   9  19  12  16
2  11   3   9  19  12  16
2  11   3   9  19  12  16
2  11   3   9  19  12  16
2  11   3   9  19  12  16
2  11   3   9  19  12  16
2  11   3   9  19  12  16
2  11   3   9  19  12  16
2  11   3   9  19  12  16
2  11   3   9  19  12  16
2  11   3   9  19  12  16
2  11   3   9  19  12  16  17
2  11   3   9  19  12  16  17
2  11   3   9  19  12  16  17
2  11   3   9  19  12  16  17
2  11   3   9  19  12  16  17
2  11   3   9  19  12  16  17
2  11   3   9  19  12  16  17
2  11   3   9  19  12  16  17
2  11   3   9  19  12  16  17
2  11   3   9  19  12  16  17
2  11   3   9  19  12  16  17
2  11   3   9  19  12  16  17
2  11   3   9  19  12  16  17
2  11   3   9  19  12  16  17
2  11   3   9  19  12  16  17
2  11   3   9  19  12  16  17
2  11   3   9  19  12  16  17
2  11   3   9  19  12  16  17
2  11   3   9  19  12  16  17
2  11   3   9  19  12  16  17
2  11   3   9  19  12  16  17
2  11   3   9  19  12  16  17
2  11   3   9  19  12  16  17
2  11   3   9  19  12  16  17
2  11   3   9  19  16  17
2  11   3   9  19  16  17
2  11   3   9  19  16  17
2  11   3   9  19  16  17
2  11   3   9  19  16  17
2  11   3   9  19  16  17
2  11   3   9  19  16  17
2  11   3   9  19  16  17
2  11   3   9  19  16  17
2  11   3   9  19  16  17
2  11   3   9  19  16  17
2  11   3   9  19  16  17
2  11   3   9  19  16  17
2  11   3   9  19  16  17
2  11   3   9  19  16  17
2  11   3   9  19  16  17
2  11   3   9  19  16  17
2  11   3   9  19  16  17
2  11   3   9  19  16  17
2  11   3   9  19  16  17
2  11   3   9  19  16  17
2  11   3   9  19  16  17
2  11   3   9  19  16  17
2  11   3   9  19  16  17
2  11   3   9  19  16  17
2  11   3   9  19  16  17
2  11   3   9  19  16  17
2  11   3   9  19  16  17
2  11   3   9  19  16  17
2  11   3   9  19  16  17
2  11   3   9  19  16  17
2  11   3   9  19  16  17
2  11   3   9  19  16  17
2  11   3   9  19  16  17
2  11   3   9  19  16  17
2  11   3   9  19  16  17
2  11   3   9  19  16  17
2  11   3   9  19  16  17
2  11   3   9  19  16  17
2  11   3   9  19  16  17
2  11   3   9  19  16  17
2  11   3   9  19  16  17
2  11   3   9  19  16  17
2  11   3   9  19  16  17
2  11   3   9  19  16  17
2  11   3   9  19  16  17
2  11   3   9  19  16  17
2  11   3   9  19  16  17
2  11   3   9  19  16  17
2  11   3   9  19  16  17
2  11   3   9  19  16  17
2  11   3   9  19  16  17
2  11   3   9  19  16  17
2  11   3   9  19  16  17
2  11   3   9  19  16  17
2  11   3   9  19  16  17
2  11   3   9  19  16  17
2  11   3   9  19  16  17
2  11   3   9  19  16  17
2  11   3   9  19  16  17
2  11   3   9  19  16  17
2  11   3   9  19  16  17
2  11   3   9  19  16  17
2  11   3   9  19  16  17
2  11   3   9  19  16  17
2  11   3   9  19  16  17
2  11   3   9  19  16  17
2  11   3   9  19  16  17
2  11   3   9  19  16  17
2  11   3   9  19  16  17
2  11   3   9  19  16  17
2  11   3   9  19  16  17
2  11   3   9  19  16  17
2  11   3   9  19  16  17
2  11   3   9  19  16  17
2  11   3   9  19  16  17
2  11   3   9  19  16  17
2  11   3   9  19  16  17
2  11   3   9  19  16  17
2  11   3   9  19  16  17
2  11   3   9  19  16  17
2  11   3   9  19  16  17
2  11   3   9  19  16  17
2  11   3   9  19  16  17
2  11   3   9  19  16  17
2  11   3   9  19  16  17
2  11   3   9  19  16  17
2  11   3   9  19  16  17
2  11   3   9  19  16  17
2  11   3   9  19  16  17
2  11   3   9  19  16  17
2  11   3   9  19  17
2  11   3   9  19  17
2  11   3   9  19  17
2  11   3   9  19  17
2  11   3   9  19  17
2  11   3   9  19  17
2  11   3   9  19
2  11   3   9  19
2  11   3   9  19
2  11   3   9  19
2  11   3   9  19
2  11   3   9  19
2  11   3   9  19
2  11   3   9  19
2  11   3   9  19
2  11   3   9  19
2  11   3  19
2  11   3  19
2  11   3  19
2  11   3  19
2  11   3  19
2  11   3  19
2  11   3  19
2  11   3  19
2  11   3  19
2  11   3  19
2  11   3  19
2  11   3  19
2  11   3
2  11   3
2  11   3
2  11   3
2  11   3
2  11   3
2  11   3
2  11   3
2  11   3
2  11   3
2  11   3
2  11   3
2  11   3
2  11   3
2  11   3
2  11   3
2  11   3
2  11   3
2  11   3
2  11   3
2  11   3
2  11   3
2  11   3
2  11   3
2  11   3
2  11   3
2  11   3
2  11   3
2  11   3
2  11   3
2  11   3
2  11   3
2  11   3
2  11   3
2  11   3
2  11   3
2  11   3
2  11   3
2  11   3
2  11   3
2  11   3
2  11   3
2  11   3
2  11   3
2  11   3
2  11   3
2  11   3
2  11   3
2  11   3
2  11   3
2  11   3
2  11   3
2  11   3
2  11   3
2  11   3
2  11   3
2  11   3
2  11   3
2  11   3
2  11   3
2  11   3
2  11   3
2  11   3
2  11   3
2  11   3
2  11   3
2  11   3
2  11   3
2  11   3
2  11   3
2  11   3
2  11   3
2  11   3
2  11   3
2  11   3
2  11   3
2  11   3
2  11   3
2  11   3
2  11   3
2  11   3
2  11   3
2  11   3
2  11   3
