0     -2.7316      3.5052
0     -2.8353      3.9124
0     -2.9476      4.8789
1     -4.0265      7.1773
0     -2.9476      4.8789
1     -4.0112      7.1456
0     -2.9476      4.8789
1     -3.9935      7.1179
0     -2.9476      4.8789
1     -3.9789      7.0846
0     -2.9476      4.8789
1     -3.9577       7.049
0     -2.9476      4.8789
1     -3.9402       7.002
0     -2.9513      4.9178
1     -3.9226      6.9457
0     -2.9549      4.9567
1     -3.9049      6.8801
2     -11.5386      16.4287
0     -2.9586      4.9957
1      -3.887      6.8051
2     -11.5143      16.3955
0     -2.9622      5.0346
1     -3.8848      6.7556
2     -11.4903      16.3668
3      13.0533      14.1084
1     -3.8603      6.6881
2     -11.4661       16.343
3      13.0338      14.0887
1     -3.6796       6.694
2     -11.4421      16.3222
3      13.0152      14.0631
1     -3.7023      6.6438
2     -11.3973      16.3202
3      12.9962      14.0375
1     -3.6148      6.6474
2     -11.3432       16.328
3      12.9982       14.026
4     -17.7574      26.4534
1     -3.5241      6.6481
2       -11.29      16.3327
3      12.9892      13.9982
4     -17.7426      26.4312
1     -3.3775      6.6807
2     -11.2535      16.3243
3      12.9833      13.9895
4     -17.7278       26.409
1     -3.2706      6.6997
2      -11.142      16.3646
3      12.9718      13.9597
4     -17.7278       26.409
1     -3.0102      6.7843
2     -11.0226      16.4145
3      12.9641      13.9165
4     -17.7278       26.409
1     -2.8805      6.7969
2     -10.8755      16.4864
3      12.9641      13.9165
4     -17.7278       26.409
1     -2.8653      6.7427
2     -10.5565      16.6662
3      12.9599      13.8992
4     -17.7278       26.409
1     -2.6835      6.7775
2     -10.2876      16.8086
3      12.9334      13.8938
4     -17.7278       26.409
1     -2.6574      6.7426
2     -10.0927      16.8932
3       12.937      13.8568
4     -17.7278       26.409
1     -2.4892      6.7607
2     -9.59299      17.1692
3      12.9321      13.8167
4     -17.7278       26.409
1     -2.3365      6.7467
2     -8.48134      17.8059
3      12.9321      13.8167
4     -17.7278       26.409
5      -14.902      8.69745
1     -2.2378      6.7396
2     -8.16428      17.9328
3      12.9321      13.8167
4     -17.7278       26.409
5     -14.8832      8.68599
1      -2.102      6.7475
2     -7.76778      18.0901
3      12.9321      13.8167
5     -14.8646       8.6732
1     -2.0834      6.7175
2     -7.33376      18.2449
3      12.9393      13.7845
5     -14.8511      8.63218
1     -2.0692      6.6809
2     -6.86056      18.4043
3      12.9403      13.7565
5     -14.8389      8.59237
1     -1.9784      6.6735
2     -5.89094      18.7676
3      12.9403      13.7565
5     -14.8234      8.55468
1     -1.9137      6.6673
2     -5.38562      18.9004
3      12.9403      13.7565
5     -14.8243      8.55079
6      3.51417      16.4689
1      -1.757      6.6674
2     -5.38562      18.9004
3      12.9403      13.7565
5      -14.815      8.52742
6      3.50879      16.4438
1     -1.7699      6.6379
2     -5.12732      18.9665
3      12.9403      13.7565
5      -14.807      8.49932
6      3.50341      16.4188
1     -1.4985      6.6762
2     -5.12732      18.9665
3      12.9403      13.7565
5      -14.807      8.49932
6      3.50341      16.4188
1     -1.3099      6.7037
2     -5.12732      18.9665
3      12.9403      13.7565
5      -14.807      8.49932
6      3.50341      16.4188
1     -1.2247      6.7108
2     -5.12732      18.9665
3      12.9403      13.7565
5      -14.807      8.49932
6      3.50341      16.4188
1     -1.1379      6.7162
2     -5.12732      18.9665
3      12.9403      13.7565
5      -14.807      8.49932
6      3.50341      16.4188
1     -1.0318      6.7242
2     -5.12732      18.9665
3      12.9403      13.7565
5      -14.807      8.49932
6      3.50341      16.4188
1     -1.0004      6.7234
2     -5.12732      18.9665
5      -14.807      8.49932
6      3.50341      16.4188
1    -0.88816      6.7441
2     -5.12732      18.9665
5      -14.807      8.49932
6      3.50341      16.4188
1    -0.88816      6.7441
2     -5.12732      18.9665
5      -14.807      8.49932
6      3.50341      16.4188
7     -1.0877      8.5269
1    -0.88816      6.7441
2     -5.12732      18.9665
5      -14.807      8.49932
6      3.50341      16.4188
7     -1.0518      8.2528
1    -0.82526      6.7378
2     -5.12732      18.9665
7     -1.0159      7.9852
1    -0.95855      6.7042
2     -5.12732      18.9665
7     -1.0159      7.9852
1     -2.1834      6.5486
2     -5.12732      18.9665
7     -1.0159      7.9852
1     -3.7256      6.3605
2     -5.12732      18.9665
7     -1.0159      7.9852
8       17.468      10.6177
1     -4.3958      6.2212
2     -5.12732      18.9665
7     -1.0114      7.9522
8      17.4113      10.5833
1     -5.1388      5.9995
2     -5.12732      18.9665
7     -1.0004      7.9361
8      17.4113      10.5833
9      5.3226      1.5475
1     -5.6134      5.7123
2     -5.12732      18.9665
7    -0.99415      7.9177
8      17.4113      10.5833
9      5.5535      1.6168
1     -6.4583      5.1453
2     -5.12732      18.9665
7    -0.99415      7.9177
8      17.4113      10.5833
9      5.8044      1.7144
1     -7.2445      4.5655
2     -5.12732      18.9665
7    -0.99415      7.9177
8      17.4215      10.5995
9      6.0543      1.8837
10     -14.2637      8.11746
1     -7.8447      4.0141
2     -5.12732      18.9665
7    -0.99415      7.9177
8      17.4321       10.623
9      6.2794      2.1165
10     -14.2872      8.13087
1     -7.8447      4.0141
2     -5.12732      18.9665
7    -0.99415      7.9177
8      17.4432      10.6601
9      6.4684      2.4918
10     -14.2872      8.13087
1     -7.8143      4.0885
2     -5.12732      18.9665
7    -0.99415      7.9177
8      17.4432      10.6601
9      6.6155      3.0295
10     -14.2872      8.13087
11      11.8717       12.114
1      -7.969      3.9764
2     -5.12732      18.9665
7    -0.99415      7.9177
8      17.4432      10.6601
9      6.7917      3.5113
10     -14.2872      8.13087
11      11.2988      11.5778
12     -12.8199      10.9853
1      -7.969      3.9764
2     -5.12732      18.9665
7    -0.99415      7.9177
8      17.4432      10.6601
9      6.9904       3.983
10     -14.2872      8.13087
11      10.9021      11.6426
12     -13.0071      11.1545
1      -7.969      3.9764
2     -5.12732      18.9665
7    -0.99415      7.9177
8      17.4432      10.6601
9       7.186      4.4994
10     -14.2872      8.13087
11      10.4215      11.9831
12     -13.1948      11.3422
13      1.29248      10.2244
1      -7.969      3.9764
2     -5.12732      18.9665
7    -0.99415      7.9177
8      17.4432      10.6601
9      7.3786      5.0603
10     -14.2872      8.13087
11      9.94398      12.6131
12     -13.3862       11.543
13      1.19458      9.60195
1      -7.969      3.9764
2     -5.12732      18.9665
7    -0.99741      7.9199
8      17.4432      10.6601
9      7.3786      5.0603
10     -14.2872      8.13087
11      9.47941      12.9981
12     -13.5871      11.7509
13      1.09746       9.2902
1      -7.969      3.9764
2     -5.12732      18.9665
7     -1.0002      7.9196
8      17.4432      10.6601
9      7.3786      5.0603
10     -14.2872      8.13087
11      8.97435      13.6946
12     -13.7848      11.9787
13      1.09746       9.2902
1      -7.969      3.9764
2     -5.12732      18.9665
7    -0.99787      7.9184
8      17.4432      10.6601
9      7.3786      5.0603
10     -14.2872      8.13087
11      8.47809      14.5362
12     -13.9797       12.225
13      1.09746       9.2902
1      -7.969      3.9764
2     -5.12732      18.9665
7    -0.99504       7.916
8      17.4432      10.6601
9      7.3786      5.0603
11      7.94435      15.2126
12     -13.9797       12.225
13      1.07328       9.2511
14     -18.4988      8.69894
1      -7.969      3.9764
2     -5.12732      18.9665
7    -0.97307      7.9052
9      7.3846      5.0314
11      7.25318      15.9591
12     -13.9797       12.225
13      1.04909        9.212
14     -17.5657      8.26103
15      13.0924      28.7776
1      -7.969      3.9764
2     -5.12732      18.9665
7    -0.99236      7.8922
9      7.3917      5.0424
11      6.60783      16.6684
12     -13.9797       12.225
13      1.02491       9.1729
14     -16.6336      7.83077
15       12.834      28.2097
1      -7.969      3.9764
2     -5.12732      18.9665
7    -0.99712      7.8891
9      7.3917      5.0424
11      5.97499       17.328
12     -13.9797       12.225
13      1.00073       9.1338
14      -15.711      7.49501
15       12.834      28.2097
1      -7.969      3.9764
2     -5.12732      18.9665
7    -0.97955      7.8783
9      7.3917      5.0424
11      5.37823      17.9536
12     -13.9797       12.225
13     0.976544       9.0947
14      -14.784      7.15956
15       12.834      28.2097
16     -22.4866      10.1741
1      -7.969      3.9764
2     -5.12732      18.9665
7    -0.96338      7.8843
9      7.3917      5.0424
11      4.84528       18.513
12     -13.9797       12.225
13     0.952361       9.0556
14      -14.784      7.15956
15       12.834      28.2097
16     -21.5583      9.75407
17      24.5006      8.13281
1     -7.9695       3.946
2     -5.12732      18.9665
7      -1.048      7.8588
9      7.3917      5.0424
11      4.43467      19.0342
12     -13.9797       12.225
13     0.928178       9.0165
14      -14.784      7.15956
15       12.834      28.2097
16     -21.5583      9.75407
17      24.1603      8.36969
1     -7.9699      3.9333
2     -5.12732      18.9665
7     -1.0529      7.8492
9      7.3917      5.0424
11        3.999      19.5411
12     -13.9797       12.225
14      -14.784      7.15956
15       12.834      28.2097
16     -21.5583      9.75407
17      23.8626      9.32033
1     -7.9699      3.9333
2     -5.12732      18.9665
7    -0.99411      7.8369
9      7.3917      5.0424
11      3.53661      20.0335
12     -13.9797       12.225
14      -14.784      7.15956
15       12.834      28.2097
16     -21.5583      9.75407
17      23.8626      9.32033
1     -7.9699      3.9333
2     -5.12732      18.9665
7    -0.97702      7.8172
9      7.3917      5.0424
11      3.16387      20.4775
14      -14.784      7.15956
15       12.834      28.2097
16     -21.5583      9.75407
17      23.8626      9.32033
1     -7.9699      3.9333
2     -5.12732      18.9665
7    -0.92071      7.7847
9      7.3917      5.0424
11      2.66434      20.9137
14     -14.7824       7.1714
15       12.834      28.2097
16     -21.5583      9.75407
17      23.8626      9.32033
1     -7.9699      3.9333
2     -5.12732      18.9665
7    -0.65326      7.7815
9      7.3917      5.0424
11      2.66656      20.8807
14     -14.7647      7.20464
15       12.834      28.2097
16     -21.5583      9.75407
17      23.8626      9.32033
1     -7.8837      4.0719
2     -5.12732      18.9665
7    -0.64198      7.7607
11      2.43176      20.9734
14     -14.7491      7.22216
16     -21.5583      9.75407
17      23.8625      9.32071
1      -7.875      4.1113
2     -5.12732      18.9665
7    -0.42271      7.7703
11      2.24172      20.9884
14     -14.7491      7.22216
16     -21.5583      9.75407
17      23.8538      9.36183
1      -7.875      4.1113
2     -5.12732      18.9665
7    -0.49251      7.7304
11      2.13144      20.9907
14     -14.7491      7.22216
16     -21.5583      9.75407
17      23.8538      9.36183
1      -7.875      4.1113
2     -5.12732      18.9665
7     -1.2637      7.6483
11      1.90716       20.989
14     -14.7491      7.22216
17      23.8538      9.36183
1      -7.875      4.1113
2     -5.12732      18.9665
7     -1.3022      7.6179
11      2.50082      20.8741
14     -14.7491      7.22216
17      23.8538      9.36183
1      -7.875      4.1113
2     -5.12732      18.9665
7     -1.4083      7.5659
11      2.62759      20.8108
14     -14.7491      7.22216
17      23.8538      9.36183
1      -7.875      4.1113
2     -5.12732      18.9665
7     -1.3555      7.5448
11      2.60424      20.7825
14     -14.7491      7.22216
17      23.8538      9.36183
1      -7.875      4.1113
2     -5.12732      18.9665
7     -1.2624      7.5276
11      2.78989      20.7478
14     -14.7491      7.22216
17      23.8538      9.36183
1      -7.875      4.1113
2     -5.12732      18.9665
7     -1.2711      7.4827
11      3.10152      20.6506
14     -14.7458      7.27356
17      23.8538      9.36183
1     -7.8656      4.0832
2      -5.1932      18.8851
7     -1.2079      7.4693
11       3.8815      20.4768
14     -14.7451      7.29386
17      23.8538      9.36183
1     -7.8644        4.07
2     -5.19943      18.8597
7     -1.1059      7.4633
11      4.21015      20.3459
14     -14.7451      7.29386
17      23.8538      9.36183
1     -7.8644        4.07
2     -5.19943      18.8597
7     -1.0292      7.4473
11      4.58173      20.2337
14     -14.7451      7.29386
1     -7.7638      4.2146
2     -5.19943      18.8597
7    -0.76982      7.4578
11      4.75419      20.1647
14     -14.7451      7.29386
1     -7.7568      4.2513
2     -5.19943      18.8597
7    -0.42385      7.4477
11      4.75419      20.1647
14     -14.7451      7.29386
1     -7.7568      4.2513
2     -5.19943      18.8597
7     -0.3838      7.4181
11      4.75419      20.1647
14     -14.7451      7.29386
1     -7.7533       4.271
2      -5.0587       18.898
7    -0.29923       7.398
11      5.70654      19.8811
14     -14.7451      7.29386
1     -7.7533       4.271
2     -5.04576      18.8779
7    -0.19103      7.3717
11      5.81608       19.827
14     -14.7451      7.29386
1     -7.7533       4.271
2     -5.04576      18.8779
7    -0.56812      7.2952
11      5.81608       19.827
14     -14.7451      7.29386
1     -7.7533       4.271
2     -5.04576      18.8779
7     -0.4135      7.2513
11      5.81608       19.827
14     -14.7451      7.29386
1     -7.7533       4.271
2     -5.04576      18.8779
7     -0.5107       7.217
11      5.99079      19.7933
1     -7.6677      4.2049
2     -5.04576      18.8779
7    -0.12148      7.1939
11      6.36517       19.662
1     -7.6587      4.1662
2     -5.04576      18.8779
7     0.24635      7.1569
11      6.42559      19.6246
1     -7.6587      4.1662
2     -5.04576      18.8779
7      0.3944      7.1018
11      6.42559      19.6246
1     -7.5898      4.1574
2     -5.04576      18.8779
7     0.46576      7.0658
11      6.42559      19.6246
1     -7.5853      4.3432
2     -4.65207      19.0096
7      0.6615      7.0315
11      6.42559      19.6246
1     -7.4969      4.6754
2     -4.44855      19.0794
7     0.78505      6.9908
11      6.42559      19.6246
1     -7.6156      4.2149
2     -4.28525      19.1262
7      1.0746      6.9243
11      6.42559      19.6246
1     -7.6131      4.2116
2     -3.54353       19.309
7      1.3132      6.8243
11      6.42559      19.6246
1     -7.6131      4.2116
2     -3.05183       19.429
7      1.6329      6.7058
11      6.42559      19.6246
1     -7.4349      4.2013
2      -2.9047      19.4833
7      1.2097      6.7815
11      6.42559      19.6246
1     -7.2261      4.4885
2     -2.75198      19.5378
7      1.7574      6.6149
11      6.42559      19.6246
1     -7.1903      4.4922
2     -2.59366      19.5924
7       1.948      6.5308
11      6.78059      19.4914
1     -6.6335      5.2439
2     -2.42973      19.6473
7      2.1756      6.4207
11      6.81126      19.4679
1     -6.5622      5.3117
2     -2.26021      19.7024
7      2.4785      6.2732
11      6.81126      19.4679
1      -6.279      5.6736
2     -2.25134       19.671
7      2.8749       6.047
11      6.81126      19.4679
1     -6.2171      5.7297
2     -2.08199      19.7101
7      3.0528      5.9205
11      6.81126      19.4679
1     -5.2742      7.1397
2     -1.90747      19.7469
7      3.2849       5.747
11      6.81126      19.4679
1     -5.0428      7.1546
2     -1.72777      19.7814
7      3.4657      5.5898
11      6.81126      19.4679
1     -4.9179      7.2312
2    -0.247556      19.9525
7      3.4949      5.5438
11      6.81126      19.4679
1     -4.5823      7.8333
2    0.0378112      19.9961
7      3.6182      5.4441
11      6.81126      19.4679
1      -4.258       8.241
2     0.332056      20.0415
7      3.6946      5.3827
11      6.81126      19.4679
1     -3.8916      8.4983
2      1.34573      20.0701
7        3.78      5.3095
11      7.04247       19.295
1     -3.7399      8.5147
2      1.28562      20.0736
7      3.6816      5.3879
11      7.06394       19.291
1     -3.4645      8.6691
2      1.62638      20.0703
7      3.6978      5.3647
11      7.06394       19.291
1      -3.292      8.7388
2       1.9766      20.0575
7      3.7431      5.3059
11      7.06394       19.291
1     -3.2663      8.8454
2       2.3363      20.0353
7      3.7225      5.2998
11      7.06394       19.291
1     -3.1745      8.8896
2      2.70546      20.0035
7      3.7175      5.2846
11      7.06394       19.291
1     -3.4654      9.0797
2      3.08408      19.9622
7      3.7268      5.2231
11      7.06394       19.291
1     -3.3804      9.2399
2      3.47218      19.9115
7      3.7443      5.1589
11      7.06394       19.291
1     -3.3236      9.2937
2      3.86974      19.8512
7      3.6462      5.1692
11      7.06394       19.291
1     -3.7827      9.2873
2      4.27677      19.7815
7      3.6277      5.0989
11      7.06394       19.291
1     -3.7846      9.5583
2      4.69327      19.7022
7      3.5466      5.0827
11      7.06394       19.291
1     -3.7388      9.8814
2      5.11923      19.6135
7       3.483      5.0686
11      7.06394       19.291
18      11.9917      8.92133
1     -3.63806      10.0672
2      5.55467      19.5152
7      3.4918      4.9896
11      7.06394       19.291
18      12.0112       8.9358
1     -3.43435      10.3294
2      7.17775      19.1198
7      3.2954      5.0424
11      7.06394       19.291
18      12.0142       8.9397
1     -2.86024      10.9359
2      7.69864      18.9509
7        3.24      5.0114
11      7.06394       19.291
18      12.0173      8.94702
1     -2.72287      11.0456
2      7.69864      18.9509
7      3.1001      5.0314
11      7.06394       19.291
18      12.0204      8.95778
1     -2.83605      11.1672
2      7.69864      18.9509
7      3.0708      4.9903
11      7.06394       19.291
18      12.0204      8.95778
1     -2.92067      11.2533
2      7.69864      18.9509
7      3.0461      4.9626
11      7.06394       19.291
18      12.0204      8.95778
1     -2.99914      11.3394
2      7.69864      18.9509
7       3.071      4.9162
11      7.06394       19.291
18      12.0204      8.95778
1     -2.60728      11.5527
2      7.69864      18.9509
7      3.1098      4.8689
11      7.06394       19.291
18      12.0204      8.95778
1     -2.24265      11.7431
2      7.69864      18.9509
7      3.0117      4.9053
11      7.12508      19.0085
18      12.0204      8.95778
1     -2.48731      11.7362
2      7.69864      18.9509
7      2.9072      4.9417
11      6.67511      19.3572
18      12.0204      8.95778
1     -2.30156      11.8756
2      7.69864      18.9509
7      2.8296       4.966
11      5.40277      19.7671
18      12.0204      8.95778
1     -2.13667      11.9957
2      7.69864      18.9509
7      2.8787      4.9467
11      5.27607      19.8346
18      12.0204      8.95778
19     -11.1116      10.7486
1      -2.0205      12.0528
2      7.69864      18.9509
7      3.0663      4.8504
11      5.36332        19.87
19     -11.1311      10.7675
1     -1.90083      12.1085
2      7.69864      18.9509
7      3.2362      4.7678
11      6.34467      19.9921
19     -11.1506      10.7865
1    -0.481562      12.4017
2      7.69864      18.9509
7      3.2583      4.7403
11      6.53156      19.6381
19     -11.1506      10.7865
1    -0.300167      12.4595
2      7.69864      18.9509
7       3.256      4.7306
11       6.8686      19.3035
19     -11.1508       10.786
1   -0.0515473      12.5019
2      7.69864      18.9509
7      3.4911      4.5853
11       7.1061      19.2315
19     -11.1513      10.7938
1     0.205647      12.5378
2      7.69864      18.9509
7      3.6888      4.4313
11      8.28481      18.5415
19     -11.1503      10.8009
0      10.8746      10.5193
1     0.471416      12.5674
2      7.69864      18.9509
7      3.7767       4.319
11      8.41619      18.5386
19      -11.153      10.8475
0      10.8997      10.5434
1      0.74576      12.5906
2      7.69864      18.9509
7       3.811      4.2304
11      8.55403      18.5336
19       -11.15      10.8754
0      10.9255      10.5675
1      1.02868      12.6073
2      7.69864      18.9509
7      3.9971      4.0231
11      8.69834      18.5265
19     -11.1546      10.8963
0      10.9551      10.6038
1      1.32017      12.6177
2      7.69864      18.9509
7      4.1391       3.839
11      8.84911      18.5174
19     -11.1555      10.9244
0      10.9839      10.6419
1      1.62024      12.6216
2      7.69864      18.9509
7      4.1498      3.8016
11      8.84911      18.5174
19     -11.1565      10.9538
0      11.0168      10.6894
4     -3.6808      1.7897
1      1.62024      12.6216
2      7.69864      18.9509
7      4.1242      3.8191
11      8.84911      18.5174
19     -11.1565      10.9538
0      11.0508      10.7461
4     -3.6808      1.7897
1      1.62024      12.6216
2      7.69864      18.9509
7        4.09      3.8716
11      8.84911      18.5174
19     -11.1491      11.0336
0      11.1034      10.7798
4     -3.0562       1.486
3     -2.6968      1.1649
1      1.62024      12.6216
2      7.69864      18.9509
7      4.1473      3.8056
11      8.84911      18.5174
19     -11.1484      11.0963
0       11.274      10.6992
4     -3.0562       1.486
3     -2.6968      1.1649
1      1.62024      12.6216
2      7.69864      18.9509
7      4.3881      3.4884
11      8.84911      18.5174
19     -11.1484      11.0963
0      11.6463      10.4147
4     -3.0562       1.486
3     -2.7268      1.1798
1      1.62024      12.6216
2      7.69864      18.9509
7      4.4883      3.3966
11      8.84911      18.5174
19     -11.1481       11.132
0      11.9976      10.1442
4     -3.0562       1.486
3     -2.7569      1.1986
5      21.0097      5.37932
1      1.62024      12.6216
2      7.69864      18.9509
7       4.703      3.0944
11      8.84911      18.5174
19     -11.3805      10.9277
0      12.1664      10.0602
4     -3.0562       1.486
3     -2.7872      1.2213
5      21.0097      5.37932
6     -15.9699      4.08893
1      1.62024      12.6216
2      7.69864      18.9509
7      4.8849      2.8313
11      8.84911      18.5174
19     -11.3858      11.0167
0      12.3348      9.97762
4     -3.0562       1.486
3     -2.8177      1.2479
5      21.0677      5.39471
6     -15.9699      4.08893
1      1.62024      12.6216
2      7.69864      18.9509
7      4.9472      2.7904
11      8.84911      18.5174
19     -11.4197      11.0792
0       12.524      9.88757
4     -3.0562       1.486
3     -2.8368      1.2281
5      21.1258      5.41098
6     -16.0956      4.24224
1      1.62024      12.6216
2      7.69864      18.9509
7      5.0881      2.5778
11      8.84911      18.5174
19     -11.8565      10.7154
0      12.7165      9.79892
4     -3.0562       1.486
3     -2.8451      1.2806
5       21.184      5.42812
6     -16.2405      4.64249
10     -38.4682      21.2838
1      1.62024      12.6216
2      7.69864      18.9509
7      5.2279      2.3475
11      8.84911      18.5174
19     -11.8498      10.8103
0      12.9045      9.69347
4     -3.0562       1.486
3      -2.821      1.4083
5      21.2422      5.44613
6      -16.242      4.65853
10     -38.4682      21.2838
1      1.62024      12.6216
2      7.69864      18.9509
7      5.3009      2.2619
11      8.84911      18.5174
19      -11.946      10.8018
0      13.1138      9.57749
4     -3.0562       1.486
3     -2.7855      1.5581
5      21.3005      5.46502
6     -16.3208      4.94027
10     -38.5311      21.3212
8      -32.921      29.4859
1      1.62024      12.6216
2      7.69864      18.9509
7      5.4142      2.0713
11      8.84911      18.5174
19       -12.01      10.8112
0      13.3324       9.4509
3     -2.7505       1.692
5      21.3589      5.48478
6        -16.4      5.23148
10     -38.5943       21.364
8      -32.921      29.4859
1      1.62024      12.6216
2      7.69864      18.9509
7      5.4824      2.0404
11      8.84911      18.5174
19     -12.1016      10.8025
0      13.3324       9.4509
3     -2.7262      1.7892
5      21.3589      5.48478
6        -16.4      5.23148
10     -38.5943       21.364
8     -32.9671      29.5273
1      1.62024      12.6216
2      7.69864      18.9509
7      5.6203      1.7699
11      8.84911      18.5174
19     -12.0852      10.8987
0      13.3324       9.4509
3     -2.7092      1.8674
5      21.3881      5.49488
6        -16.4      5.22875
10     -38.5943       21.364
8     -32.9671      29.5273
1      1.86703      12.6735
2      7.69864      18.9509
7      5.5714      2.0064
11      8.84911      18.5174
19     -12.1812      10.8925
0      13.3324       9.4509
3     -2.6868      1.9535
5      21.3881      5.49488
6     -16.4199       5.3011
10     -38.5943       21.364
8     -32.9671      29.5273
1      1.88659      12.7059
2      7.69864      18.9509
7      5.6353      1.9257
11      8.84911      18.5174
19     -12.2172      10.9461
0      13.3324       9.4509
3     -2.6728      2.0236
5      21.3881      5.49488
6     -16.4199       5.3011
10     -38.5943       21.364
8     -32.9671      29.5273
1      1.90697      12.7445
2      7.69864      18.9509
7      5.6353      1.9257
11      8.84911      18.5174
19     -12.1825      11.0659
0      13.3324       9.4509
3      -2.655      2.1001
5      21.3881      5.49488
6     -16.4199       5.3011
10     -38.5943       21.364
8     -32.9671      29.5273
1      1.90697      12.7445
2      7.69864      18.9509
7      5.6353      1.9257
11      8.84911      18.5174
19     -12.2351      11.0877
0      13.3324       9.4509
3     -2.6341      2.1781
6     -16.4199       5.3011
10     -38.5943       21.364
8     -32.9671      29.5273
1      1.90697      12.7445
2      7.69864      18.9509
7      5.6353      1.9257
11      8.84911      18.5174
19      -12.315      11.0792
0      13.3324       9.4509
3     -2.6235      2.2388
6     -16.4199       5.3011
10     -38.5943       21.364
8     -32.9671      29.5273
1      1.90697      12.7445
2      7.69864      18.9509
7      5.6353      1.9257
11      8.84911      18.5174
19      -12.315      11.0792
0      13.3324       9.4509
3     -2.6147      2.2931
6     -16.4199       5.3011
10     -38.5943       21.364
8     -32.9671      29.5273
1      1.90697      12.7445
2      7.69864      18.9509
7      5.6353      1.9257
11      8.84911      18.5174
19     -11.9485      11.5094
3     -2.6374      2.3147
6     -16.4199       5.3011
10     -38.5943       21.364
8     -32.9671      29.5273
1      1.90697      12.7445
2      7.69864      18.9509
7      5.5792      2.2314
11      8.84911      18.5174
19     -12.0716      11.4236
3     -2.6407      2.3471
6     -16.4199       5.3011
8     -32.9671      29.5273
1      1.90697      12.7445
2      7.69864      18.9509
7      5.5725      2.3162
11      8.84911      18.5174
19      -12.065      11.4997
3     -2.6074      2.4149
6     -16.4199       5.3011
1      1.90697      12.7445
2      7.69864      18.9509
7      5.5725      2.3162
11      8.84911      18.5174
19      -12.065      11.4997
3     -2.6198      2.4409
6     -16.4199       5.3011
1      1.90697      12.7445
2      7.69864      18.9509
7      5.5725      2.3162
11      8.84911      18.5174
19      -12.065      11.4997
3     -2.6159      2.4783
1      1.90697      12.7445
2      7.69864      18.9509
7      5.5725      2.3162
11      8.84911      18.5174
19      -12.065      11.4997
3     -2.5936      2.5296
1      1.90697      12.7445
2      7.69864      18.9509
7      5.5725      2.3162
11      8.84911      18.5174
19      -12.065      11.4997
3     -2.6208       2.529
2      7.69864      18.9509
7      5.5725      2.3162
11      8.84911      18.5174
19      -12.065      11.4997
3     -2.6087      2.5548
2      7.69864      18.9509
7      5.5725      2.3162
11      8.84911      18.5174
19      -12.065      11.4997
3     -2.6006      2.5731
2      7.69864      18.9509
7      5.5725      2.3162
11      8.84911      18.5174
19      -12.065      11.4997
3     -2.5717      2.6175
2      7.69864      18.9509
7      5.5725      2.3162
11      8.84911      18.5174
19      -12.065      11.4997
3     -2.5624      2.6342
2      7.69864      18.9509
7      5.5725      2.3162
11      8.84911      18.5174
19      -12.065      11.4997
3     -2.5459      2.6632
2      7.69864      18.9509
7      5.5725      2.3162
11      8.84911      18.5174
3     -2.5273      2.6942
2      7.69864      18.9509
7      5.5725      2.3162
11      8.84911      18.5174
3     -2.5163      2.6874
2      7.69864      18.9509
7      5.5725      2.3162
11      8.84911      18.5174
3     -2.5053      2.6864
2      7.69864      18.9509
7      5.5725      2.3162
11      8.84911      18.5174
3     -2.5318       2.644
2      7.69864      18.9509
7      5.5725      2.3162
11      8.84911      18.5174
3     -2.5479      2.6039
2      7.69864      18.9509
7      5.5725      2.3162
11      8.84911      18.5174
3       -2.59      2.5353
2      7.69864      18.9509
7      5.5725      2.3162
11      8.84911      18.5174
3     -2.6124      2.4766
2      7.69864      18.9509
7      5.5725      2.3162
11      8.84911      18.5174
3     -2.6242      2.4191
2      7.69864      18.9509
7      5.5725      2.3162
11      8.84911      18.5174
3     -2.6242      2.4191
2      7.69864      18.9509
7      5.5725      2.3162
11      8.84911      18.5174
3     -2.6242      2.4191
2      7.69864      18.9509
7      5.5725      2.3162
11      8.84911      18.5174
3     -2.6242      2.4191
2      7.69864      18.9509
7      5.5725      2.3162
11      8.84911      18.5174
3     -2.6242      2.4191
2      7.69864      18.9509
7      5.5725      2.3162
11      8.84911      18.5174
3     -2.6242      2.4191
2      7.69864      18.9509
7      5.5725      2.3162
11      8.84911      18.5174
3     -2.6242      2.4191
2      7.69864      18.9509
7      5.5725      2.3162
11      8.84911      18.5174
3     -2.6242      2.4191
2      7.69864      18.9509
7      5.5725      2.3162
11      8.84911      18.5174
3     -2.6242      2.4191
2      7.69864      18.9509
7      5.5725      2.3162
11      8.84911      18.5174
3     -2.6242      2.4191
2      7.69864      18.9509
7      5.5725      2.3162
11      8.84911      18.5174
3     -2.6242      2.4191
2      7.69864      18.9509
7      5.5725      2.3162
11      8.84911      18.5174
3     -2.6242      2.4191
2      7.69864      18.9509
7      5.5725      2.3162
11      8.84911      18.5174
3     -2.6242      2.4191
2      7.69864      18.9509
7      5.5725      2.3162
11      8.84911      18.5174
3     -2.6242      2.4191
2      7.69864      18.9509
7      5.5725      2.3162
11      8.84911      18.5174
3     -2.6242      2.4191
2      7.69864      18.9509
7      5.5725      2.3162
11      8.84911      18.5174
3     -2.6242      2.4191
2      7.69864      18.9509
7      5.5725      2.3162
11      8.84911      18.5174
3     -2.6242      2.4191
2      7.69864      18.9509
7      5.5725      2.3162
11      8.84911      18.5174
3     -2.6242      2.4191
2      7.69864      18.9509
7      5.5725      2.3162
11      8.84911      18.5174
3     -2.6242      2.4191
2      7.69864      18.9509
7      5.5725      2.3162
11      8.84911      18.5174
3     -2.6242      2.4191
2      7.69864      18.9509
7      5.5725      2.3162
11      8.84911      18.5174
3     -2.6242      2.4191
2      7.69864      18.9509
7      5.5725      2.3162
11      8.84911      18.5174
3     -2.6242      2.4191
2      7.69864      18.9509
7      5.5725      2.3162
11      8.84911      18.5174
3     -2.6242      2.4191
2      7.69864      18.9509
7      5.5725      2.3162
11      8.84911      18.5174
3     -2.6242      2.4191
2      7.69864      18.9509
7      5.5725      2.3162
11      8.84911      18.5174
3     -2.6242      2.4191
2      7.69864      18.9509
7      5.5725      2.3162
11      8.84911      18.5174
3     -2.6242      2.4191
2      7.69864      18.9509
7      5.5725      2.3162
11      8.84911      18.5174
3     -2.6242      2.4191
2      7.69864      18.9509
7      5.5725      2.3162
11      8.84911      18.5174
3     -2.6242      2.4191
2      7.69864      18.9509
7      5.5725      2.3162
11      8.84911      18.5174
3     -2.6242      2.4191
2      7.69864      18.9509
7      5.5725      2.3162
11      8.84911      18.5174
3     -2.6242      2.4191
2      7.69864      18.9509
7      5.5725      2.3162
11      8.84911      18.5174
3     -2.6242      2.4191
2      7.69864      18.9509
7      5.5725      2.3162
11      8.84911      18.5174
3     -2.6242      2.4191
2      7.69864      18.9509
7      5.5725      2.3162
11      8.84911      18.5174
3     -2.6242      2.4191
2      7.69864      18.9509
7      5.5725      2.3162
11      8.84911      18.5174
3     -2.6242      2.4191
2      7.69864      18.9509
7      5.5725      2.3162
11      8.84911      18.5174
3     -2.6242      2.4191
2      7.69864      18.9509
7      5.5725      2.3162
11      8.84911      18.5174
3     -2.6242      2.4191
2      7.69864      18.9509
7      5.5725      2.3162
11      8.84911      18.5174
3     -2.6242      2.4191
2      7.69864      18.9509
7      5.5725      2.3162
11      8.84911      18.5174
3     -2.6242      2.4191
2      7.69864      18.9509
7      5.5725      2.3162
11      8.84911      18.5174
3     -2.6242      2.4191
2      7.69864      18.9509
7      5.5725      2.3162
11      8.84911      18.5174
3     -2.6242      2.4191
2      7.69864      18.9509
7      5.5725      2.3162
11      8.84911      18.5174
3     -2.6242      2.4191
2      7.69864      18.9509
7      5.5725      2.3162
11      8.84911      18.5174
3     -2.6242      2.4191
2      7.69864      18.9509
7      5.5725      2.3162
11      8.84911      18.5174
3     -2.6242      2.4191
2      7.69864      18.9509
7      5.5725      2.3162
11      8.84911      18.5174
3     -2.6242      2.4191
2      7.69864      18.9509
7      5.5725      2.3162
11      8.84911      18.5174
3     -2.6242      2.4191
2      7.69864      18.9509
7      5.5725      2.3162
11      8.84911      18.5174
3     -2.6242      2.4191
2      7.69864      18.9509
7      5.5725      2.3162
11      8.84911      18.5174
3     -2.6242      2.4191
2      7.69864      18.9509
7      5.5725      2.3162
11      8.84911      18.5174
3     -2.6242      2.4191
2      7.69864      18.9509
7      5.5725      2.3162
11      8.84911      18.5174
3     -2.6242      2.4191
2      7.69864      18.9509
7      5.5725      2.3162
11      8.84911      18.5174
3     -2.6242      2.4191
2      7.69864      18.9509
7      5.5725      2.3162
11      8.84911      18.5174
3     -2.6242      2.4191
2      7.69864      18.9509
7      5.5725      2.3162
11      8.84911      18.5174
3     -2.6242      2.4191
2      7.69864      18.9509
7      5.5725      2.3162
11      8.84911      18.5174
3     -2.6242      2.4191
2      7.69864      18.9509
7      5.5725      2.3162
11      8.84911      18.5174
3     -2.6242      2.4191
2      7.69864      18.9509
7      5.5725      2.3162
11      8.84911      18.5174
3     -2.6242      2.4191
2      7.69864      18.9509
7      5.5725      2.3162
11      8.84911      18.5174
3     -2.6242      2.4191
2      7.69864      18.9509
7      5.5725      2.3162
11      8.84911      18.5174
3     -2.6242      2.4191
2      7.69864      18.9509
7      5.5725      2.3162
11      8.84911      18.5174
3     -2.6242      2.4191
2      7.69864      18.9509
7      5.5725      2.3162
11      8.84911      18.5174
3     -2.6242      2.4191
2      7.69864      18.9509
7      5.5725      2.3162
11      8.84911      18.5174
3     -2.6242      2.4191
2      7.69864      18.9509
7      5.5725      2.3162
11      8.84911      18.5174
3     -2.6242      2.4191
2      7.69864      18.9509
7      5.5725      2.3162
11      8.84911      18.5174
3     -2.6242      2.4191
2      7.69864      18.9509
7      5.5725      2.3162
11      8.84911      18.5174
3     -2.6242      2.4191
2      7.69864      18.9509
7      5.5725      2.3162
11      8.84911      18.5174
3     -2.6242      2.4191
2      7.69864      18.9509
7      5.5725      2.3162
11      8.84911      18.5174
3     -2.6242      2.4191
2      7.69864      18.9509
7      5.5725      2.3162
11      8.84911      18.5174
3     -2.6242      2.4191
2      7.69864      18.9509
7      5.5725      2.3162
11      8.84911      18.5174
3     -2.6242      2.4191
2      7.69864      18.9509
7      5.5725      2.3162
11      8.84911      18.5174
3     -2.6242      2.4191
2      7.69864      18.9509
7      5.5725      2.3162
11      8.84911      18.5174
3     -2.6242      2.4191
2      7.69864      18.9509
7      5.5725      2.3162
11      8.84911      18.5174
3     -2.6242      2.4191
2      7.69864      18.9509
7      5.5725      2.3162
11      8.84911      18.5174
3     -2.6242      2.4191
2      7.69864      18.9509
7      5.5725      2.3162
11      8.84911      18.5174
3     -2.6242      2.4191
2      7.69864      18.9509
7      5.5725      2.3162
11      8.84911      18.5174
3     -2.6242      2.4191
2      7.69864      18.9509
7      5.5725      2.3162
11      8.84911      18.5174
3     -2.6242      2.4191
2      7.69864      18.9509
7      5.5725      2.3162
11      8.84911      18.5174
3     -2.6242      2.4191
2      7.69864      18.9509
7      5.5725      2.3162
11      8.84911      18.5174
3     -2.6242      2.4191
2      7.69864      18.9509
7      5.5725      2.3162
11      8.84911      18.5174
3     -2.6242      2.4191
2      7.69864      18.9509
7      5.5725      2.3162
11      8.84911      18.5174
3     -2.6242      2.4191
2      7.69864      18.9509
7      5.5725      2.3162
11      8.84911      18.5174
3     -2.6242      2.4191
2      7.69864      18.9509
7      5.5725      2.3162
11      8.84911      18.5174
3     -2.6242      2.4191
2      7.69864      18.9509
7      5.5725      2.3162
11      8.84911      18.5174
3     -2.6242      2.4191
2      7.69864      18.9509
7      5.5725      2.3162
11      8.84911      18.5174
3     -2.6242      2.4191
2      7.69864      18.9509
7      5.5725      2.3162
11      8.84911      18.5174
3     -2.6242      2.4191
2      7.69864      18.9509
7      5.5725      2.3162
11      8.84911      18.5174
3     -2.6242      2.4191
2      7.69864      18.9509
7      5.5725      2.3162
11      8.84911      18.5174
3     -2.6242      2.4191
2      7.69864      18.9509
7      5.5725      2.3162
11      8.84911      18.5174
3     -2.6242      2.4191
2      7.69864      18.9509
7      5.5725      2.3162
11      8.84911      18.5174
3     -2.6242      2.4191
2      7.69864      18.9509
7      5.5725      2.3162
11      8.84911      18.5174
3     -2.6242      2.4191
2      7.69864      18.9509
7      5.5725      2.3162
11      8.84911      18.5174
3     -2.6242      2.4191
2      7.69864      18.9509
7      5.5725      2.3162
11      8.84911      18.5174
3     -2.6242      2.4191
2      7.69864      18.9509
7      5.5725      2.3162
11      8.84911      18.5174
3     -2.6242      2.4191
2      7.69864      18.9509
7      5.5725      2.3162
11      8.84911      18.5174
3     -2.6242      2.4191
2      7.69864      18.9509
7      5.5725      2.3162
11      8.84911      18.5174
3     -2.6242      2.4191
2      7.69864      18.9509
7      5.5725      2.3162
11      8.84911      18.5174
3     -2.6242      2.4191
2      7.69864      18.9509
7      5.5725      2.3162
11      8.84911      18.5174
3     -2.6242      2.4191
2      7.69864      18.9509
7      5.5725      2.3162
11      8.84911      18.5174
3     -2.6389      2.3845
2      7.69864      18.9509
7      5.5725      2.3162
11      8.84911      18.5174
3     -2.6398      2.3636
2      7.69864      18.9509
7      5.5725      2.3162
11      8.84911      18.5174
3     -2.6398      2.3636
2      7.69864      18.9509
7      5.5725      2.3162
11      8.84911      18.5174
3     -2.6398      2.3636
2      7.69864      18.9509
7      5.5725      2.3162
11      8.84911      18.5174
3     -2.6398      2.3636
2      7.69864      18.9509
7      5.5725      2.3162
11      8.84911      18.5174
3     -2.6398      2.3636
2      7.69864      18.9509
7      5.5725      2.3162
11      8.84911      18.5174
3     -2.6385      2.3283
2      7.69864      18.9509
7      5.5725      2.3162
11      8.84911      18.5174
3     -2.4915       2.449
2      7.69864      18.9509
7      5.5725      2.3162
11      8.84911      18.5174
3     -2.4733      2.4332
2      7.69864      18.9509
7      5.5725      2.3162
11      8.84911      18.5174
3     -2.4733      2.4332
2      7.69864      18.9509
7      5.5725      2.3162
11      8.84911      18.5174
3     -2.4733      2.4332
2      7.69864      18.9509
7      5.5725      2.3162
11      8.84911      18.5174
3     -2.4744      2.4141
2      7.69864      18.9509
7      5.5725      2.3162
11      8.84911      18.5174
3     -2.4821      2.3737
2      7.69864      18.9509
7      5.5725      2.3162
11      8.84911      18.5174
3     -2.4577      2.3629
2      7.69864      18.9509
7      5.5725      2.3162
11      8.84911      18.5174
3     -2.5399      2.2313
2      7.69864      18.9509
7      5.5725      2.3162
11      8.84911      18.5174
3     -2.5239      2.2117
2      7.69864      18.9509
7      5.5454      2.4497
11      8.84911      18.5174
3     -2.5217      2.1729
2      7.69864      18.9509
7      5.5412      2.4934
11      8.84911      18.5174
3     -2.4497      2.2318
2      7.69864      18.9509
7      5.5412      2.4934
11      8.84911      18.5174
3     -2.4308      2.2164
2      7.69864      18.9509
7      5.5412      2.4934
11      8.84911      18.5174
3      -2.395       2.213
2      7.69864      18.9509
7      5.5412      2.4934
11      8.84911      18.5174
3     -2.3525      2.2182
2      7.69864      18.9509
7      5.5495      2.4541
11      8.84911      18.5174
3     -2.3482      2.1747
2      7.69864      18.9509
7      5.5554      2.4655
11      8.84911      18.5174
3     -2.3579      2.1189
2      7.69864      18.9509
7      5.5742      2.4294
11      8.84911      18.5174
3     -2.3764      2.1675
13     -36.3738       20.125
2      7.69864      18.9509
7      5.5797      2.4725
11      8.84911      18.5174
3     -2.3418        2.17
13     -36.3464      20.1099
2      7.69864      18.9509
7      5.4616       2.738
11      8.84911      18.5174
3     -2.3318      2.1509
13     -36.3464      20.1099
12     -13.2569      6.90248
2      7.69864      18.9509
7      5.4563      2.6243
11      8.84911      18.5174
3     -2.3216       2.118
13     -36.3464      20.1099
12     -13.2345       6.8911
9      11.3868       9.6815
2      7.69864      18.9509
7      5.3474      2.8268
11      8.84911      18.5174
3     -2.3161      2.0757
13     -36.3464      20.1099
12     -13.2058      6.87317
9      11.3868       9.6815
2      7.69864      18.9509
7      5.1385      3.1948
11      8.84911      18.5174
3     -2.3163      2.0256
13     -36.3356      20.0952
12     -13.1687      6.87781
9      11.3617       9.6548
2      7.69864      18.9509
7      5.0426      3.3038
11      8.84911      18.5174
3     -2.3173      1.9707
13     -36.3265      20.0593
12     -13.1525      6.84847
9       11.336      9.61109
2      7.69864      18.9509
7      4.8815      3.4825
11      8.84911      18.5174
3     -2.3525      1.8756
13      -36.312      20.0235
12     -13.1174      6.85181
9      11.3214      9.56669
2      7.69864      18.9509
7      4.6266      3.6897
11      8.56305       18.623
3     -2.3418       1.823
13     -36.2944      19.9909
12     -13.0623      6.87845
9      11.3032      9.51543
2      7.69864      18.9509
7      4.3676      3.9169
11      8.53478      18.6078
3     -2.2724      1.8509
13     -36.2802       19.946
12     -13.0441      6.85032
9      11.3265      9.41839
2      7.69864      18.9509
7      4.0962      4.0989
11      8.53478      18.6078
3     -2.3419      1.7091
13     -36.2911      19.9007
12     -12.9784      6.90058
9      11.3391      9.33722
15     -24.2829      10.8516
2      7.69864      18.9509
7      3.7191      4.3716
11      8.53478      18.6078
3     -2.3748      1.6135
13     -36.2954      19.8303
12     -12.9697       6.8525
9      11.3537      9.25315
15     -24.2829      10.8516
2      7.69864      18.9509
7      3.2948      4.6195
11      8.53478      18.6078
3       -2.56      1.2809
13     -36.3058      19.7436
12     -12.9698      6.80051
9      11.3887       9.1614
15      -24.224      10.8287
2      7.69864      18.9509
7      3.0138      4.7993
11      8.53478      18.6078
3     -2.5394       1.238
13     -36.3064      19.6691
12     -12.9445      6.80206
9      11.4104       9.0805
15     -24.1652      10.8083
2      7.69864      18.9509
7      2.9905      4.7867
11      8.53478      18.6078
3     -2.5393      1.1868
13     -36.3064      19.6691
12     -12.9232      6.77435
9      11.4532      8.97406
15     -24.1066      10.7934
2      7.69864      18.9509
7      2.7759      4.9003
11      7.88723      18.3673
3      -2.522      1.1332
13     -36.3064      19.6691
12      -13.017      6.51681
9      11.6915      8.61659
15     -24.0483      10.7829
16      19.6354      16.7591
2      7.69864      18.9509
7      2.7144      4.9037
11      7.83936      18.3399
3     -2.5134       1.073
13     -36.3064      19.6691
12     -13.0159      6.44578
9      11.7685      8.44961
15     -24.0483      10.7829
16      19.6354      16.7591
2      7.69864      18.9509
7      2.3915      5.0098
11       7.6795      18.1059
3      -2.503       1.026
13     -36.3064      19.6691
12      -13.011      6.36963
9      11.9277      8.17893
15     -24.0192      10.7787
16      19.5818      16.7149
2      7.69864      18.9509
7      2.0525      5.1059
11      7.81537      17.7587
3     -2.4944     0.96967
13     -36.3064      19.6691
12     -13.0078      6.28283
9      11.9989      8.03212
15     -24.0136      10.6012
16      19.5283      16.6742
17      28.7022      27.7645
2      7.69864      18.9509
7      1.9325      5.1385
11      6.91722      16.9979
3     -2.5136     0.81888
13     -36.3064      19.6691
12     -13.0063       6.1854
9      12.1907      7.70434
15     -23.9957      10.4896
16      19.4748      16.6369
17      28.7022      27.7645
2      7.69864      18.9509
7      1.7395      5.1763
11      6.85565      16.9965
3     -2.5227     0.71323
13     -36.3064      19.6691
12     -13.0063       6.1854
9      12.2258      7.60321
15     -23.9957      10.4896
16      19.4215      16.6669
17       28.678      27.7405
2      7.69864      18.9509
7      1.4719       5.227
11       5.9505      16.8242
3     -2.4956     0.74248
13     -36.3064      19.6691
12     -13.0063       6.1854
9      12.3084      7.44938
15     -23.9957      10.4896
16      19.3688      16.6849
17      28.6537      27.7143
2      8.80705      18.7905
7      1.1962      5.2654
11      5.46235      16.4912
3     -2.5064     0.67451
13     -36.3064      19.6691
12     -13.0063       6.1854
9      12.0312      7.87454
15     -23.9957      10.4896
16      19.3131      16.6908
17      28.6541      27.7097
14      21.6696      34.5413
2       8.7745      18.8703
7     0.92347      5.2916
11      5.11614      16.4286
3     -2.5064     0.67451
12     -13.0063       6.1854
9      12.0593      7.83472
15     -23.9957      10.4896
16        19.26      16.7172
17       28.642      27.6881
14      21.6696      34.5413
2      9.33698      18.7008
7      1.1922      5.2024
11      4.70972       16.384
3      -2.488     0.75358
12     -13.0063       6.1854
9      12.1232       7.7412
15     -23.9957      10.4896
16       19.207      16.7522
17      28.6299      27.6623
14      21.6527      34.5165
18      12.5642      39.4233
2      9.40806      18.5829
7      1.2673      5.1394
11      3.81386      16.1467
3     -2.4633     0.89873
12     -13.0063       6.1854
9      12.1898      7.64962
15     -23.9957      10.4896
16      19.1541      16.7959
17      28.6299      27.6623
14      21.6358      34.4944
18      12.5565      39.3991
2      9.32372      18.6693
7      1.7175      5.0452
11      3.61909      16.0456
3     -2.4574     0.95136
12     -13.0063       6.1854
9      12.4834      6.95551
15     -23.9907      10.4443
16      19.1014      16.8481
17      28.6299      27.6623
14      21.6189      34.4749
18      12.5567       39.399
2      9.01618      18.8818
7      2.0357      4.9391
11      3.55609      15.9435
3     -2.4574     0.95136
9      12.5799      6.69308
15     -23.9842      10.4147
16      19.0488       16.909
17      28.6299      27.6623
14      21.6189      34.4749
18      12.5527      39.3864
2      8.14914      19.5376
7       2.344      4.7829
11      2.80508      16.1302
3     -2.4504      1.0545
9      12.5799      6.69308
15     -23.9806       10.367
16      18.9964      16.9784
17      28.6299      27.6623
14      21.6189      34.4749
18      12.5488      39.3736
2      7.78008      19.7109
7      2.7151       4.627
11      2.72167      16.0548
3     -2.4252      1.2371
9      12.5799      6.69308
15     -23.9806       10.367
16      18.9441      17.0564
17      28.6299      27.6623
14      21.6189      34.4749
18      12.5478      39.3738
2       7.6779      19.7221
7      2.8747      4.5045
11      2.47798       15.959
3     -2.4444      1.2288
9      12.5799      6.69308
15     -23.9806       10.367
16      18.9441      17.0564
17      28.6299      27.6623
14      21.6189      34.4749
18      12.5475      39.3738
2      7.19923      19.9875
7      3.0073      4.3324
11      2.14836      15.8372
3     -2.2906      1.6506
9      12.5799      6.69308
15     -23.9806       10.367
16      18.9441      17.0564
17      28.6299      27.6623
14      21.6189      34.4749
18      12.5475      39.3738
2      7.05267      20.0205
7      3.2885      4.0412
11      1.71253      15.8137
3     -2.0226      2.2013
9      12.5799      6.69308
15     -23.9806       10.367
16      18.9441      17.0564
17      28.6299      27.6623
14      21.6189      34.4749
18      12.5475      39.3738
2      7.20736      19.9858
7      3.4935      3.7992
11      0.90785      15.7842
3     -1.7271      2.6037
9      12.5799      6.69308
15     -23.9806       10.367
14      21.6189      34.4749
18      12.5475      39.3738
4     -5.60252      11.0932
2      6.62243      20.2861
7       3.616      3.5762
11     0.526013      15.7781
3     -1.4964      2.8022
9      12.3326      7.05305
15     -23.9806       10.367
14      21.6189      34.4749
18      12.5475      39.3738
4     -5.60252      11.0932
2      6.11401      20.5071
7      3.9401      3.1986
11    -0.254147      15.5567
3     -1.3296       2.909
9      11.9867      7.60618
15     -23.9806       10.367
18      12.5475      39.3738
4     -5.60252      11.0932
2      5.89537       20.546
7      4.1479      2.9177
11      -1.1422      15.4805
3     -1.1744      3.0163
9       11.917      7.64724
15     -23.9806       10.367
18      12.5475      39.3738
4     -5.60252      11.0932
2      4.18902      21.1665
7       4.268      2.7798
11      -1.5688      15.4112
3     -1.0271      3.0473
9       11.917      7.64724
15     -23.9806       10.367
18      12.5475      39.3738
4     -5.60482      11.0973
2      2.88608      21.5532
7      4.5546      2.4009
11      -1.9287      15.3226
3    -0.94618      3.0451
9       11.917      7.64724
18      12.5475      39.3738
4     -5.60743      11.0962
2      2.49763       21.629
7      4.3164      2.9909
11     -2.43892      15.2369
3      -0.832       3.044
9       11.917      7.64724
18      12.5475      39.3738
4     -5.60988      11.0952
2      2.01618        21.66
7      4.7036      1.9077
11     -3.03203      14.9437
3    -0.66296      3.0882
9       11.917      7.64724
4     -5.60988      11.0952
5      26.2031      12.9638
2      1.51724      21.6857
7      4.7381      1.9511
11     -3.59693      14.6525
3    -0.64193       3.098
9      11.8853      7.71718
4     -5.60988      11.0952
5      26.2031      12.9638
2     0.669538      21.7563
7      4.9704      1.4306
11     -4.08071      14.2257
3     -0.4573      3.1475
9      12.0353      7.47852
4     -5.60988      11.0952
5      26.2269      12.9754
0      22.6586       19.983
2      0.10945       21.744
7      4.9874      1.6395
11     -4.74375      13.8432
3    -0.50828      3.1666
9       12.046       7.4959
4     -5.60988      11.0952
5      26.2507      12.9856
0      22.6586       19.983
2    -0.469078       21.719
7      5.0415      1.4751
11     -5.19213      13.6651
3    -0.32993      3.1833
9      12.2366      7.18396
4     -5.60988      11.0952
5      26.2276      12.2663
0      22.6586       19.983
2     -1.06605      21.6814
7      5.1767      1.3967
11     -5.65587      13.3332
3    0.054649      3.1275
9      11.9185      7.86765
4     -5.60988      11.0952
5      26.2033      11.1161
0      22.8877       20.185
10      21.9882      29.7984
2     -1.68145      21.6309
7      5.3463     0.99614
11     -6.37958      12.8057
3      0.3774      3.0592
9      11.7541      8.23638
4     -5.60988      11.0952
5      26.2033      11.1161
0      22.8877       20.185
10      21.9882      29.7984
8      14.5199      16.5672
2      -2.3153      21.5678
7      5.3463     0.99614
11     -6.96099      12.2782
3     0.57081      2.9776
9      11.7283      8.34557
4     -5.60988      11.0952
5      26.2033      11.1161
0      23.0225      20.5582
10      22.0012      29.8174
8      14.5199      16.5672
2      -2.3153      21.5678
7       5.431     0.78706
11     -7.28383      11.9716
3     0.69862      2.9078
9      11.7283      8.34557
4     -5.60988      11.0952
5      26.2033      11.1161
0      23.2263      21.5005
10      22.0171      29.0311
8      14.5412      16.5949
6      14.9577      34.6963
2      -2.3153      21.5678
7      5.5157     0.57798
11     -7.74874      11.5656
3     0.59242       2.872
9      11.7283      8.34557
5      26.2033      11.1161
0      23.2263      21.5005
10      22.0208      27.6101
8      14.5627      16.6362
6      14.9577      34.6963
2     -2.29859      21.6014
7      5.6004      0.3689
11     -8.04945       11.294
3      0.5314      2.8691
9      11.7217      8.37426
5      26.2033      11.1161
0      23.2263      21.5005
10      22.0166      25.4174
8      14.5845      16.6967
6      14.9158      34.3506
1      9.97401      27.2472
2     -2.37874      21.6161
7      5.6004      0.3689
11     -8.48404      10.9335
3     0.28636      2.9291
9       12.006      7.98139
5      26.2033      11.1161
0      23.2263      21.5005
10      22.0166      25.4174
8      14.5967      16.7222
6      14.8695      33.4992
1      9.97401      27.2472
19      7.01901      17.7782
2     -2.37874      21.6161
7      5.6004      0.3689
11     -9.27644      10.2492
3     0.21884      2.9259
9        12.03      8.00947
5      26.2033      11.1161
0      23.2263      21.5005
10      22.0166      25.4174
8      14.6155      16.9364
6      14.8695      33.4992
1      10.3897      28.3826
19      7.01901      17.7782
2     -2.37874      21.6161
7      5.6004      0.3689
11     -9.79568       9.7493
3   -0.081933      2.9545
9      12.0558      8.04771
5      26.2033      11.1161
0      23.2263      21.5005
10      22.0166      25.4174
8      14.6353      17.0861
6      14.8695      33.4992
1      10.3897      28.3826
19      7.02728      17.8002
13      7.28679      29.7475
2     -3.05582      21.6159
7      5.6004      0.3689
11      -10.123       9.3967
3    -0.30342      2.9285
9      12.0558      8.04771
5      26.2033      11.1161
0      23.2263      21.5005
10      22.0166      25.4174
8      14.6552      17.2644
6      14.8695      33.4992
1      10.3897      28.3826
19      7.03547      17.8238
13      7.28679      29.7475
12  -0.00555949      11.0082
2     -3.12198      21.6536
7      5.6004      0.3689
11     -10.8547      8.59426
3    -0.37283      2.8892
9      12.0558      8.04771
0      23.2263      21.5005
10      22.0166      25.4174
8      14.6552      17.2644
6      14.8695      33.4992
1      10.3897      28.3826
19      7.03886      17.8555
13      7.29547      29.7861
12  -0.00555949      11.0082
2      -3.4087       21.623
7      5.6004      0.3689
11     -11.2315      8.24257
3    -0.45834      2.8344
9      12.1741      7.90858
0      23.2263      21.5005
10      22.0166      25.4174
8      14.6552      17.2644
6      14.8665      33.4301
1      10.3897      28.3826
19      7.04363      17.8912
13      7.30416      29.8279
12  -0.00582738      11.0213
2     -3.49559      21.6468
7      5.6004      0.3689
11     -11.7832      7.53442
3    -0.48661      2.8012
9       12.188       7.9171
0      23.2263      21.5005
10      22.0166      25.4174
8      14.6552      17.2644
6      14.8665      33.4301
1      10.3897      28.3826
19       7.0467      17.9268
13      7.30416      29.8279
12  -0.00613859      11.0352
2     -2.57323      21.6395
7      5.6004      0.3689
11     -11.9274      7.59562
3    -0.39551      2.7784
9      12.2593      7.85177
10      22.0166      25.4174
8      14.6552      17.2644
6      14.8665      33.4301
1      10.3897      28.3826
19      7.04965       17.955
13      7.30416      29.8279
12  -0.00876822      11.0591
2      -2.5532      21.6825
7      5.6004      0.3689
11     -12.3761      7.00563
3    -0.45793      2.7396
9      12.4161      7.65451
8      14.6552      17.2644
6      14.8665      33.4301
1      10.3897      28.3826
19      7.05446      17.9789
13      7.30416      29.8279
12   -0.0114278      11.0811
2     -1.19352       21.777
7      5.6004      0.3689
11     -12.6753      6.73999
3    -0.50145      2.6774
9      12.3829      7.77873
8      14.6552      17.2644
6      14.8665      33.4301
1      10.3897      28.3826
19      7.05446      17.9789
13      7.30416      29.8279
12    -0.018599       11.089
2     -1.15568       21.801
7      5.6004      0.3689
11     -12.4762      7.99923
3    -0.48491       2.666
9       12.404      7.79503
8      14.6552      17.2644
1      10.3897      28.3826
19      7.05446      17.9789
13      7.30416      29.8279
12   -0.0326504      11.1169
2     -1.36212       22.018
7      5.6004      0.3689
11     -12.8773       7.5677
3    -0.50479      2.6525
9      13.2247       6.5683
8      14.6552      17.2644
19      7.05446      17.9789
13      7.30416      29.8279
12   -0.0600019       11.143
2     -1.25901      22.0468
7      5.6004      0.3689
11     -12.8773       7.5677
3    -0.63977      2.5955
9      13.3194      6.45209
19      7.05446      17.9789
13      7.30393        29.83
12    -0.126638      11.1733
2     -1.20165       22.139
7      5.6004      0.3689
11     -12.8079      7.82659
3    -0.75044      2.5363
9      13.7249      5.87297
19      7.05446      17.9789
13      7.30382      29.8321
12    -0.237216       11.186
2     -1.09078      22.1684
7      5.6004      0.3689
11     -12.9396      7.90984
3    -0.87025      2.4765
9      13.8737      5.66048
19      7.05446      17.9789
13      7.30382      29.8321
12    -0.312718      11.2144
2     -2.50177      22.1251
7      5.6004      0.3689
11     -13.2491      7.68783
3    -0.92957      2.4555
9      13.9589      5.54158
19      7.05446      17.9789
13      7.30382      29.8321
12    -0.353781      11.2424
2     -2.07692       22.185
7      5.6004      0.3689
11     -13.3583      7.61781
3    -0.94552      2.4487
9        14.16      5.19276
19      7.05446      17.9789
13      7.30382      29.8321
12    -0.478203      11.2631
2     -2.09562      22.1898
7      5.6004      0.3689
11      -13.435      7.61519
3    -0.93514      2.4386
9       14.285      4.94922
19      7.06537      18.0191
13      7.30382      29.8321
12    -0.534034      11.2852
2     -2.07626      22.1849
7      5.6004      0.3689
11     -13.6078      7.44513
3     -0.9283      2.4429
9      14.3866      4.71839
19      7.13124      18.0055
13      7.30382      29.8321
12    -0.645283       11.332
16     -8.80249      37.3712
2     -2.02741      22.2049
7      5.6004      0.3689
11     -13.8872      6.98828
3    -0.98765      2.4118
9      14.3866      4.71839
19      7.14202      18.0187
13      7.30382      29.8321
12    -0.713081      11.3724
16     -8.80249      37.3712
2     -1.97635      22.2216
7      5.6004      0.3689
11      -13.778      7.37786
3    -0.94291      2.4402
9      14.2869      4.97673
19      7.14202      18.0187
13      7.30382      29.8321
12     -0.78394      11.4191
16     -8.80819      37.3941
2     -1.92308       22.235
7      5.6004      0.3689
11     -13.8846      7.23126
3    -0.95863      2.4158
9      14.3057        4.973
19      7.14202      18.0187
13      7.30382      29.8321
12     -0.78394      11.4191
16     -8.81375      37.4168
2     -2.21985      22.2521
7      5.6004      0.3689
11     -13.9696      7.13003
3    -0.98978      2.3984
9      14.3057        4.973
19      7.14202      18.0187
13      7.30382      29.8321
12     -0.78394      11.4191
16     -8.81937      37.4389
2     -3.42677      21.9619
7      5.6004      0.3689
11      -14.213      6.77044
3     -1.0376       2.366
9      14.3057        4.973
19      7.14202      18.0187
12     -0.78394      11.4191
16     -8.81937      37.4389
2     -4.70215      21.6267
11     -14.2966      6.64281
3     -1.0737      2.3555
9      14.1254      5.53362
19      7.16173      18.0118
12     -0.78394      11.4191
16     -8.81937      37.4389
2     -5.96061      21.5665
11     -14.2966      6.64281
3     -1.0767      2.3376
9      14.1023      5.66843
19      7.22724      18.0026
12     -0.78394      11.4191
16     -8.81937      37.4389
2     -7.86236      21.0671
11     -14.1889      6.93406
3     -1.0867      2.3795
9      13.7867      6.48666
19      7.25906      18.0118
12     -0.78394      11.4191
16     -8.81937      37.4389
17      20.8026      13.2332
2     -8.70971      20.8145
11      -14.197      6.94607
3     -1.1359      2.3792
9      13.7335      6.67815
19      7.24647        18.04
12     -0.78394      11.4191
16     -8.81937      37.4389
17      20.8026      13.2332
2      -9.5213      20.2151
11      -14.197      6.94607
3     -1.1612      2.3961
9      13.6775      6.87373
19      7.25856      18.0654
12     -0.78394      11.4191
16     -8.81937      37.4389
17       20.816      13.2418
2     -10.1859      19.6642
11      -14.197      6.94607
3     -1.1196      2.4867
9      13.6775      6.87373
19      7.27132      18.0947
16     -8.81937      37.4389
17      20.8296      13.2532
2     -10.8475      19.0953
11     -14.0814       7.3734
3     -1.0796       2.614
9      13.6489      6.97254
19      7.27132      18.0947
16     -8.81937      37.4389
17      20.8431      13.2645
2     -11.1793       18.734
11      -14.067      7.44581
3     -1.0657      2.7168
9      13.3005      7.98779
19      7.44488      18.0637
16     -8.82016       37.454
17      20.9018      13.4633
2     -11.6673      18.2673
11      -14.067      7.44581
3     -1.1452      2.7722
9      13.3372      7.94903
19      7.47027        18.09
16     -8.82048      37.4752
17      20.9871      14.0645
2     -12.3224      17.7666
11     -14.0833      7.52462
3     -1.2129      2.8213
9      13.2758      8.07794
19      7.49677      18.1218
16     -8.82048      37.4752
17        21.03      14.5729
2     -12.9307       17.395
11      -14.081      7.57754
3     -1.2773      2.8734
9      13.2383      8.28995
19      7.49677      18.1218
16     -8.82048      37.4752
17        21.03      14.5729
2     -13.2391      17.2113
11     -14.2549      7.33194
3     -1.3085      2.9523
9       13.172      8.46055
19      7.51029       18.139
16     -8.82048      37.4752
17        21.03      14.5729
2     -13.9108       16.751
11     -14.2719      7.34434
3     -1.3395      3.0567
9      13.1042      8.63771
19      7.51029       18.139
16     -8.82048      37.4752
17        21.03      14.5729
2     -13.4315      17.0738
11     -14.2719      7.34434
3     -1.3531      3.1475
9      13.1042      8.63771
19      7.28105      18.3312
16     -8.82048      37.4752
17        21.03      14.5729
2      -13.502       17.002
11     -14.2719      7.34434
3     -1.4085      3.1758
9      13.1042      8.63771
19      7.25795      18.4169
16     -8.82048      37.4752
17        21.03      14.5729
2     -13.4291      17.0538
11     -14.2719      7.34434
3     -1.5655      3.2074
9      13.1042      8.63771
19      7.25795      18.4169
16     -8.82048      37.4752
17        21.03      14.5729
2     -13.6552      16.9344
11     -14.2719      7.34434
3     -1.5744      3.2595
9      13.1042      8.63771
19      7.25795      18.4169
16     -8.82048      37.4752
17        21.03      14.5729
2     -13.6552      16.9344
11     -14.2719      7.34434
3     -1.6158      3.2966
9      13.1042      8.63771
19      7.25795      18.4169
16     -8.82048      37.4752
17        21.03      14.5729
2     -13.6552      16.9344
11     -14.2719      7.34434
3     -1.6851      3.3801
9      13.1042      8.63771
19      7.25795      18.4169
17        21.03      14.5729
2     -13.6552      16.9344
11     -14.2719      7.34434
3     -1.7165      3.4447
9      13.1042      8.63771
19      7.25795      18.4169
2     -13.6552      16.9344
11     -14.2719      7.34434
3     -1.7614      3.4674
9      13.1042      8.63771
19      7.25795      18.4169
2     -13.6552      16.9344
11     -14.2719      7.34434
3     -1.8134      3.4834
19      7.25795      18.4169
2     -13.6552      16.9344
11     -14.2719      7.34434
3     -1.8456      3.5054
19      7.25795      18.4169
2     -13.6552      16.9344
11     -14.2719      7.34434
3      -1.863      3.5085
19      7.25795      18.4169
2     -13.6552      16.9344
11     -14.2719      7.34434
3     -1.8814      3.5221
2     -13.6552      16.9344
11     -14.2719      7.34434
3     -1.8814      3.5221
2     -13.6552      16.9344
11     -14.2719      7.34434
3     -1.8814      3.5221
2     -13.6552      16.9344
11     -14.2719      7.34434
3     -1.8814      3.5221
2     -13.6552      16.9344
11     -14.2719      7.34434
3     -1.8814      3.5221
2     -13.6552      16.9344
11     -14.2719      7.34434
3     -1.8814      3.5221
2     -13.6552      16.9344
11     -14.2719      7.34434
3     -1.8814      3.5221
2     -13.6552      16.9344
11     -14.2719      7.34434
3     -1.8814      3.5221
2     -13.6552      16.9344
11     -14.2719      7.34434
3     -1.8814      3.5221
2     -13.6552      16.9344
11     -14.2719      7.34434
3     -1.8814      3.5221
2     -13.6552      16.9344
11     -14.2719      7.34434
3     -1.8814      3.5221
2     -13.6552      16.9344
11     -14.2719      7.34434
3     -1.8814      3.5221
2     -13.6552      16.9344
11     -14.2719      7.34434
3     -1.8814      3.5221
2     -13.6552      16.9344
11     -14.2719      7.34434
3     -1.8814      3.5221
2     -13.6552      16.9344
11     -14.2719      7.34434
3     -1.8814      3.5221
2     -13.6552      16.9344
11     -14.2719      7.34434
3     -1.8814      3.5221
2     -13.6552      16.9344
11     -14.2719      7.34434
3     -1.8814      3.5221
2     -13.6552      16.9344
11     -14.2719      7.34434
3     -1.8814      3.5221
2     -13.6552      16.9344
11     -14.2719      7.34434
3     -1.8814      3.5221
2     -13.6552      16.9344
11     -14.2719      7.34434
3     -1.8814      3.5221
2     -13.6552      16.9344
11     -14.2719      7.34434
3     -1.8814      3.5221
2     -13.6552      16.9344
11     -14.2719      7.34434
3     -1.8814      3.5221
2     -13.6552      16.9344
11     -14.2719      7.34434
3     -1.8814      3.5221
2     -13.6552      16.9344
11     -14.2719      7.34434
3     -1.8814      3.5221
2     -13.6552      16.9344
11     -14.2719      7.34434
3     -1.8814      3.5221
2     -13.6552      16.9344
11     -14.2719      7.34434
3     -1.8814      3.5221
2     -13.6552      16.9344
11     -14.2719      7.34434
3     -1.8814      3.5221
2     -13.6552      16.9344
11     -14.2719      7.34434
3     -1.8814      3.5221
