38    3   34  254  250   26   25    0    1    0  116    0  124    0  228   29  154  254  188    3    0    0    0    0   94    0   91    0  124   31   48  254   62    7   20    0    5    0  140    0  140    0
38    3   57  254  252   26   68    0    4    0  119    0  126    0   69   36  154  254  188    3    0    0    0    0   94    0   91    0  231   33   50  254   63    7   21    0    5    0  140    0  140    0
38    3   38  254  251   26   24    0    1    0  121    0  127    0  238   33  155  254  188    3    1    0    0    0   94    0   91    0  120   37   51  254   63    7   21    0    5    0  140    0  140    0
38    3   40  254  251   26   24    0    1    0  121    0  127    0  115   36  155  254  188    3    0    0    0    0   94    0   91    0   12   34   53  254   63    7   21    0    5    0  140    0  140    0
38    3   15  254  250   26  232  255  255  255  123    0  128    0  131   33  154  254  188    3    0    0    0    0   94    0   91    0   27   35   51  254   63    7   16    0    4    0  140    0  140    0
38    3   36  254  251   26   17    0    1    0  125    0  129    0  247   34  154  254  188    3    0    0    0    0   94    0   91    0  173   32  231  251   46   36   51    0    7    0  140    0  140    0   40   29   51  254   63    7   13    0    3    0  140    0  140    0
38    3   37  254  251   26   17    0    1    0  125    0  129    0  165   32  154  254  188    3    0    0    0    0   94    0   91    0  125   32  226  251   46   36   38    0    4    0  140    0  140    0  134   33   47  254   62    7    6    0    1    0  140    0  140    0
38    3   31  254  251   26    3    0    0    0  126    0  130    0  164   34  155  254  188    3    0    0    0    0   94    0   91    0   88   35   51  254   63    7   12    0    3    0  140    0  140    0   32   35  229  251   46   36   38    0    4    0  140    0  140    0
38    3    3  254  249   26  212  255  253  255  127    0  131    0   46   33  154  254  187    3  255  255    0    0   94    0   91    0  118   33   52  254   63    7   12    0    3    0  140    0  140    0   89   35  231  251   46   36   38    0    4    0  140    0  140    0
38    3    0  254  249   26  212  255  253  255  127    0  131    0  120   33  154  254  187    3  255  255    0    0   94    0   91    0   35   35   53  254   63    7   12    0    3    0  140    0  140    0   69   34   24  252   51   36  117    0   13    0  124    0  134    0
38    3  231  253  247   26  172  255  250  255  128    0  132    0  225   35  154  254  187    3  255  255    0    0   94    0   91    0   28   33   52  254   63    7    9    0    2    0  140    0  140    0   21   34   31  252   52   36  117    0   13    0  124    0  134    0
38    3  209  253  246   26  142  255  247  255  129    0  133    0  212   33  154  254  188    3    0    0    0    0   94    0   91    0  157   34   48  254   62    7    1    0    0    0  140    0  140    0  129   36   38  252   53   36  117    0   13    0  124    0  134    0
38    3  202  253  245   26  142  255  247  255  129    0  133    0  152   35  154  254  188    3    0    0    0    0   94    0   91    0  203   32   47  254   62    7    0    0    0    0  140    0  140    0  155   35   59  252   55   36  141    0   14    0  126    0  134    0
38    3  201  253  245   26  152  255  248  255  130    0  133    0  214   34  155  254  188    3    0    0    0    0   94    0   91    0  161   33   45  254   62    7  255  255    0    0  140    0  140    0   43   31   68  252   56   36  141    0   14    0  126    0  134    0
38    3  194  253  245   26  152  255  248  255  130    0  133    0  113   35  154  254  188    3    0    0    0    0   94    0   91    0    4   34   48  254   62    7    3    0    0    0  140    0  140    0   62   35   76  252   57   36  141    0   14    0  126    0  134    0
38    3  203  253  246   26  177  255  250  255  131    0  133    0  197   33  155  254  188    3    1    0    0    0   94    0   91    0   94   32   49  254   62    7    3    0    0    0  140    0  140    0
38    3  206  253  246   26  191  255  251  255  132    0  133    0   45   32  155  254  188    3    1    0    0    0   94    0   91    0  134   33   47  254   62    7    0    0    0    0  140    0  140    0
38    3  240  253  249   26  255  255    0    0  133    0  133    0   62   32  155  254  188    3    0    0    0    0   94    0   91    0  133   34   44  254   61    7  251  255  255  255  140    0  140    0
38    3  240  253  249   26  255  255    0    0  133    0  133    0  219   30  155  254  188    3    0    0    0    0   94    0   91    0  195   35   44  254   61    7  253  255    0    0  140    0  140    0
38    3  204  253  246   26  193  255  252  255  126    0  127    0  250   33  155  254  188    3    0    0    0    0   94    0   91    0  219   33   44  254   61    7  252  255  255  255  140    0  140    0
38    3  214  253  247   26  218  255  253  255  127    0  128    0   78   35  154  254  188    3    0    0    0    0   94    0   91    0   74   31   44  254   61    7  253  255    0    0  140    0  140    0
38    3  212  253  247   26  218  255  253  255  127    0  128    0  249   33  153  254  187    3  254  255  255  255   94    0   91    0  243   28   47  254   62    7    2    0    0    0  140    0  140    0
38    3  254  253  250   26   44    0    3    0  128    0  129    0  143   33  154  254  187    3  255  255    0    0   94    0   91    0  136   33   45  254   61    7  254  255    0    0  140    0  140    0
38    3    6  254  251   26   55    0    4    0  129    0  130    0  199   33  154  254  187    3  255  255    0    0   94    0   91    0   81   34   46  254   62    7    0    0    0    0  140    0  140    0
38    3    9  254  251   26   55    0    4    0  129    0  130    0  133   33  154  254  188    3    0    0    0    0   94    0   91    0  175   35   48  254   62    7    4    0    1    0  140    0  140    0
38    3   13  254  252   26   55    0    4    0  129    0  130    0  160   33  154  254  188    3    0    0    0    0   94    0   91    0   40   35   45  254   61    7  254  255    0    0  140    0  140    0
38    3   16  254  252   26   55    0    4    0  129    0  130    0   80   35  154  254  188    3    0    0    0    0   94    0   91    0  111   32   43  254   61    7  252  255  255  255  140    0  140    0
38    3   19  254  252   26   55    0    4    0  129    0  130    0   52   34  154  254  188    3    0    0    0    0   94    0   91    0    2   36   43  254   61    7  251  255  255  255  140    0  140    0
38    3   23  254  252   26   55    0    4    0  129    0  130    0   93   36  154  254  188    3    0    0    0    0   94    0   91    0  113   36   43  254   61    7  252  255  255  255  140    0  140    0
38    3    8  254  251   26   27    0    2    0  130    0  131    0    7   35  154  254  188    3    0    0    0    0   94    0   91    0  212   31   43  254   61    7  252  255  255  255  140    0  140    0
38    3  233  253  249   26  234  255  255  255  131    0  132    0  245   31  153  254  187    3  254  255    0    0   94    0   91    0   50   35   42  254   61    7  251  255  255  255  140    0  140    0
38    3  232  253  249   26  234  255  255  255  131    0  132    0   10   33  154  254  187    3  255  255    0    0   94    0   91    0  173   33   44  254   61    7  255  255    0    0  140    0  140    0
38    3  230  253  249   26  232  255  255  255  132    0  133    0   30   34  154  254  187    3    0    0    0    0   94    0   91    0  215   34   43  254   61    7  254  255    0    0  140    0  140    0
38    3  228  253  249   26  232  255  255  255  132    0  133    0  129   25  153  254  187    3  255  255    0    0   94    0   91    0   23   34   42  254   61    7  252  255  255  255  140    0  140    0
38    3  194  253  227   26  181  255  250  255  133    0  133    0  188   33  154  254  187    3    0    0    0    0   94    0   91    0   17   30   43  254   61    7  255  255    0    0  140    0  140    0
38    3  255  253  236   26   27    0    2    0  121    0  127    0  117   34  154  254  187    3    0    0    0    0   94    0   91    0   41   33   43  254   61    7    0    0    0    0  140    0  140    0
38    3    1  254  236   26   27    0    2    0  121    0  127    0   75   29  154  254  187    3    0    0    0    0   94    0   91    0   24   34   43  254   61    7    0    0    0    0  140    0  140    0
38    3   13  254  238   26   46    0    3    0  123    0  128    0  241   34  154  254  187    3    0    0    0    0   94    0   91    0  136   36   43  254   61    7    0    0    0    0  140    0  140    0
38    3   40  254  241   26   89    0    6    0  125    0  129    0  169   32  153  254  187    3  255  255    0    0   94    0   91    0  113   33   46  254   62    7    4    0    1    0  140    0  140    0
38    3   62  254  244   26  119    0    7    0  126    0  130    0  119   32  153  254  187    3  255  255    0    0   94    0   91    0   55   28   47  254   62    7    4    0    1    0  140    0  140    0
38    3   70  254  244   26  119    0    7    0  126    0  130    0  247   32  153  254  187    3  255  255    0    0   94    0   91    0    9   35   47  254   62    7    4    0    1    0  140    0  140    0
38    3   45  254  243   26   60    0    4    0  127    0  131    0  209   33  153  254  187    3    0    0    0    0   94    0   91    0  242   34   47  254   62    7    3    0    0    0  140    0  140    0
38    3   40  254  244   26   45    0    3    0  128    0  132    0   20   34  153  254  187    3  255  255    0    0   94    0   91    0  163   35   45  254   61    7    0    0    0    0  140    0  140    0
38    3   37  254  244   26   35    0    2    0  122    0  135    0  254   31  153  254  187    3  255  255    0    0   94    0   91    0  114   32   46  254   62    7    1    0    0    0  140    0  140    0
38    3   21  254  244   26    2    0    0    0  124    0  135    0  194   37  153  254  187    3  255  255    0    0   94    0   91    0  213   34   46  254   62    7    2    0    0    0  140    0  140    0
38    3   21  254  244   26    2    0    0    0  124    0  135    0   64   33  153  254  187    3    0    0    0    0   94    0   91    0   35   37   46  254   62    7    1    0    0    0  140    0  140    0
38    3   22  254  244   26    2    0    0    0  124    0  135    0   18   36  153  254  187    3    0    0    0    0   94    0   91    0   29   34   46  254   62    7    0    0    0    0  140    0  140    0
38    3   36  254  246   26   26    0    1    0  126    0  135    0  237   35  153  254  187    3    0    0    0    0   94    0   91    0  150   34   44  254   61    7  253  255    0    0  140    0  140    0
38    3   12  254  245   26  239  255  255  255  115    0  129    0  157   29  153  254  187    3    0    0    0    0   94    0   91    0  176   31   45  254   62    7    0    0    0    0  140    0  140    0
38    3  222  253  243   26  159  255  249  255  101    0  124    0  240   37  154  254  188    3    2    0    0    0   94    0   91    0  161   35   48  254   62    7    5    0    1    0  140    0  140    0
38    3  231  253  244   26  187  255  251  255  105    0  126    0  144   32  154  254  188    3    2    0    0    0   94    0   91    0  147   30   46  254   62    7    1    0    0    0  140    0  140    0
38    3  252  253  246   26  237  255  255  255   94    0  121    0  245   34  154  254  188    3    1    0    0    0   94    0   91    0  200   32   46  254   62    7    1    0    0    0  140    0  140    0
38    3  251  253  246   26  237  255  255  255   94    0  121    0  205   34  154  254  187    3    0    0    0    0   94    0   91    0   33   34   48  254   62    7    3    0    0    0  140    0  140    0
38    3   14  254  248   26   22    0    1    0   99    0  123    0  128   31  154  254  187    3    0    0    0    0   94    0   91    0  150   34   42  254   61    7  250  255  255  255  140    0  140    0
38    3    6  254  248   26    2    0    0    0   92    0  118    0   55   34  154  254  187    3    0    0    0    0   94    0   91    0  228   30   42  254   61    7  250  255  255  255  140    0  140    0
38    3    6  254  248   26    2    0    0    0   92    0  118    0  191   32  153  254  187    3    0    0    0    0   94    0   91    0   96   36   44  254   61    7  254  255    0    0  140    0  140    0
38    3   32  254  250   26   55    0    4    0   82    0  115    0  116   34  154  254  187    3    0    0    0    0   94    0   91    0   38   35   44  254   61    7  255  255    0    0  140    0  140    0
38    3   34  254  251   26   52    0    3    0   80    0  113    0  108   34  154  254  187    3    0    0    0    0   94    0   91    0  215   33   44  254   61    7  255  255    0    0  140    0  140    0
38    3   33  254  251   26   44    0    3    0   87    0  116    0  154   34  155  254  188    3    2    0    0    0   94    0   91    0  145   35   45  254   61    7    0    0    0    0  140    0  140    0
38    3   33  254  251   26   39    0    2    0   93    0  119    0  159   32  154  254  187    3    0    0    0    0   94    0   91    0  132   36   47  254   62    7    3    0    0    0  140    0  140    0
38    3   24  254  250   26   14    0    1    0   98    0  121    0   55   34  154  254  187    3    0    0    0    0   94    0   91    0   39   33   47  254   62    7    3    0    0    0  140    0  140    0
38    3   19  254  250   26    2    0    0    0  103    0  123    0   47   32  154  254  187    3    0    0    0    0   94    0   91    0   48   33   49  254   62    7    6    0    1    0  140    0  140    0
38    3   26  254  251   26   16    0    1    0  107    0  125    0  254   36  154  254  187    3    0    0    0    0   94    0   91    0   93   34   48  254   62    7    3    0    0    0  140    0  140    0
38    3   27  254  251   26   16    0    1    0  107    0  125    0  196   32  153  254  187    3  255  255    0    0   94    0   91    0  239   31   53  254   63    7   12    0    3    0  140    0  140    0
38    3   28  254  251   26   16    0    1    0  107    0  125    0  109   35  153  254  187    3    0    0    0    0   94    0   91    0   46   32   49  254   63    7    4    0    1    0  140    0  140    0
38    3   36  254  252   26   29    0    2    0  111    0  126    0   20   33  153  254  187    3  254  255    0    0   94    0   91    0  224   32   46  254   62    7  255  255    0    0  140    0  140    0
38    3   32  254  251   26   19    0    1    0  114    0  127    0  148   35  152  254  187    3  254  255  255  255   94    0   91    0   49   31   49  254   63    7    4    0    1    0  140    0  140    0
38    3   33  254  251   26   19    0    1    0  114    0  127    0   57   38  153  254  187    3  255  255    0    0   94    0   91    0  245   34   46  254   62    7  255  255    0    0  140    0  140    0
38    3    6  254  250   26  227  255  255  255  117    0  128    0   74   35  153  254  187    3    0    0    0    0   94    0   91    0   57   30   46  254   62    7  255  255    0    0  140    0  140    0
38    3   33  254  252   26   20    0    1    0  117    0  131    0  132   27  153  254  187    3  255  255    0    0   94    0   91    0    5   34   45  254   61    7  252  255  255  255  140    0  140    0
38    3   35  254  252   26   20    0    1    0  117    0  131    0  121   34  153  254  187    3    0    0    0    0   94    0   91    0   26   35   43  254   61    7  250  255  255  255  140    0  140    0
38    3   35  254  252   26   18    0    1    0  103    0  126    0   37   34  153  254  187    3    0    0    0    0   94    0   91    0  181   34   46  254   62    7    0    0    0    0  140    0  140    0
38    3   22  254  251   26  251  255    0    0  107    0  127    0   51   35  152  254  187    3  254  255    0    0   94    0   91    0  226   33   49  254   63    7    6    0    1    0  140    0  140    0
38    3  250  253  249   26  201  255  253  255  111    0  128    0  211   31  151  254  186    3  252  255  255  255   94    0   91    0   95   33   48  254   62    7    2    0    0    0  140    0  140    0
38    3  246  253  249   26  201  255  253  255  111    0  128    0   54   35  151  254  186    3  253  255  255  255   94    0   91    0  207   33   48  254   62    7    2    0    0    0  140    0  140    0
38    3  226  253  248   26  170  255  250  255  114    0  129    0   71   36  151  254  186    3  252  255  255  255   94    0   91    0  216   34   49  254   63    7    4    0    1    0  140    0  140    0
38    3  221  253  247   26  170  255  250  255  114    0  129    0    4   30  151  254  186    3  254  255  255  255   94    0   91    0   82   32   48  254   62    7    1    0    0    0  140    0  140    0
38    3  210  253  247   26  161  255  249  255  101    0  124    0   19   33  151  254  186    3  254  255    0    0   94    0   91    0   63   33   48  254   62    7    1    0    0    0  140    0  140    0
38    3  201  253  246   26  155  255  248  255  105    0  126    0  145   34  151  254  186    3  254  255    0    0   94    0   91    0   44   37   48  254   62    7    1    0    0    0  140    0  140    0
38    3  246  253  250   26  250  255    0    0   97    0  122    0   96   33  151  254  186    3  255  255    0    0   94    0   91    0    9   33   48  254   62    7    1    0    0    0  140    0  140    0
38    3  248  253  250   26  254  255    0    0  102    0  124    0  132   33  150  254  186    3  254  255  255  255   94    0   91    0  255   34   50  254   63    7    4    0    1    0  140    0  140    0
38    3   24  254  253   26   62    0    4    0   99    0  120    0   19   36  150  254  186    3  254  255  255  255   94    0   91    0  144   33   50  254   63    7    4    0    1    0  140    0  140    0
38    3   33  254  253   26   71    0    5    0  104    0  122    0  159   34  150  254  186    3  254  255    0    0   94    0   91    0  204   31   50  254   63    7    4    0    1    0  140    0  140    0
38    3   27  254  253   26   51    0    3    0   98    0  119    0  218   34  150  254  186    3  254  255    0    0   94    0   91    0  177   34   50  254   63    7    4    0    1    0  140    0  140    0
38    3   23  254  253   26   35    0    2    0  103    0  121    0    3   32  151  254  186    3    0    0    0    0   94    0   91    0  138   35   51  254   63    7    4    0    1    0  140    0  140    0
38    3   25  254  253   26   36    0    2    0   98    0  118    0   40   36  150  254  186    3  254  255    0    0   94    0   91    0   14   32   51  254   63    7    4    0    1    0  140    0  140    0
38    3   21  254  253   26   22    0    1    0  103    0  120    0   40   35  149  254  186    3  253  255  255  255   94    0   91    0  118   33   52  254   63    7    4    0    1    0  140    0  140    0
38    3   10  254  252   26  252  255    0    0  107    0  122    0  202   31  148  254  185    3  250  255  254  255   94    0   91    0   90   34   52  254   63    7    4    0    1    0  140    0  140    0
38    3    9  254  252   26  252  255    0    0  107    0  122    0   83   32  147  254  185    3  249  255  254  255   94    0   91    0   92   37   52  254   63    7    4    0    1    0  140    0  140    0
38    3  239  253  250   26  198  255  252  255  111    0  124    0  101   32  148  254  185    3  252  255  255  255   94    0   91    0  182   33   52  254   63    7    4    0    1    0  140    0  140    0
38    3  235  253  250   26  198  255  252  255  111    0  124    0  115   34  149  254  185    3  254  255    0    0   94    0   91    0    4   33   57  254   65    7   10    0    2    0  140    0  140    0
38    3  254  253  251   26  241  255    0    0  106    0  121    0  155   37  149  254  186    3  255  255    0    0   94    0   91    0  145   37   58  254   65    7   10    0    2    0  140    0  140    0
38    3  253  253  251   26  241  255    0    0  106    0  121    0   98   33  150  254  186    3    1    0    0    0   94    0   91    0  244   32   58  254   65    7   10    0    2    0  140    0  140    0
38    3  252  253  251   26  241  255    0    0  106    0  121    0  127   31  152  254  187    3    4    0    1    0   94    0   91    0  123   32   59  254   65    7   10    0    2    0  140    0  140    0
38    3  223  253  249   26  190  255  251  255  110    0  123    0  148   34  152  254  187    3    5    0    1    0   94    0   91    0  223   32   60  254   65    7   10    0    2    0  140    0  140    0
38    3  219  253  248   26  190  255  251  255  110    0  123    0  111   36  151  254  186    3    1    0    0    0   94    0   91    0  160   36   60  254   65    7   10    0    2    0  140    0  140    0
38    3  215  253  248   26  190  255  251  255  110    0  123    0  131   29  150  254  186    3  255  255    0    0   95    0   91    0   55   33   57  254   64    7    5    0    1    0  140    0  140    0
38    3  211  253  248   26  190  255  251  255  110    0  123    0  194   31  151  254  186    3    0    0    0    0   94    0   91    0   30   34   57  254   64    7    5    0    1    0  140    0  140    0
38    3  224  253  249   26  216  255  253  255  113    0  125    0  198   33  150  254  186    3    0    0    0    0   94    0   91    0  174   34   57  254   65    7    5    0    1    0  140    0  140    0
38    3  221  253  249   26  216  255  253  255  113    0  125    0  249   32  151  254  187    3    2    0    0    0   94    0   91    0  245   35   58  254   65    7    5    0    1    0  140    0  140    0
38    3  249  253  251   26    5    0    0    0  116    0  126    0   42   33  151  254  186    3    0    0    0    0   94    0   91    0   86   33   58  254   65    7    5    0    1    0  140    0  140    0
38    3  249  253  251   26    5    0    0    0  116    0  126    0   89   30  151  254  186    3    0    0    0    0   94    0   91    0  154   36   58  254   65    7    5    0    1    0  140    0  140    0
38    3  249  253  251   26    5    0    0    0  116    0  126    0  236   33  150  254  186    3    0    0    0    0   94    0   91    0   86   35   48  254   62    7  249  255  255  255  140    0  140    0
38    3  250  253  251   26    5    0    0    0  116    0  126    0   25   35  150  254  186    3  254  255    0    0   94    0   91    0  191   31   39  254   60    7  239  255  252  255  140    0  140    0
38    3  250  253  251   26    5    0    0    0  116    0  126    0   22   32  150  254  186    3    0    0    0    0   94    0   91    0  205   35   38  254   60    7  239  255  252  255  140    0  140    0
38    3  156  253  243   26  130  255  247  255  119    0  127    0   31   31  149  254  185    3  253  255  255  255   94    0   91    0  214   33   37  254   60    7  239  255  252  255  140    0  140    0
38    3  148  253  243   26  130  255  247  255  119    0  127    0  150   31  151  254  186    3    2    0    0    0   94    0   91    0  245   32   40  254   60    7  245  255  254  255  140    0  140    0
38    3  201  253  247   26  213  255  254  255  121    0  128    0  147   33  150  254  186    3    0    0    0    0   94    0   91    0   70   32   40  254   60    7  245  255  254  255  140    0  140    0
38    3  224  253  249   26  250  255    0    0  123    0  129    0  227   34  152  254  187    3    3    0    1    0   93    0   91    0  143   34   39  254   60    7  245  255  254  255  140    0  140    0
38    3  223  253  249   26  250  255    0    0  123    0  129    0   12   33  149  254  186    3  253  255  255  255   94    0   90    0  252   34   39  254   60    7  245  255  254  255  140    0  140    0
38    3  182  253  246   26  188  255  251  255  125    0  130    0   61   36  149  254  186    3  254  255    0    0   94    0   90    0  217   30   38  254   60    7  245  255  254  255  140    0  140    0
38    3  178  253  245   26  188  255  251  255  125    0  130    0  162   36  154  254  188    3    9    0    3    0   93    0   90    0   21   33   37  254   59    7  245  255  254  255  140    0  140    0
38    3  149  253  243   26  149  255  247  255  126    0  131    0  180   32  156  254  188    3   13    0    4    0   92    0   90    0   58   33   37  254   59    7  245  255  254  255  140    0  140    0
38    3  142  253  242   26  149  255  247  255  126    0  131    0  241   32  161  254  190    3   22    0    8    0   91    0   90    0   88   34   36  254   59    7  245  255  254  255  140    0  140    0
38    3  175  253  245   26  212  255  253  255  127    0  132    0   35   28  166  254  192    3   30    0   11    0   90    0   91    0  148   33   35  254   59    7  245  255  254  255  140    0  140    0
38    3  173  253  245   26  212  255  253  255  127    0  132    0   26   34  170  254  193    3   34    0   12    0   89    0   91    0   13   32   35  254   59    7  245  255  254  255  140    0  140    0
38    3  203  253  248   26    9    0    1    0  118    0  126    0  185   34  169  254  193    3   28    0   10    0   89    0   91    0  168   34   34  254   59    7  245  255  254  255  140    0  140    0
38    3  196  253  247   26  253  255    0    0  120    0  127    0  111   35  169  254  193    3   24    0    8    0   95    0   97    0   32   34   33  254   58    7  245  255  254  255  140    0  140    0
38    3  224  253  249   26   46    0    3    0  108    0  123    0   62   34  170  254  194    3   23    0    8    0   94    0   96    0
38    3  227  253  250   26   46    0    3    0  108    0  123    0  235   33  165  254  192    3    9    0    3    0   94    0   95    0
38    3  254  253  218   26   87    0    4    0  104    0  112    0  178   34  166  254  192    3   10    0    3    0   99    0  100    0
38    3    3  254  218   26   87    0    4    0  104    0  112    0  117   32  164  254  191    3    4    0    1    0  104    0  105    0
38    3   30  254  222   26  133    0    9    0  108    0  115    0  183   36  161  254  190    3  253  255  255  255  102    0  103    0
38    3   38  254  223   26  133    0    9    0  108    0  115    0   22   34  164  254  191    3    2    0    1    0   99    0  102    0
38    3   46  254  223   26  133    0    9    0  108    0  115    0   59   33  163  254  191    3    1    0    0    0  104    0  106    0
38    3   28  254  224   26   82    0    6    0  112    0  118    0  157   31  158  254  189    3  246  255  253  255  108    0  110    0
38    3   38  254  227   26   92    0    6    0  115    0  120    0  121   33  152  254  187    3  236  255  249  255  112    0  113    0
38    3   44  254  227   26   92    0    6    0  115    0  120    0  255   35  147  254  185    3  226  255  245  255  115    0  116    0
38    3   38  254  229   26   74    0    5    0  118    0  122    0   92   32  146  254  185    3  230  255  246  255  118    0  119    0
38    3   43  254  229   26   74    0    5    0  118    0  122    0   67   32  144  254  184    3  229  255  246  255  120    0  121    0
38    3   86  254  234   26  139    0    9    0  120    0  124    0   94   31  140  254  182    3  223  255  243  255  122    0  123    0
38    3   94  254  234   26  139    0    9    0  120    0  124    0   95   31  144  254  184    3  235  255  248  255  124    0  125    0
38    3   13  254  230   26  247  255    1    0  122    0  126    0  228   31  150  254  186    3  250  255  254  255  126    0  126    0
38    3   12  254  231   26  247  255    1    0  122    0  126    0  191   35  150  254  186    3  250  255  254  255  126    0  126    0
38    3   11  254  231   26  247  255    1    0  122    0  126    0  103   35  168  254  193    3   28    0   11    0  127    0  127    0
38    3  221  253  229   26  175  255  251  255  124    0  127    0  121   32  176  254  196    3   39    0   14    0  128    0  128    0
38    3  171  253  227   26  103  255  244  255  126    0  128    0  250   33  187  254  200    3   55    0   18    0  129    0  129    0
38    3  162  253  226   26  103  255  244  255  126    0  128    0  169   30  195  254  203    3   63    0   21    0  121    0  125    0
38    3  152  253  226   26  103  255  244  255  126    0  128    0  151   34  199  254  204    3   63    0   21    0  121    0  125    0
38    3  158  253  227   26  127  255  245  255  127    0  129    0   32   34  203  254  206    3   63    0   21    0  121    0  125    0
38    3  150  253  227   26  127  255  245  255  127    0  129    0  165   34  222  254  201    3   89    0   25    0  123    0  126    0
38    3  153  253  230   26  143  255  247  255  112    0  124    0  143   35  227  254  202    3   89    0   25    0  123    0  126    0
38    3  145  253  230   26  141  255  246  255  115    0  126    0  117   34  232  254  204    3   89    0   25    0  123    0  126    0
38    3  173  253  233   26  201  255  252  255  118    0  127    0   72   36  238  254  205    3   89    0   25    0  123    0  126    0
38    3  169  253  233   26  201  255  252  255  118    0  127    0   78   35  243  254  207    3   89    0   25    0  123    0  126    0
38    3  218  253  212   26   32    0    1    0  114    0  121    0  130   32  248  254  208    3   89    0   25    0  123    0  126    0
38    3  214  253  213   26   22    0    1    0  117    0  123    0   28   36  254  254  210    3   89    0   25    0  123    0  126    0
38    3  215  253  214   26   22    0    1    0  117    0  123    0   40   33    3  255  211    3   89    0   25    0  123    0  126    0
38    3  217  253  214   26   22    0    1    0  117    0  123    0   10   36    8  255  213    3   89    0   25    0  123    0  126    0
38    3  218  253  214   26   22    0    1    0  117    0  123    0   39   34   14  255  214    3   89    0   25    0  123    0  126    0
38    3  219  253  214   26   22    0    1    0  117    0  123    0  236   33   19  255  216    3   89    0   25    0  123    0  126    0
38    3  221  253  214   26   22    0    1    0  117    0  123    0
38    3  222  253  214   26   22    0    1    0  117    0  123    0
38    3  223  253  214   26   22    0    1    0  117    0  123    0
38    3  225  253  214   26   22    0    1    0  117    0  123    0
38    3  226  253  214   26   22    0    1    0  117    0  123    0   13   35  168  255  184    0    5    0    2    0  140    0  140    0
38    3  228  253  214   26   22    0    1    0  117    0  123    0  232   32  168  255  184    0    5    0    2    0  140    0  140    0
109    3  169  255  182    0    3    0    1    0  140    0  140    0
109    3  170  255  180    0    5    0    2    0  140    0  140    0
109    3  171  255  181    0    5    0    2    0  140    0  140    0
109    3  171  255  179    0    4    0    1    0  140    0  140    0
109    3  172  255  177    0    4    0    1    0  140    0  140    0
109    3  172  255  176    0    3    0    1    0  140    0  140    0
109    3  172  255  174    0    1    0    0    0  140    0  140    0
109    3  172  255  175    0    1    0    0    0  140    0  140    0
109    3  171  255  173    0    0    0    0    0  140    0  140    0
109    3  171  255  172    0  255  255    0    0  140    0  140    0
109    3  171  255  170    0  254  255  255  255  140    0  140    0
109    3  171  255  170    0  254  255  255  255  140    0  140    0
109    3  168  255  168    0  249  255  253  255  140    0  140    0
109    3  167  255  168    0  249  255  253  255  140    0  140    0
109    3  167  255  167    0  249  255  252  255  140    0  140    0
109    3  168  255  166    0  250  255  253  255  140    0  140    0
109    3  168  255  166    0  251  255  254  255  140    0  140    0
109    3  170  255  166    0  254  255  255  255  140    0  140    0
109    3  170  255  166    0  254  255  255  255  140    0  140    0
109    3  171  255  166    0    0    0    0    0  140    0  140    0
109    3  171  255  165    0    0    0    0    0  140    0  140    0
109    3  171  255  165    0    0    0    0    0  140    0  140    0
109    3  171  255  165    0    0    0    0    0  140    0  140    0
109    3  174  255  166    0    3    0    1    0  140    0  140    0
109    3  173  255  165    0    1    0    0    0  140    0  140    0
109    3  174  255  165    0    2    0    1    0  140    0  140    0
109    3  174  255  164    0    2    0    1    0  140    0  140    0
109    3  175  255  164    0    3    0    1    0  140    0  140    0
109    3  175  255  164    0    3    0    1    0  140    0  140    0
109    3  175  255  165    0    3    0    1    0  140    0  140    0
109    3  179  255  166    0    8    0    4    0  140    0  140    0
109    3  179  255  169    0   10    0    4    0  140    0  140    0
109    3  179  255  171    0    9    0    4    0  140    0  140    0
109    3  180  255  171    0    9    0    4    0  140    0  140    0
109    3  176  255  172    0    3    0    1    0  140    0  140    0
109    3  174  255  173    0    0    0    0    0  140    0  140    0
109    3  174  255  173    0    0    0    0    0  140    0  140    0
109    3  176  255  179    0    0    0   66    0  140    0  140    0
109    3  173  255  182    0  255  255    7    0  140    0  140    0
109    3  173  255  183    0  255  255    7    0  140    0  140    0
109    3  172  255  186    0  250  255   63    0  141    0  131    0
109    3  172  255  190    0  250  255   63    0  141    0  131    0
109    3  170  255  191    0  251  255    2    0  140    0  132    0
109    3  169  255  191    0  251  255    2    0  140    0  132    0
109    3  169  255  192    0  251  255    2    0  140    0  132    0
109    3  169  255  192    0  251  255    2    0  140    0  132    0
109    3  168  255  192    0  251  255    2    0  140    0  132    0
109    3  168  255  192    0  251  255    2    0  140    0  132    0
109    3  168  255  192    0  251  255    2    0  140    0  132    0
109    3  169  255  213    0  252  255   68    0  140    0  133    0
109    3  170  255  223    0  255  255   68    0  140    0  133    0
109    3  170  255  227    0  255  255   68    0  140    0  133    0
109    3  174  255  230    0    4    0   69    0  140    0  133    0
109    3  177  255  232    0    6    0   70    0  140    0  133    0
109    3  177  255  236    0    6    0   70    0  140    0  133    0
109    3  177  255  240    0    6    0   70    0  140    0  133    0
109    3  178  255  245    0    6    0   70    0  140    0  133    0
109    3  178  255  249    0    6    0   70    0  140    0  133    0
109    3  179  255  253    0    6    0   70    0  140    0  133    0
109    3  184  255    3    1   14    0   70    0  140    0  133    0
109    3  185  255    7    1   14    0   70    0  140    0  133    0
109    3  186  255   12    1   14    0   70    0  140    0  133    0
109    3  187  255   16    1   14    0   70    0  140    0  133    0
109    3  188  255   20    1   14    0   70    0  140    0  133    0
109    3  192  255   22    1   18    0   69    0  140    0  133    0
109    3  193  255   26    1   18    0   69    0  140    0  133    0
109    3  204  255   37    1   32    0   71    0  140    0  133    0
109    3  206  255   41    1   32    0   71    0  140    0  133    0
109    3  208  255   45    1   32    0   71    0  140    0  133    0
109    3  205  255   53    1   27    0    7    0  140    0  133    0
109    3  204  255   54    1   23    0    4    0  140    0  133    0
109    3  205  255   54    1   23    0    4    0  140    0  133    0
109    3  201  255   54    1   14    0    2    0  140    0  133    0
109    3  202  255   54    1   14    0    2    0  140    0  133    0
109    3  203  255   54    1   14    0    2    0  140    0  133    0
109    3  204  255   54    1   14    0    2    0  140    0  133    0
109    3  205  255   54    1   14    0    2    0  140    0  133    0  100   35   53    1  221   18    5    0    0    0  133    0  137    0
109    3  195  255   60    1  255  255    1    0  140    0  133    0   10   35   53    1  222   18    5    0    0    0  133    0  137    0
109    3  197  255   67    1    0    0   58    0  140    0  133    0
109    3  197  255   71    1    0    0   58    0  140    0  133    0
109    3  197  255   74    1    0    0   58    0  140    0  133    0
109    3  197  255   78    1    0    0   58    0  140    0  133    0
109    3  204  255   86    1   12    0   66    0  140    0  133    0
109    3  205  255   90    1   12    0   66    0  140    0  133    0
109    3  206  255   94    1   12    0   66    0  140    0  133    0
109    3  206  255   98    1   12    0   66    0  140    0  133    0  239   32  116  254  173    3   52    0   21    0  140    0  140    0
109    3  208  255  103    1   14    0   66    0  140    0  133    0  255   31  127  254  177    3   68    0   27    0  140    0  140    0
109    3  204  255  112    1    7    0   65    0  140    0  133    0  218   33  131  254  179    3   67    0   27    0  140    0  140    0    4   35   73  250  206    6  171  255  185  255  140    0  140    0
109    3  204  255  116    1    7    0   65    0  140    0  133    0  125   28  135  254  180    3   66    0   26    0  140    0  140    0  169   34   79  250  212    6  193  255  204  255  140    0  140    0
109    3  208  255  124    1   13    0   66    0  140    0  133    0    3   35  140  254  182    3   69    0   27    0  140    0  140    0   26   33   62  250  194    6  165  255  179  255  140    0  140    0
109    3  209  255  128    1   13    0   66    0  140    0  133    0  121   32  146  254  185    3   73    0   28    0  140    0  140    0  119   34   71  250  203    6  194  255  204  255  140    0  140    0
109    3  217  255  135    1   24    0   67    0  140    0  133    0  231   31   70  250  204    6  201  255  210  255  140    0  140    0  239   34  153  254  187    3   77    0   29    0  140    0  140    0
109    3  218  255  139    1   24    0   67    0  140    0  133    0  202   30   71  250  205    6  209  255  216  255  140    0  140    0  195   33  157  254  189    3   77    0   28    0  140    0  140    0
109    3  220  255  143    1   24    0   67    0  140    0  133    0   31   35   68  250  203    6  209  255  216  255  140    0  140    0    2   36  161  254  191    3   75    0   27    0  140    0  140    0
109    3  221  255  147    1   24    0   67    0  140    0  133    0   87   32   62  250  199    6  204  255  212  255  140    0  140    0   50   33  166  254  192    3   75    0   27    0  140    0  140    0
109    3  223  255  151    1   24    0   67    0  140    0  133    0   24   34   58  250  196    6  203  255  211  255  140    0  140    0  156   34  168  254  193    3   72    0   25    0  140    0  140    0
109    3  224  255  155    1   24    0   67    0  140    0  133    0  121   32   66  250  204    6  224  255  229  255  140    0  140    0   80   35  168  254  193    3   62    0   22    0  140    0  140    0
109    3  226  255  160    1   24    0   67    0  140    0  133    0  168   32   64  250  202    6  224  255  229  255  140    0  140    0   72   32  165  254  192    3   49    0   18    0  140    0  140    0
109    3  239  255  163    1   40    0   66    0  140    0  133    0  206   34   62  250  200    6  224  255  229  255  140    0  140    0   92   35  165  254  192    3   45    0   16    0  140    0  140    0
109    3  240  255  165    1   38    0   65    0  140    0  133    0   67   34   60  250  199    6  224  255  229  255  140    0  140    0  202   32  167  254  192    3   42    0   15    0  140    0  140    0
109    3  241  255  166    1   36    0   65    0  140    0  133    0   73   34   58  250  197    6  224  255  229  255  140    0  140    0   68   33  167  254  192    3   37    0   13    0  140    0  140    0
109    3  242  255  168    1   35    0   65    0  140    0  133    0   11   31   55  250  195    6  222  255  227  255  140    0  140    0   54   31  167  254  193    3   33    0   12    0  140    0  140    0
109    3  245  255  170    1   36    0   65    0  140    0  133    0  221   36   67  250  207    6  246  255  248  255  140    0  140    0  166   32  166  254  192    3   29    0   10    0  140    0  140    0
109    3  250  255  177    1   40    0   64    0  140    0  133    0  247   33   67  250  207    6  246  255  248  255  140    0  140    0  191   34  166  254  192    3   25    0    9    0  140    0  140    0   80   35   55  254   64    7  253  255    0    0  140    0  140    0
109    3  254  255  183    1   43    0   64    0  140    0  133    0  254   33   66  250  206    6  246  255  248  255  140    0  140    0  222   33  162  254  191    3   14    0    5    0  135    0  133    0  194   34   53  254   64    7  250  255  255  255  140    0  140    0
109    3    3    0  188    1   50    0   63    0  140    0  133    0   36   30   65  250  206    6  246  255  248  255  140    0  140    0   26   33  160  254  190    3    8    0    3    0  135    0  133    0  111   34   53  254   64    7  250  255  255  255  140    0  140    0
109    3    9    0  193    1   54    0   62    0  140    0  133    0  203   23   73  250  213    6    0    0    1    0  140    0  140    0   42   34  159  254  190    3    5    0    2    0  135    0  133    0  130   34   50  254   63    7  244  255  253  255  140    0  140    0
109    3   13    0  197    1   56    0   62    0  140    0  133    0   53   34   62  250  204    6  242  255  244  255  140    0  140    0  247   31  159  254  190    3    4    0    1    0  135    0  133    0  225   31   49  254   62    7  243  255  253  255  140    0  140    0
109    3   16    0  201    1   55    0   62    0  140    0  133    0   25   32   65  250  207    6  247  255  249  255  140    0  140    0  122   33  158  254  189    3    2    0    1    0  135    0  133    0  147   34   46  254   62    7  239  255  252  255  140    0  140    0
109    3   40    0  223    1   60    0   60    0  140    0  133    0  165   36   62  250  206    6  248  255  249  255  140    0  140    0   30   31  154  254  188    3  253  255  255  255  135    0  133    0   72   34   64  254   66    7   14    0    3    0  140    0  140    0   16   35   55    3   16   14   56    0  244  255  140    0  140    0
109    3   45    0  228    1   62    0   58    0  140    0  133    0  110   33   61  250  206    6  248  255  249  255  140    0  140    0  170   36  154  254  188    3  254  255  255  255  135    0  133    0  138   31   65  254   66    7   15    0    3    0  140    0  140    0  106   37   69    3   12   14   76    0  239  255  140    0  140    0  126    0   45  254  168   26   73  255  244  255  120    0  128    0
109    3   49    0  232    1   62    0   58    0  140    0  133    0   10   33   61  250  206    6  248  255  249  255  140    0  140    0  199   33  152  254  187    3  250  255  254  255  135    0  133    0  209   34   63  254   66    7   10    0    2    0  140    0  140    0   11   36   63    3   14   14   56    0  243  255  140    0  140    0   79  254   30  254  174   26   65  255  243  255  122    0  129    0
109    3   56    0  235    1   70    0  118    0  140    0  133    0   72   34   60  250  205    6  248  255  249  255  140    0  140    0   29   34  151  254  187    3  249  255  254  255  130    0  127    0   79   35   69  254   67    7   19    0    4    0  140    0  140    0   87   36   79    3   10   14   79    0  238  255  140    0  140    0    5    0   19  254  173   26   65  255  243  255  122    0  129    0
109    3   60    0  242    1   70    0  118    0  140    0  133    0  113   33   60  250  205    6  248  255  249  255  140    0  140    0  213   28  152  254  187    3  252  255  255  255  131    0  128    0  247   34   70  254   68    7   19    0    4    0  140    0  140    0  240   34   90    3    7   14   91    0  235  255  140    0  140    0  215    0   34  254  180   26  125  255  248  255  124    0  130    0
109    3   67    0  246    1   74    0   58    0  140    0  133    0   46   29   59  250  204    6  248  255  249  255  140    0  140    0  226   33  153  254  188    3  255  255    0    0  132    0  129    0   23   37   68  254   67    7   14    0    3    0  140    0  140    0  230   34   96    3    6   14   91    0  235  255  140    0  140    0  104  255   26  254  179   26  125  255  248  255  124    0  130    0
109    3   72    0  250    1   74    0   58    0  140    0  133    0   14   34   59  250  204    6  248  255  249  255  140    0  140    0  173   31  153  254  188    3  255  255    0    0  133    0  130    0   11   35   69  254   67    7   14    0    3    0  140    0  140    0   63   37  101    3    5   14   91    0  235  255  140    0  140    0  233  254   24  254  184   26  136  255  248  255  126    0  131    0
109    3   76    0  253    1   74    0   58    0  140    0  133    0  101   32   58  250  203    6  248  255  249  255  140    0  140    0  165   33  153  254  187    3  254  255  255  255  133    0  131    0  198   33   70  254   68    7   14    0    3    0  140    0  140    0  125   33  107    3    3   14   91    0  235  255  140    0  140    0  111    0  242  253  189   26   77  255  243  255  124    0  125    0
109    3   93    0    5    2   95    0  112    0  140    0  133    0  180   34   58  250  203    6  248  255  249  255  140    0  140    0   43   34  152  254  187    3  253  255  255  255  128    0  126    0  205   34   71  254   68    7   14    0    3    0  140    0  140    0   18   34  112    3    2   14   91    0  235  255  140    0  140    0  140  255  237  253  192   26   90  255  244  255  126    0  126    0
109    3  101    0   12    2   98    0  112    0  140    0  133    0  152   33  227  253  191   26   90  255  244  255  126    0  126    0  170   31  152  254  187    3  252  255  255  255  129    0  127    0   80   34   71  254   68    7   14    0    3    0  140    0  140    0   32   35  118    3    1   14   91    0  235  255  140    0  140    0
109    3  107    0   19    2   98    0  112    0  140    0  133    0   90   31  217  253  191   26   90  255  244  255  126    0  126    0   75   32  152  254  187    3  253  255  255  255  124    0  122    0  100   34   72  254   68    7   14    0    3    0  140    0  140    0
109    3  114    0   26    2  100    0  110    0  140    0  133    0  153   34   13  254  199   26  201  255  254  255  127    0  127    0   73   31  152  254  187    3  254  255    0    0  119    0  118    0   89   33   73  254   68    7   14    0    3    0  140    0  140    0  190   33   87    3    9   14   29    0  251  255  140    0  140    0
109    3  120    0   32    2  100    0  110    0  140    0  133    0  243   33    7  254  202   26  195  255  252  255  128    0  128    0    1   32  152  254  187    3  253  255  255  255  116    0  114    0   58   35   74  254   69    7   14    0    3    0  140    0  140    0   49   30   88    3    9   14   29    0  251  255  140    0  140    0
109    3  126    0   38    2  100    0  109    0  140    0  133    0  229   33    3  254  202   26  195  255  252  255  128    0  128    0  125   34  152  254  187    3  255  255    0    0  112    0  111    0   33   34   75  254   69    7   14    0    3    0  140    0  140    0   99   34  101    3    6   14   44    0  246  255  140    0  140    0
109    3  132    0   43    2  102    0  108    0  140    0  133    0   77   36  210  253  189   26  117  255  245  255  129    0  129    0  238   32  151  254  186    3  252  255  255  255  110    0  108    0   12   31   76  254   69    7   14    0    3    0  140    0  140    0  131   36  108    3    4   14   51    0  244  255  140    0  140    0  228  255  214  251   41   36  162  255  246  255  140    0  140    0
109    3  141    0   47    2  106    0  106    0  140    0  133    0  200   35  221  253  193   26  150  255  248  255  130    0  130    0  127   28  150  254  186    3  252  255  255  255  108    0  106    0  177   34   77  254   69    7   14    0    3    0  140    0  140    0  244   35  108    3    4   14   45    0  245  255  140    0  140    0   92    0  209  251   41   36  162  255  246  255  140    0  140    0
109    3  151    0   53    2  112    0  103    0  140    0  133    0  203   35  205  253  196   26  135  255  247  255  131    0  131    0  160   36  151  254  187    3  255  255    0    0  106    0  104    0   34   33  110    3    3   14   45    0  245  255  140    0  140    0
109    3  160    0   60    2  115    0  101    0  140    0  133    0  142   32  198  253  195   26  135  255  247  255  131    0  131    0  167   32  151  254  187    3  255  255    0    0  104    0  102    0  179   32  113    3    2   14   45    0  245  255  140    0  140    0
109    3  167    0   66    2  115    0  101    0  140    0  133    0  192   28  238  253  202   26  217  255  254  255  132    0  132    0  186   33  152  254  187    3    0    0    0    0  103    0  100    0  143   34  116    3    2   14   45    0  245  255  140    0  140    0
109    3  174    0   72    2  115    0  101    0  140    0  133    0   11   33  236  253  202   26  217  255  254  255  132    0  132    0  144   34  152  254  187    3    0    0    0    0  102    0   99    0  174   36  119    3    1   14   45    0  245  255  140    0  140    0
109    3  185    0   75    2  123    0   96    0  140    0  133    0  216   29  238  253  205   26  225  255  254  255  133    0  133    0  212   33  151  254  187    3  255  255    0    0  101    0   98    0
109    3  192    0   81    2  123    0   96    0  140    0  133    0  230   34  229  253  208   26  213  255  253  255  126    0  133    0  250   33  151  254  186    3  255  255    0    0   99    0   97    0
109    3  209    0   79    2  135    0   24    0  140    0  133    0  215   34  226  253  207   26  213  255  253  255  126    0  133    0   76   36  151  254  187    3  255  255    0    0   98    0   96    0
109    3  218    0   80    2  135    0   24    0  140    0  133    0  157   33  224  253  207   26  213  255  253  255  126    0  133    0  131   32  151  254  187    3  255  255    0    0   97    0   95    0
109    3  235    0   78    2  157    0   72    0  140    0  133    0    6   32  221  253  207   26  213  255  253  255  126    0  133    0  159   35  151  254  187    3    0    0    0    0   96    0   94    0
109    3  245    0   82    2  157    0   72    0  140    0  133    0   19   35  210  253  210   26  199  255  252  255  127    0  133    0   63   34  151  254  187    3    0    0    0    0   96    0   93    0
109    3    2    1   81    2  164    0   68    0  140    0  133    0   31   34  218  253  213   26  217  255  254  255  128    0  133    0  145   36  151  254  186    3  255  255    0    0   96    0   92    0
109    3   12    1   85    2  164    0   68    0  140    0  133    0  224   32  215  253  213   26  217  255  254  255  128    0  133    0   53   33  151  254  186    3  255  255    0    0   95    0   92    0
109    3   21    1   89    2  164    0   68    0  140    0  133    0  222   36  202  253  215   26  200  255  252  255  129    0  133    0   94   35  150  254  186    3  254  255  255  255   95    0   92    0
109    3   39    1   88    2  177    0   56    0  140    0  133    0  157   31  232  253  220   26  254  255    0    0  130    0  133    0  177   32  150  254  186    3  254  255  255  255   95    0   92    0
109    3   50    1   91    2  177    0   56    0  140    0  133    0  222   33  231  253  220   26  254  255    0    0  130    0  133    0   26   30  150  254  186    3  255  255    0    0   94    0   92    0
109    3   61    1   94    2  177    0   56    0  140    0  133    0   54   37  231  253  220   26  254  255    0    0  130    0  133    0    5   33  150  254  186    3  255  255    0    0   94    0   92    0
109    3   71    1   98    2  177    0   56    0  140    0  133    0   67   33   71  254  230   26  154    0   12    0  131    0  133    0    3   34  151  254  186    3    0    0    0    0   94    0   92    0
109    3   78    1  102    2  171    0   53    0  140    0  133    0  153   33   80  254  231   26  154    0   12    0  131    0  133    0  149   32  150  254  186    3  255  255    0    0   94    0   92    0
109    3   90    1  101    2  167    0  244  255  140    0  133    0  134   34   67  254  217   26  116    0    7    0  132    0  133    0  140   33  151  254  186    3    0    0    0    0   94    0   92    0
109    3  101    1  100    2  167    0  244  255  140    0  133    0   44   36   74  254  217   26  116    0    7    0  132    0  133    0  182   32  151  254  186    3    0    0    0    0   95    0   91    0
109    3  115    1   90    2  175    0  224  255  140    0  133    0   90   33   46  254  218   26   61    0    4    0  133    0  133    0  158   33  151  254  186    3    0    0    0    0   94    0   91    0
109    3  126    1   88    2  175    0  224  255  140    0  133    0  104   33   50  254  219   26   61    0    4    0  133    0  133    0   63   35  150  254  186    3  254  255    0    0   93    0   91    0
109    3  136    1   86    2  175    0  224  255  140    0  133    0   29   33   72  254  223   26   91    0    6    0  133    0  133    0   68   32  150  254  186    3  255  255    0    0   93    0   91    0
109    3  147    1   84    2  175    0  224  255  140    0  133    0  232   34   77  254  223   26   91    0    6    0  133    0  133    0    5   34  150  254  186    3  255  255    0    0   91    0   91    0
109    3  176    1   64    2  202    0  186  255  140    0  133    0  115   35  109  254  231   26  132    0    8    0  117    0  128    0  231   32  150  254  186    3  255  255    0    0   93    0   90    0
109    3  189    1   60    2  202    0  186  255  140    0  133    0  139   30  117  254  231   26  132    0    8    0  117    0  128    0  130   32  150  254  186    3  255  255    0    0   94    0   90    0
109    3  209    1   45    2  214    0  162  255  140    0  133    0   89   36   89  254  232   26   72    0    4    0  119    0  129    0  189   33  150  254  186    3  255  255    0    0   94    0   90    0
109    3  224    1   34    2  217    0  151  255  140    0  133    0  236   33   93  254  232   26   72    0    4    0  119    0  129    0   73   35  149  254  186    3  254  255    0    0   95    0   90    0
109    3  235    1   24    2  216    0  146  255  140    0  133    0   92   33   98  254  232   26   72    0    4    0  119    0  129    0  227   32  150  254  186    3    0    0    0    0  100    0   96    0
109    3  250    1   12    2  220    0  133  255  140    0  133    0  238   34   94  254  234   26   59    0    3    0  121    0  130    0   18   34  148  254  185    3  251  255  255  255   99    0   95    0
109    3    9    2  255    1  224    0  120  255  140    0  133    0  143   30   98  254  234   26   59    0    3    0  121    0  130    0  113   34  146  254  185    3  249  255  254  255   99    0   94    0
109    3   22    2  244    1  223    0  113  255  140    0  133    0  249   30   56  254  219   26  239  255  255  255  123    0  131    0  119   33  146  254  185    3  250  255  254  255  104    0   99    0
109    3   38    2  228    1  229    0   95  255  140    0  133    0  240   36    5  254  222   26  158  255  250  255  112    0  126    0  191   34  146  254  185    3  251  255  254  255  103    0   98    0
109    3   45    2  221    1  219    0  100  255  140    0  133    0   29   34   29  254  225   26  210  255  253  255  115    0  127    0  143   31  146  254  184    3  251  255  254  255  107    0  103    0
109    3   58    2  212    1  219    0  100  255  140    0  133    0  145   31  231  253  226   26  116  255  246  255  106    0  122    0   85   35  146  254  184    3  251  255  255  255  111    0  107    0
109    3   72    2  202    1  219    0  100  255  140    0  133    0   36   34  236  253  227   26  143  255  248  255  110    0  124    0   97   34  147  254  185    3  253  255  255  255  109    0  105    0
109    3   76    2  196    1  204    0   96  255  140    0  133    0  182   34  229  253  227   26  143  255  248  255  110    0  124    0  248   34  148  254  185    3    0    0    0    0  107    0  103    0
109    3   83    2  189    1  197    0  101  255  140    0  133    0  145   34  222  253  226   26  143  255  248  255  110    0  124    0   18   35  148  254  185    3    0    0    0    0  106    0  101    0
109    3   86    2  186    1  185    0  114  255  140    0  133    0  132   31  215  253  227   26  144  255  248  255  113    0  126    0   25   34  147  254  185    3  255  255    0    0  103    0  100    0
109    3   94    2  180    1  180    0  116  255  140    0  133    0  250   32  218  253  230   26  162  255  249  255  100    0  122    0   83   31  147  254  185    3  254  255    0    0  107    0  105    0
109    3  105    2  172    1  180    0  116  255  140    0  133    0  207   34  249  253  235   26  233  255  255  255   91    0  118    0   98   32  147  254  185    3  255  255    0    0  106    0  103    0
109    3  116    2  163    1  180    0  116  255  140    0  133    0   76   34  247  253  235   26  233  255  255  255   91    0  118    0  221   31  147  254  185    3  255  255    0    0  104    0  101    0
109    3  110    2  178    1  154    0  152  255  140    0  133    0  252   34  243  253  236   26  228  255  255  255   82    0  115    0   29   33  149  254  186    3    3    0    1    0  100    0  100    0
109    3  119    2  172    1  154    0  152  255  140    0  133    0   87   36  231  253  237   26  206  255  253  255   78    0  111    0  235   35  149  254  186    3    3    0    1    0  105    0  105    0
109    3  116    2  183    1  135    0  178  255  140    0  133    0    8   35  249  253  239   26  251  255    0    0   85    0  114    0  116   33  150  254  186    3    4    0    1    0  109    0  109    0
109    3  124    2  178    1  135    0  178  255  140    0  133    0  201   29  231  253  238   26  213  255  253  255   91    0  117    0  242   35  147  254  185    3  255  255    0    0  110    0  106    0
109    3  132    2  173    1  135    0  178  255  140    0  133    0    1   34  232  253  239   26  222  255  254  255   97    0  119    0  175   35  146  254  184    3  252  255  255  255  110    0  103    0
109    3  132    2  177    1  123    0  188  255  140    0  133    0  161   35    3  254  241   26   24    0    2    0  102    0  121    0  115   32  146  254  184    3  253  255  255  255  113    0  107    0
109    3  139    2  173    1  123    0  188  255  140    0  133    0   13   31    4  254  241   26   24    0    2    0  102    0  121    0   44   36  147  254  185    3  255  255    0    0  116    0  111    0
109    3  147    2  169    1  123    0  188  255  140    0  133    0  145   32  237  253  240   26  231  255  255  255  106    0  123    0   73   32  147  254  185    3  255  255    0    0  116    0  108    0
109    3  154    2  165    1  123    0  188  255  140    0  133    0  234   31  229  253  240   26  219  255  254  255  110    0  125    0   38   28  147  254  185    3  255  255    0    0  119    0  112    0
109    3  161    2  161    1  123    0  188  255  140    0  133    0    5   32  226  253  240   26  219  255  254  255  110    0  125    0   83   33  148  254  185    3    0    0    0    0  118    0  109    0
109    3  169    2  157    1  123    0  188  255  140    0  133    0   34   34  224  253  240   26  219  255  254  255  110    0  125    0   27   35  148  254  185    3    1    0    0    0  119    0  106    0
109    3  176    2  153    1  123    0  188  255  140    0  133    0    9   33  233  253  241   26  239  255  255  255  113    0  126    0   43   35  148  254  185    3    0    0    0    0  117    0  104    0
109    3  184    2  148    1  123    0  188  255  140    0  133    0   34   33  253  253  243   26   18    0    1    0  116    0  127    0  133   34  148  254  185    3    1    0    0    0  113    0  102    0
109    3  191    2  144    1  123    0  188  255  140    0  133    0  176   35  225  253  241   26  225  255  254  255  119    0  128    0  244   32  149  254  186    3    3    0    1    0  112    0  100    0
109    3  198    2  140    1  123    0  188  255  140    0  133    0   36   30  188  253  239   26  164  255  249  255  121    0  129    0  185   34  149  254  186    3    3    0    1    0  115    0  105    0
109    3  206    2  136    1  123    0  188  255  140    0  133    0  125   33  186  253  239   26  169  255  249  255  123    0  130    0  101   32  149  254  186    3    2    0    0    0  118    0  109    0
109    3  180  253  238   26  169  255  249  255  123    0  130    0   36   34  150  254  186    3    4    0    1    0  120    0  112    0
139    3  151  254  186    3    4    0    1    0  116    0  109    0  206   32  160  253  237   26  143  255  247  255  125    0  131    0
139    3  152  254  187    3    7    0    2    0  111    0  107    0   45   35  154  253  237   26  143  255  247  255  125    0  131    0
139    3  152  254  187    3    6    0    2    0  106    0  105    0   71   30  147  253  236   26  143  255  247  255  125    0  131    0
139    3  152  254  187    3    5    0    2    0  105    0  103    0  215   32  165  253  238   26  185  255  251  255  117    0  131    0
139    3  151  254  186    3    1    0    0    0  104    0  101    0  227   28  193  253  241   26  240  255  255  255  119    0  132    0
139    3  151  254  187    3    2    0    1    0  108    0  105    0   34   32  194  253  241   26  243  255  255  255  121    0  133    0
139    3  150  254  186    3    0    0    0    0  109    0  103    0  183   34  204  253  243   26    5    0    0    0  123    0  133    0
139    3  151  254  186    3    1    0    0    0  112    0  107    0  233   33    3  254  248   26  100    0    8    0  109    0  128    0
139    3  151  254  186    3    0    0    0    0  115    0  111    0  254   34    1  254  248   26   86    0    6    0  112    0  129    0
139    3  151  254  186    3    1    0    0    0  118    0  114    0   54   34   16  254  249   26  104    0    7    0  100    0  130    0
139    3  151  254  186    3    1    0    0    0  119    0  110    0  187   35   51  254  252   26  161    0   11    0  102    0  126    0
139    3  151  254  186    3    0    0    0    0  119    0  107    0   23   27   58  254  253   26  156    0   10    0  106    0  127    0
