000
000
000
000
000
000
000
000
000
000
000
000
000
000
000
000
000
000
000
000
000
000
000
000
000
000
000
000
000
000
000
000
000
000
000
000
000
000
000
000
000
000
000
000
000
000
000
000
000
000
000
000
000
000
000
000
000
000
000
000
000
000
000
000
000
000
000
000
000
000
000
000
000
000
000
000
000
000
000
000
000
000
000
000
000
000
000
000
000
000
000
000
000
000
000
000
000
000
000
000
000
000
000
000
000
000
000
000
000
000
000
000
000
000
000
000
000
000
000
000
000
000
000
000
000
000
000
000
000
000
000
000
000
000
000
000
000
000
000
000
000
000
000
-3.6631003165389426 -0.907175861467086 -3.2058180913293803 4.728610185994031
-3.8527486817545133 -0.6262814655928335 -3.2058180913293803 4.728610185994031
-4.045256620437151 -0.3347149962515148 -3.2058180913293803 4.728610185994031
-4.234904985652722 -0.05382060037726211 -3.2058180913293803 4.728610185994031
-4.431319174335359 0.23098004549699058 -3.2058180913293803 4.728610185994031
-4.62096753955093 0.5118744413712428 -3.2058180913293803 4.728610185994031
-4.817381728233567 0.7966750872454955 -3.2058180913293803 4.728610185994031
-5.0031238434491385 1.084335306586814 -3.2058180913293803 4.728610185994031
-5.199538032131776 1.3691359524610667 -3.2058180913293803 4.728610185994031
-5.389186397347347 1.6500303483353194 -3.2058180913293803 4.728610185994031
000
000
000
000
000
000
000
000
000
000
000
000
000
000
000
000
000
000
000
000
000
000
000
000
000
000
000
000
000
000
000
000
000
000
000
000
000
000
000
000
000
000
000
000
000
000
000
000
000
000
000
000
000
000
000
000
000
000
000
000
000
000
000
000
000
000
000
000
000
000
000
000
000
000
000
000
000
000
000
000
000
000
000
000
000
000
000
000
000
000
000
000
000
000
000
000
000
000
000
000
000
000
000
000
000
000
000
000
000
000
000
000
000
000
000
000
000
000
000
000
000
000
000
000
000
000
000
000
000
000
000
000
000
000
000
000
000
000
000
000
000
000
000
000
000
000
000
000
000
000
000
000
000
000
000
000
000
000
000
000
000
000
000
000
000
000
000
000
000
000
000
000
000
000
-3.90625 17.828125 0.5625 0.125
-3.8125 17.8515625 0.671875 0.140625
-3.7265625 17.8671875 0.75 0.15625
-3.765625 17.859375 0.59375 0.125
-3.78125 17.8515625 0.5078125 0.1015625
-3.75 17.859375 0.5078125 0.1015625
-3.71875 17.8671875 0.5078125 0.1015625
-3.9296875 17.8203125 0.046875 0.015625
-3.9765625 17.8125 -0.03125 0.0
-3.9453125 17.8125 0.0234375 0.0
-3.96875 17.8125 -0.015625 0.0
-4.0546875 17.7890625 -0.1796875 -0.0390625
-4.125 17.7734375 -0.28125 -0.0625
-4.09375 17.78125 -0.1953125 -0.0390625
-4.0390625 17.7890625 -0.0703125 -0.0078125
-3.9765625 17.8046875 0.046875 0.0078125
-3.890625 17.828125 0.203125 0.0390625
-3.9609375 17.8046875 0.046875 0.0078125
-3.9765625 17.8046875 0.015625 0.0
-3.90625 17.8203125 0.140625 0.03125
-3.84375 17.8359375 0.2421875 0.046875
-3.7890625 17.84375 0.3203125 0.0625
-3.8828125 17.8203125 0.1171875 0.0234375
-4.0078125 17.796875 -0.140625 -0.0234375
-4.0625 17.78125 -0.2265625 -0.046875
-4.0625 17.78125 -0.203125 -0.046875
-4.1015625 17.7734375 -0.2578125 -0.0546875
-4.2265625 17.7421875 -0.4609375 -0.1015625
-4.2890625 17.7265625 -0.5390625 -0.125
-4.3359375 17.71875 -0.5625 -0.1328125
-4.4296875 17.6953125 -0.671875 -0.1640625
-4.5234375 17.671875 -0.78125 -0.1953125
-4.5703125 17.65625 -0.7734375 -0.1953125
-4.5703125 17.65625 -0.6796875 -0.171875
-4.59375 17.6484375 -0.6484375 -0.1640625
-4.6015625 17.6484375 -0.5859375 -0.1484375
-4.5859375 17.65625 -0.5 -0.125
-4.546875 17.6640625 -0.359375 -0.0859375
-4.5390625 17.6640625 -0.296875 -0.0703125
-4.484375 17.6796875 -0.171875 -0.0390625
-4.453125 17.6875 -0.09375 -0.0234375
-4.3984375 17.703125 0.015625 0.0
-4.3984375 17.703125 0.015625 0.0
-4.3828125 17.703125 0.0390625 0.0078125
-4.359375 17.7109375 0.0859375 0.015625
-4.328125 17.71875 0.1328125 0.03125
-4.28125 17.7265625 0.2109375 0.046875
-4.25 17.734375 0.25 0.0546875
-4.21875 17.7421875 0.2734375 0.0625
-4.203125 17.75 0.265625 0.0625
-4.1484375 17.7578125 0.3515625 0.078125
-4.125 17.765625 0.34375 0.078125
-4.1328125 17.765625 0.296875 0.0703125
-4.0625 17.78125 0.390625 0.0859375
-4.15625 17.7578125 0.1640625 0.0390625
-4.2421875 17.734375 -0.0078125 0.0
-4.25 17.734375 -0.015625 0.0
-4.1953125 17.75 0.078125 0.015625
-4.1484375 17.7578125 0.1640625 0.0390625
-4.203125 17.7421875 0.0390625 0.0078125
-4.2890625 17.7265625 -0.1328125 -0.03125
-4.296875 17.71875 -0.1328125 -0.03125
-4.53125 17.6796875 -0.5546875 -0.1328125
-4.6875 17.65625 -0.765625 -0.1953125
-4.734375 17.6484375 -0.765625 -0.1953125
-4.9296875 17.59375 -1.0390625 -0.2890625
-4.9140625 17.59375 -0.8984375 -0.25
-4.96875 17.578125 -0.8984375 -0.25
-4.6640625 17.6640625 -0.265625 -0.0546875
-4.7109375 17.6484375 -0.328125 -0.0859375
-4.734375 17.640625 -0.328125 -0.0859375
-4.671875 17.671875 -0.1875 -0.046875
-4.5703125 17.6953125 0.0234375 -0.453125
-4.53125 17.6796875 0.0703125 -0.0234375
-4.4375 17.703125 0.21875 0.046875
-4.375 17.71875 0.3125 0.0703125
-4.4140625 17.7109375 0.1953125 0.5078125
-4.4296875 17.75 0.140625 0.546875
-4.5546875 17.7578125 -0.0703125 0.03125
-4.421875 17.8046875 0.1953125 -0.3984375
-4.359375 17.7890625 0.3046875 -0.4296875
-4.28125 17.7734375 0.390625 0.0390625
-4.2578125 17.78125 0.390625 0.0390625
-4.109375 17.828125 0.6015625 0.6171875
-4.09375 17.875 0.578125 0.640625
-4.125 17.90625 0.4453125 0.6171875
-4.203125 17.9296875 0.28125 0.1171875
-4.1875 17.9375 0.28125 0.1171875
-4.0859375 17.953125 0.4609375 -0.3671875
-4.15625 17.90625 0.2578125 0.0078125
-4.1875 17.8828125 0.171875 0.03125
-4.1875 17.8828125 0.1484375 0.03125
-4.1796875 17.8828125 0.1484375 0.03125
-4.390625 17.859375 -0.265625 0.421875
-4.453125 17.875 -0.328125 -0.0234375
-4.4765625 17.8828125 -0.296875 -0.53125
-4.578125 17.8203125 -0.453125 -0.625
-4.5625 17.7890625 -0.375 -0.609375
-4.4296875 17.7890625 -0.109375 -0.0703125
-4.3828125 17.7890625 -0.015625 -0.0078125
-4.4140625 17.78125 -0.09375 0.4296875
-4.4140625 17.8203125 -0.078125 0.484375
-4.375 17.8671875 0.03125 0.0546875
-4.328125 17.890625 0.1171875 0.03125
-4.28125 17.890625 0.2109375 -0.40625
-4.3125 17.8515625 0.125 -0.4765625
-4.2890625 17.8203125 0.1328125 -0.015625
-4.25 17.828125 0.1875 0.0390625
-4.359375 17.796875 -0.0546875 0.4453125
-4.484375 17.8046875 -0.296875 0.4296875
-4.484375 17.84375 -0.2578125 0.4453125
-4.5625 17.859375 -0.3515625 -0.03125
-4.4375 17.8984375 -0.0546875 -0.4609375
-4.53125 17.8359375 -0.2265625 -0.5625
-4.546875 17.8046875 -0.25 -0.1171875
-4.5390625 17.796875 -0.203125 -0.0546875
-4.515625 17.796875 -0.15625 0.4140625
-4.671875 17.796875 -0.4453125 0.390625
-4.703125 17.8203125 -0.4453125 0.390625
-4.6875 17.84375 -0.3515625 -0.0546875
-4.8515625 17.8046875 -0.578125 -0.609375
-4.953125 17.7421875 -0.7109375 -0.7109375
-5.015625 17.6875 -0.78125 -0.2734375
-5.0390625 17.671875 -0.734375 -0.2109375
-5.0625 17.65625 -0.7265625 0.25
-5.109375 17.671875 -0.7265625 0.25
-5.15625 17.6875 -0.7265625 0.25
-5.1953125 17.703125 -0.7265625 0.25
-5.2421875 17.71875 -0.7265625 0.25
-5.28125 17.734375 -0.7265625 0.25
-5.328125 17.75 -0.7265625 0.25
-5.3671875 17.765625 -0.7265625 0.25
-5.4140625 17.78125 -0.7265625 0.25
-5.4609375 17.796875 -0.7265625 0.25
-5.5 17.8125 -0.7265625 0.25
0.4140625 3.6171875 4.7734375 -3.609375
000
23.421875 39.3515625 -2.265625 1.4609375
23.28125 39.4453125 -2.265625 1.4609375
23.1484375 39.53125 -2.265625 1.4609375
23.0078125 39.6171875 -2.265625 1.4609375
000
2.71875 2.6171875 5.140625 -2.4921875
3.0234375 2.46875 5.140625 -2.4921875
3.3359375 2.3125 5.140625 -2.4921875
3.640625 2.1640625 5.140625 -2.4921875
3.953125 2.015625 5.140625 -2.4921875
4.2578125 1.8671875 5.140625 -2.4921875
4.5703125 1.71875 5.140625 -2.4921875
4.875 1.5625 5.140625 -2.4921875
5.1875 1.4140625 5.140625 -2.4921875
5.4921875 1.265625 5.140625 -2.4921875
-6.1484375 17.3671875 -0.890625 -0.8046875
-6.28125 17.2734375 -1.046875 -0.90625
-6.2109375 17.265625 -0.8359375 -0.3515625
000
-6.21875 17.2734375 -0.7265625 0.2578125
-6.28125 17.296875 -0.7578125 0.25
-6.390625 17.296875 -0.8359375 -0.25
-6.5 17.2421875 -0.921875 -0.8125
-6.5234375 17.1953125 -0.8671875 -0.8515625
-6.5703125 17.140625 -0.8828125 -0.3984375
000
5.531150766467034 17.392734151844447 0.5496392896287468 -0.1729968245269451
5.624059398071825 17.366156622245644 0.6521733181676698 -0.21415267759281326
5.706295956209551 17.336719519179773 0.727644052838329 -0.2396835306586814
5.668560588874222 17.34948494571271 0.5767025834970105 -0.1886218245269451
5.651122691940089 17.350531622245644 0.4905597753592853 -0.16595054492814287
5.682092235808353 17.34167244571271 0.4905597753592853 -0.16595054492814287
5.713061779676616 17.332813269179773 0.4905597753592853 -0.16595054492814287
5.506947046065837 17.39768707837738 0.04840744080239556 -0.009905853065868142
5.462445855263441 17.414358754910314 -0.02706329386826371 0.015624999999999998
5.489509149131704 17.398733754910314 0.02029747040119778 -0.011718749999999998
5.469211678730507 17.410452504910314 -0.013531646934131855 0.007812499999999999
5.383068870592782 17.433123784509117 -0.17514518974251633 0.05601463266467035
5.314363959389189 17.454748387574984 -0.2748196448143734 0.08649841226347255
5.345333503257452 17.44588921104205 -0.1886768366766482 0.06382713266467036
5.396600517526913 17.425311284509117 -0.06479866120359334 0.028390426532934065
5.458539605263441 17.407592931443247 0.04450119080239556 -0.016671676532934068
5.5446824134011665 17.384921651844447 0.19544266014371411 -0.06773338266467036
5.472071252197573 17.399780431443247 0.04450119080239556 -0.016671676532934068
5.458539605263441 17.407592931443247 0.013531646934131855 -0.007812499999999999
5.527244516467034 17.38596832837738 0.1374098224071867 -0.04324920613173627
5.589183604203562 17.36824997531151 0.23317802747904376 -0.08049880919760442
5.640450618473023 17.347672048778577 0.30864876214970305 -0.10602966226347255
5.547541986868232 17.37424957837738 0.1132061020059889 -0.03829627959880221
5.427570061395178 17.41645210797618 -0.1335035724071867 0.050015029598802205
5.372396797125716 17.43026421104205 -0.2196463805449119 0.07268630919760442
5.372396797125716 17.43026421104205 -0.19934891014371411 0.06096755919760442
5.334661429790387 17.443029637574984 -0.2506159244131756 0.08154548573053848
5.210783254317331 17.47846634370672 -0.44996483455688974 0.14251304492814293
5.148844166580805 17.496184696772588 -0.529341819227549 0.1612780745269451
5.104342975778408 17.51285637330552 -0.5535455396287468 0.16623100105987917
5.011434344173617 17.539433902904324 -0.6638920681676698 0.19385520719161548
4.918525712568826 17.566011432503128 -0.7742385967065928 0.22147941332335175
4.870118271766431 17.575917285568995 -0.7674727732395268 0.21757316332335175
4.870118271766431 17.575917285568995 -0.6745641416347357 0.19099563372454953
4.845914551365233 17.580870212101928 -0.643594597766472 0.18213645719161548
4.839148727898166 17.584776462101928 -0.5816555100299445 0.1644181041257473
4.856586624832299 17.583729785568995 -0.49551270189221935 0.14174682452694515
4.894321992167629 17.57096435903606 -0.35419662948503267 0.10526344186227476
4.901087815634694 17.56705810903606 -0.29225754174850527 0.08754508879640663
4.956261079904156 17.55324600597019 -0.16837936627545042 0.05210838266467035
4.98723062377242 17.544386829437258 -0.09290863160479113 0.02657752959880221
5.042403888041881 17.53057472637139 0.013531646934131855 -0.007812499999999999
5.042403888041881 17.53057472637139 0.013531646934131855 -0.007812499999999999
5.055935534976014 17.52276222637139 0.03773536733532964 -0.012765426532934068
5.080139255377211 17.517809299838458 0.08223655813772521 -0.029437103065868137
5.111108799245475 17.50895012330552 0.13064399894012077 -0.03934295613173627
5.15560999004787 17.492278446772588 0.20611473361078003 -0.06487380919760442
5.186579533916134 17.483419270239654 0.24385010094610968 -0.07763923573053849
5.217549077784398 17.47456009370672 0.26805382134730743 -0.08259216226347255
5.234986974718529 17.473513417173788 0.26128799788024154 -0.07868591226347255
5.2862539889879905 17.45293549064085 0.3435245560179667 -0.1081230153293407
5.310457709389189 17.447982564107917 0.33675873255090083 -0.1042167653293407
5.303691885922122 17.451888814107917 0.29225754174850527 -0.08754508879640663
5.372396797125716 17.43026421104205 0.3812599233532964 -0.12088844186227476
5.279488165520925 17.45684174064085 0.16161354280838447 -0.04820213266467035
5.193345357383199 17.479513020239654 -0.006765823467065927 0.0039062499999999996
5.186579533916134 17.483419270239654 -0.013531646934131855 0.007812499999999999
5.241752798185596 17.469607167173788 0.07547073467065928 -0.025530853065868137
5.2862539889879905 17.45293549064085 0.16161354280838447 -0.04820213266467035
5.231080724718529 17.46674759370672 0.03773536733532964 -0.012765426532934068
5.148844166580805 17.496184696772588 -0.13064399894012077 0.03934295613173627
5.138172093113738 17.49332512330552 -0.13064399894012077 0.03934295613173627
4.91566613910176 17.57668350597019 -0.5467797161616809 0.16232475105987917
4.768630919760442 17.634511035568995 -0.7607069497724609 0.21366691332335175
4.724129728958046 17.651182712101928 -0.7607069497724609 0.21366691332335175
4.527640392281398 17.70147819783247 -1.0443857711197684 0.26919578171856057
4.54117203921553 17.69366569783247 -0.9030696987125817 0.23271239905389027
4.485998774946069 17.707477800898335 -0.9030696987125817 0.23271239905389027
4.792834640161639 17.62955810903606 -0.25738174788024154 0.08545173573053848
4.744427199359244 17.639463962101928 -0.32713333561676894 0.08963844186227476
4.720223478958046 17.644416888634865 -0.32713333561676894 0.08963844186227476
4.7899750666945735 17.640230182503128 -0.18581726320958225 0.05315505919760442
4.889649521766431 17.609746402904324 -0.2062650295988022 -0.4041365110898238
4.91566613910176 17.57668350597019 0.049173661203593344 -0.055453720401197774
5.008574770706551 17.55010597637139 0.21288055707784598 -0.06878005919760442
5.0705138584430784 17.53238762330552 0.3057891886826371 -0.09535758879640663
5.032778491107749 17.545153049838458 0.42305183667664814 0.3421222753592853
5.038778094173617 17.586794667173788 0.39522232240718663 0.4032951426946149
4.934431168700563 17.65606049064085 -0.045267411203593344 0.0622195438682637
5.072887667640684 17.630249181443247 -0.030073163323351776 -0.4427132468203623
5.119201755377211 17.585467534509117 0.049023365215571185 -0.524464040688626
5.17904749004787 17.532873387574984 0.3578224233532964 -0.16148338266467033
5.203251210449068 17.52792046104205 0.3578224233532964 -0.16148338266467033
5.35523935632332 17.494296651844447 0.8295621569640763 0.23371880389820837
5.392208503257452 17.52707909264684 0.8209834365628785 0.26573502429940615
5.380770209389189 17.569767386515103 0.6942456876227578 0.3118438038982083
5.324830724718529 17.629127356916303 0.3021633948143734 -0.039137647994011066
5.342268621652661 17.62808068038337 0.3021633948143734 -0.039137647994011066
5.4380368267245185 17.5908310773175 0.21558983455688976 -0.5484624529520986
5.353706915520925 17.585392386515103 0.2271784244131756 -0.12214042653293404
5.314924871652661 17.580719916113907 0.16447311627545042 -0.05887420613173627
5.314924871652661 17.580719916113907 0.14417564587425263 -0.04715545613173627
5.321690695119727 17.576813666113907 0.14417564587425263 -0.04715545613173627
5.127294711508947 17.66198494571271 -0.019100497880241568 0.49816696722156006
5.08098062377242 17.70676659264684 -0.29588333561676894 0.1437650295988022
5.064589403371222 17.725251166113907 -0.5227262917485052 -0.3116384957604831
4.945383698299365 17.72190582837738 -0.7049177610898237 -0.3147033773652742
4.943290345233496 17.687030034509117 -0.6294470264191645 -0.3402342304311423
5.058309344173617 17.620623784509117 -0.129877778538923 -0.006204911203593351
5.098904284976014 17.597186284509117 -0.017437896934131853 0.0010466765329340717
5.067934741107749 17.60604546104205 0.13365386839520885 0.418995290688626
5.087465991107749 17.63987457837738 0.1745292653293407 0.4585435549580875
5.1447326084430784 17.660938269179773 0.054407043868263706 0.031735764269461494
5.197046299245475 17.657798239580973 0.1171123520059889 -0.03153045613173629
5.23764124004787 17.634360739580973 -0.02044776638921994 -0.45729157028742823
5.1910466961796065 17.616156622245644 -0.13002807452694515 -0.4752152314910216
5.195719166580805 17.57737457837738 0.10720649894012077 -0.07993789693413184
5.233454533916134 17.564609151844447 0.18191101320958225 -0.05992088266467035
5.123108005377211 17.59223335797618 0.1752954857305385 0.41299568762275785
5.018761079904156 17.661499181443247 -0.042257541748505295 0.520557790688626
5.038292329904156 17.695328298778577 -0.0006159244131756225 0.5145581876227578
4.978446595233496 17.74792244571271 -0.3200870560179667 0.14871795613173627
5.106231020706551 17.71925156304804 -0.27782951426946145 -0.37183983455688974
4.99379113910176 17.71199997531151 -0.4774588805449118 -0.37385803962874675
4.964634492167629 17.692749181443247 -0.27510010094610965 0.02351264799401108
4.967494065634694 17.68207710797618 -0.20325516014371411 0.05420173573053849
4.987791536035893 17.67035835797618 0.07171478065868142 0.4367136437544942
4.8524750666945735 17.74848335797618 -0.19033943762275787 0.5609474233532964
4.8371305228263095 17.78440582837738 -0.19033943762275787 0.5609474233532964
4.862380919760442 17.796890798778577 -0.3318058060179667 0.1284204857305385
4.700767376952057 17.845092931443247 -0.8053584365628785 -0.23867173043114237
4.5815616718802 17.84174759370672 -0.9711586855029994 -0.2602211855029995
4.500091334143673 17.825636829437258 -0.8133010967065928 0.1538211786526925
4.471981363742475 17.823823932503128 -0.7414561559041972 0.1845102663892199
4.4438713933412775 17.822011035568995 -0.5042215824371312 0.5797876009461096
4.411088952538882 17.858980182503128 -0.5042215824371312 0.5797876009461096
4.378306511736486 17.895949329437258 -0.5042215824371312 0.5797876009461096
4.3522898944011565 17.92901222637139 -0.5042215824371312 0.5797876009461096
4.319507453598761 17.96598137330552 -0.5042215824371312 0.5797876009461096
4.293490836263431 17.999044270239654 -0.5042215824371312 0.5797876009461096
4.260708395461036 18.036013417173788 -0.5042215824371312 0.5797876009461096
4.234691778125706 18.069076314107917 -0.5042215824371312 0.5797876009461096
4.20190933732331 18.10604546104205 -0.5042215824371312 0.5797876009461096
4.169126896520915 18.14301460797618 -0.5042215824371312 0.5797876009461096
4.143110279185585 18.176077504910314 -0.5042215824371312 0.5797876009461096
2.167182393754494 2.9255450152515245 2.3292306383772816 -5.512529191784457
000
39.959720004263644 22.368515303611076 -1.231620055449119 2.3980214883413282
39.88481018185646 22.52001768521587 -1.231620055449119 2.3980214883413282
39.812759932916336 22.660847993353592 -1.231620055449119 2.3980214883413282
39.73394386050916 22.805584551491314 -1.231620055449119 2.3980214883413282
000
3.6631003165389426 0.907175861467086 3.2058180913293803 -4.728610185994031
3.8527486817545133 0.6262814655928335 3.2058180913293803 -4.728610185994031
4.045256620437151 0.3347149962515148 3.2058180913293803 -4.728610185994031
4.234904985652722 0.05382060037726211 3.2058180913293803 -4.728610185994031
4.431319174335359 -0.23098004549699058 3.2058180913293803 -4.728610185994031
4.62096753955093 -0.5118744413712428 3.2058180913293803 -4.728610185994031
4.817381728233567 -0.7966750872454955 3.2058180913293803 -4.728610185994031
5.0031238434491385 -1.084335306586814 3.2058180913293803 -4.728610185994031
5.199538032131776 -1.3691359524610667 3.2058180913293803 -4.728610185994031
5.389186397347347 -1.6500303483353194 3.2058180913293803 -4.728610185994031
3.3588906814191137 18.114644317287556 -1.1736476252455157 -0.2515673171077906
3.196996682478993 18.099860685682764 -1.3597453445868342 -0.2613980221796477
3.2539828436825857 18.0579386122157 -0.8997243609760542 0.11350669398203322
000
3.25112327021552 18.068610685682764 -0.5003153324371312 0.5865534244131756
3.208715432478993 18.120158156083964 -0.531284876305395 0.5954126009461096
3.1139939039400693 18.174845656083964 -0.8489431109760542 0.20146239905389027
2.9919286254011466 18.1821723918145 -1.2046171691137795 -0.2427081405748565
2.9481936549999492 18.153296201012104 -1.176787654844318 -0.3038810079101862
2.8802549641975537 18.129372936742644 -0.9637568017784498 0.09634925317963766
000
-12.296974233532962 13.486484151844447 0.42463928962874675 0.3895031754730548
-12.227503101928171 13.553656622245644 0.5115483181676698 0.45772232240718663
-12.160891543790445 13.610157019179775 0.571394052838329 0.5103164693413185
-12.190814411125775 13.58385994571271 0.45170258349701053 0.4051281754730548
-12.200439808059908 13.569281622245644 0.3889972753592853 0.341861955071857
-12.177282764191643 13.59167244571271 0.3889972753592853 0.341861955071857
-12.15412572032338 13.614063269179775 0.3889972753592853 0.341861955071857
-12.31336545393416 13.46799957837738 0.03278244080239556 0.03696914693413185
-12.350054144736555 13.437796254910314 -0.02706329386826371 -0.015624999999999998
-12.322990850868292 13.453421254910314 0.02029747040119778 0.011718749999999998
-12.34328832126949 13.441702504910314 -0.013531646934131855 -0.007812499999999999
-12.405993629407215 13.378436284509117 -0.13608268974251633 -0.12367286733532962
-12.459073540610808 13.329748387574984 -0.21231964481437338 -0.1947515877365274
-12.435916496742545 13.35213921104205 -0.1496143366766482 -0.13148536733532962
-12.392461982473083 13.386248784509117 -0.056986161203593344 -0.04192207346706592
-12.346147894736555 13.431030431443249 0.03668869080239556 0.030203323467065925
-12.28344258659883 13.494296651844447 0.15638016014371411 0.13539161733532962
-12.332616247802424 13.438842931443249 0.03668869080239556 0.030203323467065925
-12.346147894736555 13.431030431443249 0.013531646934131855 0.007812499999999999
-12.293067983532962 13.47971832837738 0.10615982240718669 0.0973757938682637
-12.246753895796434 13.524499975311512 0.18630302747904376 0.16168869080239556
-12.203299381526973 13.558609548778579 0.24614876214970305 0.2142828377365274
-12.272770513131764 13.49143707837738 0.0897686020059889 0.07889122040119778
-12.369304938604818 13.408639607976182 -0.11006607240718669 -0.09060997040119777
-12.40885320287428 13.36776421104205 -0.1727713805449119 -0.15387619080239556
-12.40885320287428 13.36776421104205 -0.15247391014371411 -0.14215744080239556
-12.43877607020961 13.341467137574984 -0.1959284244131756 -0.17626701426946145
-12.531404245682666 13.251903843706721 -0.34840233455688974 -0.318424455071857
-12.577718333419192 13.20712219677259 -0.40434181922754897 -0.3777844254730548
-12.614407024221588 13.176918873305523 -0.42073303962874675 -0.3962689989401207
-12.68387815582638 13.109746402904326 -0.49982956816766977 -0.4780197928083844
-12.75334928743117 13.042573932503128 -0.5789260967065928 -0.5597705866766481
-12.786131728233565 13.005604785568996 -0.5721602732395268 -0.5558643366766481
-12.786131728233565 13.005604785568996 -0.5026891416347357 -0.48869186627545036
-12.802522948634763 12.98712021210193 -0.479532097766472 -0.4663010428083844
-12.80928877210183 12.98321396210193 -0.43321801002994453 -0.4215193958742526
-12.799663375167697 12.997792285568996 -0.37051270189221935 -0.3582531754730548
-12.769740507832367 13.024089359036061 -0.26825912948503267 -0.2541115581377252
-12.762974684365302 13.027995609036061 -0.22194504174850527 -0.20932991120359332
-12.72342642009584 13.068871005970193 -0.12931686627545042 -0.11976661733532962
-12.700269376227578 13.09126182943726 -0.06947113160479113 -0.06717247040119778
-12.660721111958114 13.132137226371391 0.013531646934131855 0.007812499999999999
-12.660721111958114 13.132137226371391 0.013531646934131855 0.007812499999999999
-12.647189465023983 13.139949726371391 0.029922867335329638 0.026297073467065925
-12.630798244622785 13.158434299838458 0.06661155813772521 0.05650039693413185
-12.607641200754522 13.180825123305523 0.09939399894012077 0.0934695438682637
-12.570952509952127 13.21102844677259 0.15923973361078003 0.14606369080239556
-12.547795466083862 13.233419270239656 0.18916260094610968 0.17236076426946148
-12.524638422215599 13.255810093706721 0.20555382134730746 0.1908453377365274
-12.515013025281467 13.270388417173788 0.19878799788024154 0.1869390877365274
-12.471558511012006 13.304497990640852 0.2653995560179667 0.24343948467065923
-12.455167290610808 13.32298256410792 0.25863373255090083 0.23953323467065923
-12.461933114077874 13.31907631410792 0.22194504174850527 0.20932991120359332
-12.40885320287428 13.36776421104205 0.2953224233532964 0.2697365581377252
-12.478324334479073 13.300591740640852 0.12255104280838447 0.11586036733532962
-12.541029642616797 13.237325520239656 -0.006765823467065927 -0.0039062499999999996
-12.547795466083862 13.233419270239656 -0.013531646934131855 -0.007812499999999999
-12.5082472018144 13.274294667173788 0.059845734670659276 0.05259414693413185
-12.471558511012006 13.304497990640852 0.12255104280838447 0.11586036733532962
-12.511106775281467 13.263622593706721 0.029922867335329638 0.026297073467065925
-12.577718333419192 13.20712219677259 -0.09939399894012077 -0.0934695438682637
-12.580577906886258 13.196450123305523 -0.09939399894012077 -0.0934695438682637
-12.764021360898237 13.045433505970193 -0.41396721616168086 -0.3923627489401207
-12.887619080239554 12.947011035568996 -0.5653944497724609 -0.5519580866766481
-12.92430777104195 12.91680771210193 -0.5653944497724609 -0.5519580866766481
-13.066109607718598 12.771790697832468 -0.7553232711197684 -0.7698667182814392
-13.052577960784467 12.779603197832468 -0.6530696987125817 -0.6657251009461096
-13.092126225053928 12.738727800898337 -0.6530696987125817 -0.6657251009461096
-12.871227859838356 12.965495609036061 -0.20269424788024154 -0.18017326426946145
-12.904010300640753 12.92852646210193 -0.24119583561676894 -0.23848655813772518
-12.92040152104195 12.910041888634865 -0.24119583561676894 -0.23848655813772518
-12.881899933305423 12.968355182503128 -0.13894226320958225 -0.13434494080239556
-12.805662978233565 13.039433902904326 0.24685997040119775 -0.3806990110898238
-12.764021360898237 13.045433505970193 0.07261116120359334 0.014858779598802212
-12.694550229293444 13.112605976371391 0.16600555707784598 0.14996994080239556
-12.648236141556918 13.157387623305523 0.2354766886826371 0.21714241120359332
-12.678159008892248 13.131090549838458 -0.08476066332335175 0.5374347753592853
-12.71122190582638 13.157107167173788 -0.15165267759281326 0.5439201426946149
-12.823381331299434 13.101372990640852 -0.07651741120359334 -0.008092956131736283
-12.731799832359313 13.208374181443249 0.36836433667664814 -0.24740074682036228
-12.669860744622785 13.226092534509117 0.47871086521557116 -0.21977654068862604
-12.594390009952127 13.251623387574984 0.3187599233532964 0.22914161733532962
-12.577998789550929 13.27010796104205 0.3187599233532964 0.22914161733532962
-12.472885643676676 13.384921651844447 0.21237465696407648 0.8352813038982083
-12.482791496742545 13.433329092646842 0.1803584365628787 0.8438600242994061
-12.525479790610808 13.444767386515105 0.0770581876227579 0.7571563038982083
-12.604856775281467 13.426002356916303 0.18497589481437338 0.24211235200598888
-12.595231378347336 13.44058068038337 0.18497589481437338 0.24211235200598888
-12.515088173275478 13.504893577317501 0.5827773345568897 -0.08752495295209864
-12.552543084479073 13.429142386515105 0.2193659244131756 0.1356720734670659
-12.567887628347336 13.393219916113908 0.13322311627545042 0.1130007938682637
-12.567887628347336 13.393219916113908 0.11292564587425263 0.1012820438682637
-12.561121804880269 13.397126166113908 0.11292564587425263 0.1012820438682637
-12.73208028849105 13.27135994571271 -0.4409754978802415 0.2325419672215601
-12.794019376227578 13.253641592646842 -0.27244583561676894 -0.18435997040119775
-12.818223096628774 13.248688666113908 0.008523708251494677 -0.6085134957604831
-12.874928801700632 13.14378082837738 -0.07991776108982385 -0.7678283773652742
-12.8457721547665 13.124530034509117 -0.020072026419164557 -0.7152342304311423
-12.73075315582638 13.190936284509117 -0.059565278538922996 -0.11557991120359334
-12.690158215023983 13.214373784509117 -0.009625396934131855 -0.014578323467065927
-12.713315258892248 13.19198296104205 -0.2960336316047911 0.325245290688626
-12.732846508892248 13.22581207837738 -0.30984573467065923 0.3804185549580875
-12.722454891556918 13.285938269179775 -0.0002804561317362869 0.0629857642694615
-12.693578700754522 13.329673239580973 0.0858623520059889 0.0856570438682637
-12.652983759952127 13.353110739580973 0.38580223361078003 -0.24635407028742823
-12.66051580382039 13.303656622245644 0.3465344254730548 -0.3502152314910216
-12.624593333419192 13.28831207837738 0.12283149894012077 0.05287460306586813
-12.594670466083862 13.314609151844447 0.14284851320958225 0.12757911733532962
-12.673766994622785 13.232858357976182 -0.27001701426946145 0.35830818762275785
-12.78592642009584 13.177124181443249 -0.47194504174850527 0.22368279068862604
-12.80545767009584 13.210953298778579 -0.4459284244131756 0.25674568762275785
-12.8809284047665 13.18542244571271 -0.2888370560179667 -0.20284454386826367
-12.792206479293444 13.28175156304804 0.1831079857305385 -0.42652733455688974
-12.842146360898237 13.180749975311512 0.08504111945508805 -0.6004205396287468
-12.840053007832367 13.145874181443249 -0.15791260094610968 -0.2264873520059889
-12.829380934365302 13.143014607976182 -0.14856766014371411 -0.14892326426946148
-12.809083463964104 13.154733357976182 -0.3423477193413185 0.2804636437544942
-12.944399933305423 13.076608357976182 -0.5809644376227578 0.11563492335329642
-12.983181977173686 13.08128082837738 -0.5809644376227578 0.11563492335329642
-12.981369080239554 13.109390798778579 -0.2771183060179667 -0.22314201426946145
-13.103920123047939 12.993530431443249 -0.1959834365628787 -0.8167967304311423
-13.160625828119796 12.888622593706721 -0.2602211855029995 -0.9711586855029994
-13.187408665856324 12.81001182943726 -0.5398635967065928 -0.6274288213473074
-13.19989363625752 12.784761432503128 -0.5305186559041972 -0.54986473361078
-13.212378606658719 12.759511035568996 -0.7542215824371312 -0.14677489905389027
-13.260786047461114 12.749605182503128 -0.7542215824371312 -0.14677489905389027
-13.30919348826351 12.73969932943726 -0.7542215824371312 -0.14677489905389027
-13.35083510559884 12.733699726371391 -0.7542215824371312 -0.14677489905389027
-13.399242546401236 12.723793873305523 -0.7542215824371312 -0.14677489905389027
-13.440884163736566 12.717794270239656 -0.7542215824371312 -0.14677489905389027
-13.48929160453896 12.707888417173788 -0.7542215824371312 -0.14677489905389027
-13.53093322187429 12.70188881410792 -0.7542215824371312 -0.14677489905389027
-13.579340662676685 12.69198296104205 -0.7542215824371312 -0.14677489905389027
-13.627748103479082 12.682077107976182 -0.7542215824371312 -0.14677489905389027
-13.669389720814412 12.676077504910314 -0.7542215824371312 -0.14677489905389027
-1.4500051062455057 3.3396075152515245 5.938605638377282 -0.7390916917844588
000
0.6081575042636551 45.790390303611076 -2.692557555449119 0.13239648834132867
0.43949768185646576 45.80126768521587 -2.692557555449119 0.13239648834132867
0.28150993291634663 45.80928549335359 -2.692557555449119 0.13239648834132867
0.11675636050916083 45.813397051491314 -2.692557555449119 0.13239648834132867
000
1.0459128165389429 3.6259258614670857 5.69800559132938 0.4120148140059685
1.383998681754514 3.6497189655928333 5.69800559132938 0.4120148140059685
1.7327566204371514 3.670652496251514 5.69800559132938 0.4120148140059685
2.0708424856527223 3.6944456003772617 5.69800559132938 0.4120148140059685
2.4156941743353597 3.722144954503009 5.69800559132938 0.4120148140059685
2.7537800395509304 3.7459380586287563 5.69800559132938 0.4120148140059685
3.0986317282335674 3.7736374127545034 5.69800559132938 0.4120148140059685
3.4406238434491385 3.790664693413185 5.69800559132938 0.4120148140059685
3.785475532131776 3.8183640475389327 5.69800559132938 0.4120148140059685
4.123561397347347 3.8421571516646797 5.69800559132938 0.4120148140059685
-14.008296818580883 11.966206817287556 -0.36896012524551575 -1.1421923171077906
-14.076440817521004 11.818610685682765 -0.4534953445868343 -1.3082730221796475
-14.01164215631741 11.8470011122157 -0.5481618609760542 -0.7224308060179667
000
-14.022314229784477 11.849860685682765 -0.7581278324371312 -0.14000907558682435
-14.088159567521004 11.838908156083964 -0.781284876305395 -0.16239989905389027
-14.182881096059926 11.784220656083964 -0.5989431109760542 -0.6344751009461096
-14.250258874598849 11.682172391814502 -0.39211716911377953 -1.1645831405748563
-14.247118845000047 11.629858701012106 -0.32522515484431797 -1.1710685079101861
-14.260370035802442 11.559060436742644 -0.5653193017784498 -0.7864632468203623
000
000
000
000
000
000
000
000
000
000
000
000
000
000
000
000
000
000
000
000
000
000
000
000
000
000
000
000
000
000
000
000
000
000
000
000
000
000
000
000
000
000
000
000
000
000
000
000
000
000
000
000
000
000
000
000
000
000
000
000
000
000
000
000
000
000
000
000
000
000
000
000
000
000
000
000
000
000
000
000
000
000
000
000
000
000
000
000
000
000
000
000
000
000
000
000
000
000
000
000
000
000
000
000
000
000
000
000
000
000
000
000
000
000
000
000
000
000
000
000
000
000
000
000
000
000
000
000
000
000
000
000
000
000
000
000
000
000
000
000
000
000
000
1.0459128165389429 3.6259258614670857 5.69800559132938 0.4120148140059685
1.383998681754514 3.6497189655928333 5.69800559132938 0.4120148140059685
1.7327566204371514 3.670652496251514 5.69800559132938 0.4120148140059685
2.0708424856527223 3.6944456003772617 5.69800559132938 0.4120148140059685
2.4156941743353597 3.722144954503009 5.69800559132938 0.4120148140059685
2.7537800395509304 3.7459380586287563 5.69800559132938 0.4120148140059685
3.0986317282335674 3.7736374127545034 5.69800559132938 0.4120148140059685
3.4406238434491385 3.790664693413185 5.69800559132938 0.4120148140059685
3.785475532131776 3.8183640475389327 5.69800559132938 0.4120148140059685
4.123561397347347 3.8421571516646797 5.69800559132938 0.4120148140059685
000
000
000
000
000
000
000
000
000
000
000
000
000
000
000
000
000
000
000
000
000
000
000
000
000
000
000
000
000
000
000
000
000
000
000
000
000
000
000
000
000
000
000
000
000
000
000
000
000
000
000
000
000
000
000
000
000
000
000
000
000
000
000
000
000
000
000
000
000
000
000
000
000
000
000
000
000
000
000
000
000
000
000
000
000
000
000
000
000
000
000
000
000
000
000
000
000
000
000
000
000
000
000
000
000
000
000
000
000
000
000
000
000
000
000
000
000
000
000
000
000
000
000
000
000
000
000
000
000
000
000
000
000
000
000
000
000
000
000
000
000
000
000
000
000
000
000
000
000
000
000
000
000
1.0459128165389429 3.6259258614670857 5.69800559132938 0.4120148140059685
1.383998681754514 3.6497189655928333 5.69800559132938 0.4120148140059685
1.7327566204371514 3.670652496251514 5.69800559132938 0.4120148140059685
2.0708424856527223 3.6944456003772617 5.69800559132938 0.4120148140059685
2.4156941743353597 3.722144954503009 5.69800559132938 0.4120148140059685
2.7537800395509304 3.7459380586287563 5.69800559132938 0.4120148140059685
3.0986317282335674 3.7736374127545034 5.69800559132938 0.4120148140059685
3.4406238434491385 3.790664693413185 5.69800559132938 0.4120148140059685
3.785475532131776 3.8183640475389327 5.69800559132938 0.4120148140059685
4.123561397347347 3.8421571516646797 5.69800559132938 0.4120148140059685
000
000
000
000
000
000
000
000
000
000
000
000
000
000
000
000
000
000
000
000
000
000
000
000
000
000
000
000
000
000
000
000
000
000
000
000
000
000
000
000
000
000
000
000
000
000
000
000
000
000
000
000
000
000
000
000
000
000
000
000
000
000
000
000
000
000
000
000
000
000
000
000
000
000
000
000
000
000
000
000
000
000
000
000
000
000
000
000
000
000
000
000
000
000
000
000
000
000
000
000
000
000
000
000
000
000
000
000
000
000
000
000
000
000
000
000
000
000
000
000
000
000
000
000
000
000
000
000
000
000
000
000
000
000
000
000
000
000
000
000
000
000
000
000
000
000
000
000
000
000
000
000
000
1.0459128165389429 3.6259258614670857 5.69800559132938 0.4120148140059685
1.383998681754514 3.6497189655928333 5.69800559132938 0.4120148140059685
1.7327566204371514 3.670652496251514 5.69800559132938 0.4120148140059685
2.0708424856527223 3.6944456003772617 5.69800559132938 0.4120148140059685
2.4156941743353597 3.722144954503009 5.69800559132938 0.4120148140059685
2.7537800395509304 3.7459380586287563 5.69800559132938 0.4120148140059685
3.0986317282335674 3.7736374127545034 5.69800559132938 0.4120148140059685
3.4406238434491385 3.790664693413185 5.69800559132938 0.4120148140059685
3.785475532131776 3.8183640475389327 5.69800559132938 0.4120148140059685
4.123561397347347 3.8421571516646797 5.69800559132938 0.4120148140059685
000
000
000
000
000
000
000
000
000
000
000
-12.296974233532962 13.486484151844447 0.42463928962874675 0.3895031754730548
-12.227503101928171 13.553656622245644 0.5115483181676698 0.45772232240718663
-12.160891543790445 13.610157019179775 0.571394052838329 0.5103164693413185
-12.190814411125775 13.58385994571271 0.45170258349701053 0.4051281754730548
-12.200439808059908 13.569281622245644 0.3889972753592853 0.341861955071857
-12.177282764191643 13.59167244571271 0.3889972753592853 0.341861955071857
-12.15412572032338 13.614063269179775 0.3889972753592853 0.341861955071857
-12.31336545393416 13.46799957837738 0.03278244080239556 0.03696914693413185
000
000
000
000
000
000
000
000
-12.28344258659883 13.494296651844447 0.15638016014371411 0.13539161733532962
-12.332616247802424 13.438842931443249 0.03668869080239556 0.030203323467065925
-12.346147894736555 13.431030431443249 0.013531646934131855 0.007812499999999999
-12.293067983532962 13.47971832837738 0.10615982240718669 0.0973757938682637
-12.246753895796434 13.524499975311512 0.18630302747904376 0.16168869080239556
-12.203299381526973 13.558609548778579 0.24614876214970305 0.2142828377365274
-12.272770513131764 13.49143707837738 0.0897686020059889 0.07889122040119778
000
000
000
000
000
000
000
000
000
000
000
000
000
000
000
000
000
000
000
-12.660721111958114 13.132137226371391 0.013531646934131855 0.007812499999999999
-12.647189465023983 13.139949726371391 0.029922867335329638 0.026297073467065925
-12.630798244622785 13.158434299838458 0.06661155813772521 0.05650039693413185
-12.607641200754522 13.180825123305523 0.09939399894012077 0.0934695438682637
-12.570952509952127 13.21102844677259 0.15923973361078003 0.14606369080239556
-12.547795466083862 13.233419270239656 0.18916260094610968 0.17236076426946148
-12.524638422215599 13.255810093706721 0.20555382134730746 0.1908453377365274
-12.515013025281467 13.270388417173788 0.19878799788024154 0.1869390877365274
-12.471558511012006 13.304497990640852 0.2653995560179667 0.24343948467065923
-12.455167290610808 13.32298256410792 0.25863373255090083 0.23953323467065923
-12.461933114077874 13.31907631410792 0.22194504174850527 0.20932991120359332
-12.40885320287428 13.36776421104205 0.2953224233532964 0.2697365581377252
-12.478324334479073 13.300591740640852 0.12255104280838447 0.11586036733532962
000
000
000
-12.471558511012006 13.304497990640852 0.12255104280838447 0.11586036733532962
-12.511106775281467 13.263622593706721 0.029922867335329638 0.026297073467065925
000
000
000
000
000
000
000
000
000
000
000
000
000
000
-12.694550229293444 13.112605976371391 0.16600555707784598 0.14996994080239556
-12.648236141556918 13.157387623305523 0.2354766886826371 0.21714241120359332
-12.678159008892248 13.131090549838458 -0.08476066332335175 0.5374347753592853
-12.71122190582638 13.157107167173788 -0.15165267759281326 0.5439201426946149
000
000
000
000
-12.577998789550929 13.27010796104205 0.3187599233532964 0.22914161733532962
-12.472885643676676 13.384921651844447 0.21237465696407648 0.8352813038982083
-12.482791496742545 13.433329092646842 0.1803584365628787 0.8438600242994061
-12.525479790610808 13.444767386515105 0.0770581876227579 0.7571563038982083
-12.604856775281467 13.426002356916303 0.18497589481437338 0.24211235200598888
-12.595231378347336 13.44058068038337 0.18497589481437338 0.24211235200598888
000
000
-12.567887628347336 13.393219916113908 0.13322311627545042 0.1130007938682637
-12.567887628347336 13.393219916113908 0.11292564587425263 0.1012820438682637
-12.561121804880269 13.397126166113908 0.11292564587425263 0.1012820438682637
-12.73208028849105 13.27135994571271 -0.4409754978802415 0.2325419672215601
000
000
000
000
000
000
000
-12.732846508892248 13.22581207837738 -0.30984573467065923 0.3804185549580875
-12.722454891556918 13.285938269179775 -0.0002804561317362869 0.0629857642694615
-12.693578700754522 13.329673239580973 0.0858623520059889 0.0856570438682637
000
000
000
-12.594670466083862 13.314609151844447 0.14284851320958225 0.12757911733532962
-12.673766994622785 13.232858357976182 -0.27001701426946145 0.35830818762275785
-12.78592642009584 13.177124181443249 -0.47194504174850527 0.22368279068862604
-12.80545767009584 13.210953298778579 -0.4459284244131756 0.25674568762275785
000
000
000
000
000
000
-12.944399933305423 13.076608357976182 -0.5809644376227578 0.11563492335329642
-12.983181977173686 13.08128082837738 -0.5809644376227578 0.11563492335329642
000
000
000
000
000
000
000
000
000
000
000
000
000
000
000
000
000
000
000
000
000
000
000
1.0459128165389429 3.6259258614670857 5.69800559132938 0.4120148140059685
1.383998681754514 3.6497189655928333 5.69800559132938 0.4120148140059685
1.7327566204371514 3.670652496251514 5.69800559132938 0.4120148140059685
2.0708424856527223 3.6944456003772617 5.69800559132938 0.4120148140059685
2.4156941743353597 3.722144954503009 5.69800559132938 0.4120148140059685
2.7537800395509304 3.7459380586287563 5.69800559132938 0.4120148140059685
3.0986317282335674 3.7736374127545034 5.69800559132938 0.4120148140059685
3.4406238434491385 3.790664693413185 5.69800559132938 0.4120148140059685
3.785475532131776 3.8183640475389327 5.69800559132938 0.4120148140059685
4.123561397347347 3.8421571516646797 5.69800559132938 0.4120148140059685
000
000
000
000
000
000
000
000
000
000
