000
000
000
000
000
000
000
000
000
000
000
000
000
000
000
000
000
000
000
000
000
000
000
000
000
000
000
000
000
000
000
000
000
000
000
000
000
000
000
000
000
000
000
000
000
000
000
000
000
000
000
000
-5.069467181910145 -17.51494972637139 -0.006765823467065927 0.0039062499999999996
000
000
000
000
000
000
000
000
000
000
000
000
000
-4.98332437377242 -17.53762100597019 -0.07547073467065928 0.025530853065868137
-4.9939964472394855 -17.540480579437258 -0.09967445507185706 0.03048377959880221
-5.007528094173617 -17.532668079437258 -0.1132061020059889 0.03829627959880221
-5.007528094173617 -17.532668079437258 -0.09967445507185706 0.03048377959880221
-5.000762270706551 -17.536574329437258 -0.06870491120359334 0.021624603065868137
-4.9900901972394855 -17.53371475597019 -0.04450119080239556 0.016671676532934068
-5.007528094173617 -17.532668079437258 -0.06193908773652742 0.017718353065868143
-5.014293917640684 -17.528761829437258 -0.07547073467065928 0.025530853065868137
-5.021059741107749 -17.524855579437258 -0.07547073467065928 0.025530853065868137
-5.021059741107749 -17.524855579437258 -0.06870491120359334 0.021624603065868137
-5.069467181910145 -17.51494972637139 -0.14417564587425263 0.04715545613173627
-5.0936709023113425 -17.509996799838458 -0.18191101320958225 0.05992088266467035
-5.1246404461796065 -17.50113762330552 -0.2235526305449119 0.06592048573053849
-5.1246404461796065 -17.50113762330552 -0.1925830866766482 0.05706130919760442
-5.0897646523113425 -17.50323097637139 -0.09967445507185706 0.03048377959880221
-5.0627013584430784 -17.51885597637139 -0.03773536733532964 0.012765426532934068
000
000
000
000
000
000
000
000
000
000
000
000
000
000
000
000
000
000
000
000
000
000
000
000
000
000
000
000
000
000
000
000
000
000
000
000
000
000
000
000
000
000
000
000
000
000
000
000
000
000
000
000
000
000
000
000
000
000
000
000
000
000
000
000
000
000
000
000
000
000
000
000
000
000
000
000
000
000
000
000
000
000
000
000
000
000
000
000
000
000
000
000
000
000
000
000
000
000
000
000
000
000
000
000
000
000
000
000
000
000
