000
000
000
000
000
000
000
000
000
000
000
000
000
000
000
000
000
000
000
000
000
000
000
000
000
000
000
000
000
000
000
000
000
000
000
000
000
000
000
000
000
000
000
000
000
000
000
000
000
000
000
000
000
000
000
000
000
000
000
000
000
000
000
000
000
000
000
000
000
000
000
000
000
000
000
000
000
000
000
000
000
000
000
000
000
000
000
000
000
000
000
000
000
000
000
000
000
000
000
000
000
000
000
000
000
000
000
000
000
000
000
000
000
000
000
000
000
000
000
000
000
000
000
000
000
000
000
000
000
000
000
000
000
000
000
000
000
000
000
000
000
000
000
000
000
000
000
000
000
000
000
000
-1.411237802838329 0.9443355760778558 0.028876190802395563 0.04373497040119778
-1.411237802838329 0.9443355760778558 0.028876190802395563 0.04373497040119778
-1.411237802838329 0.9443355760778558 0.028876190802395563 0.04373497040119778
-1.408378229371263 0.9550076495449218 0.028876190802395563 0.04373497040119778
-1.3891274355029992 0.9841642964790536 0.06451820507185706 0.09137619080239556
-1.3823616120359334 0.9880705464790536 0.06451820507185706 0.09137619080239556
-1.4026590824371312 0.9763517964790536 0.03850158773652742 0.058313293868263706
-1.409424905904197 0.9724455464790536 0.026016617335329638 0.03306289693413185
-1.4026590824371312 0.9763517964790536 0.03278244080239556 0.03696914693413185
-1.409424905904197 0.9724455464790536 0.01639122040119778 0.018484573467065925
-1.416190729371263 0.9685392964790536 0.006765823467065927 0.0039062499999999996
-1.413331155904197 0.9792113699461196 0.01639122040119778 0.018484573467065925
-1.413331155904197 0.9792113699461196 0.01639122040119778 0.018484573467065925
-1.3940803620359334 1.0083680168802513 0.05489280813772521 0.07679786733532963
-1.4008461855029992 1.0044617668802513 0.04240783773652742 0.05154747040119778
-1.4076120089700652 1.0005555168802513 0.026016617335329638 0.03306289693413185
-1.4008461855029992 1.0044617668802513 0.026016617335329638 0.03306289693413185
-1.4076120089700652 1.0005555168802513 0.01639122040119778 0.018484573467065925
-1.4008461855029992 1.0044617668802513 0.03278244080239556 0.03696914693413185
-1.3979866120359334 1.0151338403473174 0.03278244080239556 0.03696914693413185
-1.3883612151018014 1.0297121638143834 0.052033234670659276 0.0661257938682637
-1.3815953916347357 1.0336184138143834 0.052033234670659276 0.0661257938682637
-1.3951270385688674 1.0258059138143834 0.03278244080239556 0.03696914693413185
-1.3883612151018014 1.0297121638143834 0.03278244080239556 0.03696914693413185
-1.3855016416347357 1.0403842372814491 0.035642014269461494 0.04764122040119778
-1.3855016416347357 1.0403842372814491 0.04240783773652742 0.05154747040119778
-1.3691104212335379 1.0588688107485151 0.05879905813772521 0.0700320438682637
-1.3662508477664719 1.0695408842155811 0.06556488160479113 0.0739382938682637
-1.3662508477664719 1.0695408842155811 0.06556488160479113 0.0739382938682637
-1.35662545083234 1.084119207682647 -0.18624801532934065 0.4788410253592853
-1.362625053898208 1.1257608250179767 -0.19329429492814287 0.5379205396287468
-1.3714842304311423 1.1567303688862403 -0.20006011839520882 0.5340142896287468
-1.3764371569640763 1.180934089287438 -0.20006011839520882 0.5340142896287468
-1.3902492600299445 1.2361073535568996 -0.17976264799401104 0.5457330396287468
-1.4019680100299445 1.2564048239580974 -0.18938804492814287 0.5311547161616809
-1.4175930100299445 1.2834681178263612 -0.18938804492814287 0.5311547161616809
-1.4438900834970103 1.3133909851616907 -0.21931091226347252 0.5048576426946149
-1.4566555100299445 1.3511263524970203 -0.20577926532934065 0.5126701426946149
-1.4722805100299445 1.378189646365284 -0.20577926532934065 0.5126701426946149
-1.4946713334970103 1.4013466902335479 -0.22503005919760438 0.4835134957604831
-1.5142025834970103 1.4351758075688774 -0.21826423573053844 0.4874197457604831
-1.5230617600299443 1.4661453514371412 -0.22503005919760438 0.4835134957604831
-1.5251551130958125 1.5010211453054048 -0.20187301532934065 0.505904319227549
-1.5243888926946147 1.5465690126407345 -0.17871597146107696 0.5282951426946149
-1.5264822457604827 1.581444806508998 -0.16804389799401104 0.525435569227549
-1.531435172293417 1.6056485269101959 -0.1612780745269451 0.529341819227549
-1.5267627018922192 1.6444305707784597 -0.15165267759281326 0.5439201426946149
-1.5317156284251532 1.6686342911796574 -0.14774642759281326 0.537154319227549
-1.5338089814910214 1.7035100850479212 -0.1409806041257473 0.541060569227549
-1.5398085845568894 1.7451517023832508 -0.12744895719161548 0.548873069227549
-1.5322765406886258 1.7946058197185804 -0.09752608985628583 0.5751701426946149
-1.5411357172215598 1.8255753635868444 -0.09752608985628583 0.5751701426946149
-1.5606669672215598 1.8594044809221737 -0.11391731025748361 0.556685569227549
-1.555994496820362 1.8981865247904377 -0.09361983985628583 0.568404319227549
-1.5580878498862303 1.9330623186587013 -0.09361983985628583 0.568404319227549
-1.5708532764191643 1.970797685994031 -0.09361983985628583 0.568404319227549
-1.5622745560179665 2.002813906395229 -0.08294776638921991 0.5655447457604831
-1.5711337325509005 2.0337834502634924 -0.08294776638921991 0.5655447457604831
-1.5297725713473072 2.102768817598822 -0.001757884784428787 0.6124197457604831
-1.5008963805449116 2.14650378800002 0.038837056017966776 0.6358572457604831
-1.478786013209582 2.1863325084012177 0.06304077641916456 0.6408101722934171
-1.483738939742516 2.2105362288024155 0.042743306017966776 0.6290914222934171
-1.4780197928083842 2.231880375736547 0.03311790908383494 0.6145130988263512
-1.4704877489401205 2.281334493071877 0.06018120295209867 0.6301380988263512
-1.4619090285389227 2.3133507134730746 0.05341537948503272 0.6262318488263512
-1.457236558137725 2.352132757341338 0.05341537948503272 0.6262318488263512
-1.4593299112035931 2.387008551209602 0.05341537948503272 0.6262318488263512
-1.4187349704011976 2.410446051209602 0.3265724233532964 0.21560997040119775
-1.3984374999999998 2.422164801209602 0.3265724233532964 0.21560997040119775
-1.4023437499999998 2.428930624676668 0.31122787948503267 0.17968749999999997
-1.3955779265329338 2.432836874676668 0.07503998255090086 0.5575269376227578
-1.397671279598802 2.4677126685449315 0.07503998255090086 0.5575269376227578
-1.413296279598802 2.4947759624131955 0.011007541748505295 0.5746843784251534
-1.4114833826646702 2.5228859328143933 0.011007541748505295 0.5746843784251534
-1.4203425591976042 2.553855476682657 0.0042417182814393495 0.5707781284251534
-1.4185296622634724 2.5819654470838547 -0.002524105185626596 0.5668718784251534
-1.3925130449281427 2.6150283440179867 0.035211262149703076 0.5796373049580875
-1.3907001479940109 2.6431383144191845 0.021679615215571185 0.5718248049580875
-1.392793501059879 2.678014108287448 0.021679615215571185 0.5718248049580875
-1.390980604125747 2.706124078688646 0.021679615215571185 0.5718248049580875
-1.3863081337245493 2.7449061225569094 0.021679615215571185 0.5718248049580875
-1.351712795988022 2.809985239892239 0.09038452641916453 0.5934494080239556
-1.360571972520956 2.8409547837605027 0.07008705601796675 0.5817306580239556
-1.3441807521197582 2.859439357227569 0.0768528794850327 0.5856369080239556
-1.3356020317185604 2.8914555776287667 0.0768528794850327 0.5856369080239556
-1.3309295613173626 2.9302376214970303 0.0768528794850327 0.5856369080239556
-1.3223508409161648 2.962253841898228 0.0768528794850327 0.5856369080239556
-1.320537943982033 2.990363812299426 0.0807591294850327 0.5788710845568897
-1.3158654735808353 3.0291458561676894 0.0807591294850327 0.5788710845568897
-1.3072867531796375 3.061162076568887 0.0807591294850327 0.5788710845568897
-1.3481621501137693 3.100710340838349 0.029492115215571185 0.5582931580239556
-1.3434896797125715 3.1394923847066125 0.029492115215571185 0.5582931580239556
-1.3416767827784397 3.1676023551078103 0.029492115215571185 0.5582931580239556
-1.4629758409161648 3.2058234867126014 -0.11754310412574734 0.5004656284251534
-1.471835017449099 3.236793030580865 -0.11754310412574734 0.5004656284251534
-1.480694193982033 3.267762574449129 -0.11754310412574734 0.5004656284251534
-1.489553370514967 3.2987321183173925 -0.11754310412574734 0.5004656284251534
-1.4877404735808353 3.3268420887185903 -0.11754310412574734 0.5004656284251534
-1.4965996501137693 3.357811632586854 -0.11754310412574734 0.5004656284251534
-1.3573769307724508 3.429170809119788 0.07789955601796675 0.5681990110898237
-1.348798210371253 3.461187029520986 0.07789955601796675 0.5681990110898237
-1.2600762848981981 3.5575161468563157 0.21530937842515344 0.6114482172215601
-1.2486379910299346 3.6002044407245792 0.21530937842515344 0.6114482172215601
-0.8424832748682536 4.006098836598832 0.6018026844431201 0.6451471744131756
-0.7360429963293307 4.0404888661976335 0.7142425660479113 0.6378955866766481
-0.7022138789940009 4.0600201161976335 0.6939450956467135 0.6261768366766481
-0.6626656147245396 4.100895513131766 0.6939450956467135 0.6261768366766481
-0.5853819831197484 4.154536336598832 0.764743359916175 0.6129256458742526
-0.5216299984490891 4.2003646600658975 0.8141974772515046 0.6053936020059888
-0.45787801377842974 4.246192983532963 0.8433541241856365 0.5861428081377251
-0.3727818821736386 4.2863021600658975 0.9102461384550979 0.5796574408023955
-0.31865529443711127 4.3175521600658975 0.9102461384550979 0.5796574408023955
-0.21898083936525414 4.3480359396647 1.0062947996586913 0.5539212795988021
-0.12997845776046302 4.381379292730568 1.063561416994021 0.5328575887964065
-0.07871144349100168 4.401957219263502 1.0432639465928233 0.5211388387964065
0.02096301158085545 4.432440998862305 1.1112026373952189 0.49721557452694504
0.12844996665271258 4.449393131526975 1.2004854751317462 0.4675731633233517
0.2039207013233717 4.474923984592842 1.2004854751317462 0.4675731633233517
0.28329768599403127 4.493689014191645 1.2306887985988122 0.43088447252095613
0.3587684206646904 4.5192198672575135 1.2306887985988122 0.43088447252095613
0.45662997880241574 4.521593676455118 1.29004876900001 0.37494498785029684
0.5321007134730749 4.5471245295209854 1.29004876900001 0.37494498785029684
0.5794614777425362 4.5744682795209854 1.2494538281976144 0.35150748785029684
0.6588384624131958 4.593233309119788 1.2494538281976144 0.35150748785029684
0.875905725622778 4.5922617805808645 1.5193956944730647 0.22770446037125314
0.9097348429581074 4.6117930305808645 1.4282999598024055 0.2292369011736487
0.9716739306946349 4.629511383646733 1.3973304159341418 0.2203777246407146
1.0375192684311625 4.640463913245536 1.3556887985988122 0.21437812157484648
1.0965987827006238 4.647510192844337 1.3353913281976144 0.20265937157484648
1.1624441204371514 4.65846272244314 1.3190001077964166 0.18417479810778054
1.2282894581736785 4.669415252041942 1.2947963873952189 0.17922187157484648
1.323291442844338 4.6611169877724805 1.3317655343293506 0.14643943077245092
1.3503547367126016 4.6767419877724805 1.2502951965928233 0.16255019504191237
1.4453567213832608 4.668443723503019 1.291170593526955 0.12300193077245092
1.5218741325868541 4.676536679634755 1.291170593526955 0.12300193077245092
1.6158294407245795 4.685676312299425 1.325280166994021 0.07954741650298935
1.7069251753952386 4.68414387149703 1.344811416994021 0.04571829916765979
1.7407542927305684 4.70367512149703 1.2662006527245595 0.07250113690418719
1.7745834100658981 4.72320637149703 1.202168211922164 0.08965857770658275
1.8511008212694915 4.731299327628767 1.202168211922164 0.08965857770658275
1.9208524090060186 4.735486033760502 1.202168211922164 0.08965857770658275
1.8362420416706893 4.80391048883236 0.9371792721796476 0.1892578847844288
1.8953215559401506 4.810956768431161 0.9371792721796476 0.1892578847844288
1.950494820209612 4.82476887149703 0.9371792721796476 0.1892578847844288
1.8231961590060186 4.904631620437151 0.6537057589700653 0.30524841226347255
1.9299168936766782 4.876035885766491 0.7625198467065928 0.24177688372454953
1.887994820209612 4.933022046970084 0.6334082885688676 0.29352966226347255
1.996528451814403 4.932536282700623 0.7450819497724609 0.24073020719161548
2.044935892616799 4.942442135766491 0.7450819497724609 0.24073020719161548
2.0894370834191944 4.959113812299425 0.7450819497724609 0.24073020719161548
2.13393827422159 4.97578548883236 0.7450819497724609 0.24073020719161548
2.1716736415569198 4.988550915365293 0.7450819497724609 0.24073020719161548
2.2200810823593153 4.998456768431161 0.7450819497724609 0.24073020719161548
2.264582273161711 5.015128444964096 0.7450819497724609 0.24073020719161548
2.3090834639641065 5.03180012149703 0.7450819497724609 0.24073020719161548
2.357490904766502 5.041705974562898 0.7450819497724609 0.24073020719161548
2.4019920955688976 5.058377651095832 0.7450819497724609 0.24073020719161548
2.446493286371293 5.075049327628767 0.7450819497724609 0.24073020719161548
000
000
000
000
000
000
000
000
000
000
000
000
000
000
000
000
000
