000
000
000
000
000
000
000
000
000
000
000
000
000
000
000
000
000
000
000
000
000
000
000
000
000
000
000
000
000
000
000
000
000
000
000
000
000
000
000
000
000
000
000
000
000
000
000
000
000
000
000
000
000
000
000
000
000
000
000
000
000
000
000
000
000
000
000
000
000
000
000
000
000
000
000
000
000
000
000
000
000
000
000
000
000
000
000
000
000
000
000
000
000
000
000
000
000
000
000
000
000
000
000
000
000
000
000
000
000
000
000
000
000
000
000
000
000
000
000
000
000
000
000
000
000
000
000
000
000
000
000
000
000
000
000
000
000
000
000
000
000
000
000
000
000
000
000
000
000
000
000
000
000
000
000
000
000
000
-1.2849858181676697 0.8819107240718669 0.026016617335329638 0.03306289693413185
-1.2821262447006037 0.8925827975389329 0.026016617335329638 0.03306289693413185
-1.2743137447006037 0.8790511506048011 0.02315704386826371 0.022390823467065925
-1.2597354212335379 0.8694257536706691 0.02315704386826371 0.022390823467065925
-1.2558291712335379 0.8626599302036033 0.01639122040119778 0.018484573467065925
-1.2480166712335379 0.8491282832694713 0.006765823467065927 0.0039062499999999996
-1.2519229212335379 0.8558941067365373 0.006765823467065927 0.0039062499999999996
-1.2508762447006037 0.8384562098024055 0.0 0.0
000
000
000
000
000
000
000
000
000
000
000
-1.2196262447006037 0.784329622065878 0.0 0.0
-1.2196262447006037 0.784329622065878 0.0 0.0
-1.2196262447006037 0.784329622065878 0.0 0.0
-1.2032350242994059 0.802814195532944 0.01639122040119778 0.018484573467065925
-1.2060945977664719 0.792142122065878 0.006765823467065927 0.0039062499999999996
-1.1993287742994059 0.796048372065878 0.009625396934131855 0.014578323467065927
-1.1954225242994059 0.7892825485988122 0.009625396934131855 0.014578323467065927
-1.18865670083234 0.7931887985988122 0.01639122040119778 0.018484573467065925
-1.18865670083234 0.7931887985988122 0.01639122040119778 0.018484573467065925
-1.19256295083234 0.799954622065878 0.01639122040119778 0.018484573467065925
-1.1694059069640763 0.822345445532944 0.03850158773652742 0.058313293868263706
-1.1811246569640763 0.8426429159341418 0.052033234670659276 0.0661257938682637
-1.1889371569640763 0.8561745628682735 0.045267411203593344 0.0622195438682637
-1.1821713334970103 0.8600808128682735 0.045267411203593344 0.0622195438682637
-1.213140877365274 0.8512216363353395 0.01639122040119778 0.018484573467065925
-1.2305787742994059 0.8501749598024055 0.0 0.0
-1.2305787742994059 0.8501749598024055 0.0 0.0
-1.240484627365274 0.8985824006048011 -0.25781249999999994 0.4465443488263512
-1.2725008477664719 0.9071611210059989 -0.034109573467065925 0.043454514269461494
-1.2764070977664719 0.9139269444730647 -0.034109573467065925 0.043454514269461494
-1.2948916712335379 0.9303181648742624 -0.28668869080239556 0.4028093784251534
-1.3105166712335379 0.9573814587425262 -0.28668869080239556 0.4028093784251534
000
000
000
000
000
000
000
000
-1.4529545681676697 1.1728411331557018 -0.2723908234670659 0.4561697457604831
-1.4685795681676697 1.1999044270239656 -0.2723908234670659 0.4561697457604831
-1.4532350242994059 1.2358268974251634 -0.24246795613173625 0.48246681922754897
-1.440750053898208 1.2610772943592952 -0.23284255919760438 0.4970451426946149
-1.456375053898208 1.288140588227559 -0.23284255919760438 0.4970451426946149
-1.472000053898208 1.3152038820958225 -0.23284255919760438 0.4970451426946149
-1.4847654804311423 1.3529392494311523 -0.23284255919760438 0.4970451426946149
-1.5003904804311423 1.3800025432994159 -0.23284255919760438 0.4970451426946149
-1.5092496569640763 1.4109720871676796 -0.23284255919760438 0.4970451426946149
-1.4988580396287465 1.4710982779700752 -0.17871597146107696 0.5282951426946149
-1.5077172161616805 1.502067821838339 -0.17871597146107696 0.5282951426946149
-1.5204826426946147 1.5398031891736685 -0.17871597146107696 0.5282951426946149
-1.5293418192275487 1.5707727330419323 -0.17871597146107696 0.5282951426946149
-1.5382009957604827 1.6017422769101959 -0.17871597146107696 0.5282951426946149
-1.5189502018922192 1.6308989238443279 -0.14774642759281326 0.537154319227549
-1.5278093784251532 1.6618684677125914 -0.14774642759281326 0.537154319227549
-1.496354070287428 1.7792612758503168 -0.06083739905389027 0.6053734661616809
-1.498447423353296 1.8141370697185804 -0.06083739905389027 0.6053734661616809
-1.5005407764191643 1.8490128635868444 -0.06083739905389027 0.6053734661616809
-1.552088246820362 1.8914207013233715 0.15533348361078003 0.15282951426946148
-1.562760320287428 1.8942802747904377 0.13998893974251633 0.1169070438682637
-1.555994496820362 1.8981865247904377 0.13998893974251633 0.1169070438682637
-1.5830577906886258 1.8825615247904377 0.08690902853892299 0.06821914693413185
-1.5762919672215598 1.8864677747904377 0.08690902853892299 0.06821914693413185
-1.5695261437544938 1.8903740247904377 0.08690902853892299 0.06821914693413185
-1.562760320287428 1.8942802747904377 0.08690902853892299 0.06821914693413185
-1.555994496820362 1.8981865247904377 0.08690902853892299 0.06821914693413185
-1.6470902314910214 1.8997189655928333 -0.010672073467065927 0.002859573467065928
-1.6609023345568894 1.9548922298622946 -0.22656249999999997 0.3924177610898238
-1.6765273345568894 1.9819555237305582 -0.22656249999999997 0.3924177610898238
-1.6882460845568894 2.002252994131756 -0.22656249999999997 0.3924177610898238
-1.7038710845568894 2.02931628800002 -0.22656249999999997 0.3924177610898238
-1.687760320287428 2.110786625736547 -0.17662261839520882 0.4934193488263512
-1.696619496820362 2.141756169604811 -0.17662261839520882 0.4934193488263512
-1.705478673353296 2.1727257134730746 -0.17662261839520882 0.4934193488263512
-1.721103673353296 2.199789007341338 -0.17662261839520882 0.4934193488263512
-1.7271032764191643 2.241430624676668 -0.16309097146107696 0.5012318488263512
-1.789322820287428 2.2866980358802613 -0.20654548573053844 0.4671222753592853
-1.804947820287428 2.313761329748525 -0.20654548573053844 0.4671222753592853
-1.8091345264191643 2.3835129174850525 -0.16985679492814287 0.4973255988263512
-1.8179937029520983 2.414482461353316 -0.16985679492814287 0.4973255988263512
-1.791210865215571 2.493093225622778 -0.0993389867904177 0.5470601722934171
-1.800070041748505 2.5240627694910414 -0.0993389867904177 0.5470601722934171
-1.8021633948143732 2.558938563359305 -0.0993389867904177 0.5470601722934171
-1.8110225713473072 2.589908107227569 -0.0993389867904177 0.5470601722934171
-1.8131159244131754 2.6247839010958325 -0.0993389867904177 0.5470601722934171
-1.8219751009461094 2.655753444964096 -0.0993389867904177 0.5470601722934171
-1.8279747040119776 2.697395062299426 -0.0993389867904177 0.5470601722934171
-1.7517377489401205 2.7684737827006236 0.012820438682637159 0.6027943488263512
-1.7527844254730547 2.7859116796347556 0.003195041748505323 0.5882160253592853
-1.7499248520059887 2.7965837531018214 -0.010336605185626568 0.5804035253592853
-1.7509715285389227 2.8140216500359534 -0.017102428652692486 0.5764972753592853
-1.738486558137725 2.839272046970085 -0.010336605185626568 0.5804035253592853
-1.7320011908023953 2.9061640612395467 0.02063293868263713 0.5892627018922193
-1.7283753969341316 2.9623840020419423 0.04093040908383491 0.6009814518922193
-1.714077529598802 3.0157443693772716 0.09219742335329642 0.6215593784251534
-1.6930138387964064 3.0730109867126014 0.12316696722156009 0.6304185549580875
-1.6815755449281427 3.115699280580865 0.13669861415569198 0.6382310549580875
-1.6769030745269449 3.154481324449129 0.12993279068862604 0.6343248049580875
-1.6004608113173626 3.3970794407245792 0.17157440802395565 0.6403244080239556
-1.586162943982033 3.450439808059909 0.19291855495808755 0.6346052610898237
-1.5747246501137693 3.4931281019281726 0.19291855495808755 0.6346052610898237
-1.539082635844308 3.5407693223293704 0.012670142694614972 1.0718046691137795
-1.5393630919760442 3.6037550865988317 0.012670142694614972 1.0718046691137795
-1.5076273277065826 3.6581621304670957 0.27410843656287864 0.6814802610898237
-1.489423210371253 3.7047566743353593 0.27410843656287864 0.6814802610898237
-1.4740786665029892 3.740679144736557 0.27410843656287864 0.6814802610898237
-1.3903096675628683 3.8612119824730846 0.20525322937126317 1.128865978311384
-1.3635268298263408 3.939822746742546 0.22555069977246095 1.140584728311384
-1.3502756390239452 4.010621011012007 0.22555069977246095 1.140584728311384
-1.3302586247544839 4.085325525281469 0.24689484670659284 1.134865581377252
-1.3131011839520883 4.149357966083865 0.24689484670659284 1.134865581377252
-1.2959437431496927 4.21339040688626 0.25080109670659284 1.1280997579101861
-1.2748800523472972 4.270657024221589 0.2682389936407246 1.1291464344431201
-1.2296126411437038 4.332876568089853 0.3031147875089884 1.1312397875089883
-1.1853919064730445 4.412534008892249 0.35542847831138397 1.1343798171077906
-1.1518432452694511 4.49505102316171 0.38353844871258175 1.1325669201736586
-1.1279199809999896 4.562989713964106 0.38353844871258175 1.1325669201736586
-1.1039967167305282 4.630928404766501 0.38353844871258175 1.1325669201736586
-1.041291408592803 4.694194625167699 0.4571962864491091 1.129987802838329
-1.0173681443233416 4.762133315970095 0.4571962864491091 1.129987802838329
-0.8945366453832206 4.8150079190359625 0.8196361680539002 0.6897235132095821
-0.8375504841796273 4.856929992503029 0.8196361680539002 0.6897235132095821
-0.7147189852395066 4.909804595568897 0.7809842843293506 1.1004205396287468
-0.6626857505688473 4.975930389437161 0.7809842843293506 1.1004205396287468
-0.5708237954969904 5.019945815970095 0.8439700485988122 1.100700995760483
-0.518790560826331 5.086071609838359 0.8439700485988122 1.100700995760483
-0.47352314962273767 5.148291153706622 0.8439700485988122 1.100700995760483
-0.347832077215551 5.211837830239556 0.9788007536706691 1.0702923641556918
-0.28512676907782586 5.2751040506407545 0.9788007536706691 1.0702923641556918
-0.2224214609401005 5.338370271041952 0.9788007536706691 1.0702923641556918
-0.1703882262694414 5.404496064910216 0.9788007536706691 1.0702923641556918
-0.1386524619999796 5.45890310877848 0.9499245628682735 1.026557393754494
-0.05355633039518848 5.499012285311413 1.17676751900001 0.5711538683952088
0.024773977742536424 5.535215211844347 1.17676751900001 0.5711538683952088
0.15855800628145955 5.522244477173689 1.3090191067365373 0.4670873990538902
0.2407945644191849 5.551681580239556 1.3090191067365373 0.4670873990538902
0.316265299089844 5.577212433305425 1.3090191067365373 0.4670873990538902
0.39850185722756937 5.606649536371293 1.3090191067365373 0.4670873990538902
0.672835737772481 5.584614317029974 1.6401338403473174 0.315454857305385
0.7764164428443383 5.60833227316171 1.6401338403473174 0.315454857305385
0.9703266621856566 5.5849699211557216 1.8150737219521085 0.19995009409580267
1.1147827641916455 5.569139613017996 1.8783399423533063 0.13724478595807754
1.2282693223293708 5.544450128347337 1.8911053688862403 0.09950941862274787
1.3766316743353597 5.5218539967425455 1.968949912754504 0.027178713550890854
000
000
000
000
000
000
000
000
000
000
000
000
000
000
000
000
000
000
2.728769827059919 5.445507017371282 1.097821286449109 0.020392754239516864
2.798521414796446 5.449693723503019 1.097821286449109 0.020392754239516864
2.8615071790659075 5.449974179634755 1.097821286449109 0.020392754239516864
2.924492943335369 5.450254635766491 1.097821286449109 0.020392754239516864
2.994244531071897 5.454441341898228 1.097821286449109 0.020392754239516864
3.057230295341358 5.454721798029964 1.097821286449109 0.020392754239516864
3.1308881330778853 5.452142680694634 1.097821286449109 0.020392754239516864
3.1938738973473466 5.45242313682637 1.097821286449109 0.020392754239516864
3.256859661616809 5.452703592958107 1.097821286449109 0.020392754239516864
3.326611249353336 5.456890299089843 1.097821286449109 0.020392754239516864
000
000
-6.166165198143734 5.05511141104796 0.039548264269461494 0.04087539693413185
-6.166165198143734 5.05511141104796 0.03278244080239556 0.03696914693413185
-6.166165198143734 5.05511141104796 0.026016617335329638 0.03306289693413185
-6.1690247716107995 5.0444393375808945 0.006765823467065927 0.0039062499999999996
-6.1729310216107995 5.05120516104796 0.009625396934131855 0.014578323467065927
-6.175790595077865 5.0405330875808945 0.0 0.0
-6.1690247716107995 5.0444393375808945 0.006765823467065927 0.0039062499999999996
-6.1690247716107995 5.0444393375808945 0.0 0.0
-6.1690247716107995 5.0444393375808945 0.006765823467065927 0.0039062499999999996
-6.1690247716107995 5.0444393375808945 0.006765823467065927 0.0039062499999999996
-6.1690247716107995 5.0444393375808945 0.0 0.0
000
000
000
000
000
000
000
000
000
000
000
000
000
000
000
000
000
000
000
000
000
000
000
000
000
000
000
000
000
000
000
000
000
000
000
000
000
000
000
000
000
000
000
000
000
000
000
000
000
000
000
000
000
000
000
000
000
000
000
000
000
000
000
000
000
000
000
000
000
000
000
000
000
000
000
000
000
000
000
000
000
000
000
000
000
000
000
000
000
000
000
000
000
000
000
000
000
000
000
000
000
000
000
000
000
000
000
000
000
000
000
000
000
000
000
000
000
000
000
000
000
000
000
000
000
000
000
000
000
000
000
000
000
000
000
000
000
000
000
000
000
000
000
000
000
000
000
000
000
000
000
000
000
000
000
000
000
000
-1.2849858181676697 0.8819107240718669 0.026016617335329638 0.03306289693413185
-1.2821262447006037 0.8925827975389329 0.026016617335329638 0.03306289693413185
-1.2743137447006037 0.8790511506048011 0.02315704386826371 0.022390823467065925
-1.2597354212335379 0.8694257536706691 0.02315704386826371 0.022390823467065925
-1.2558291712335379 0.8626599302036033 0.01639122040119778 0.018484573467065925
-1.2480166712335379 0.8491282832694713 0.006765823467065927 0.0039062499999999996
-1.2519229212335379 0.8558941067365373 0.006765823467065927 0.0039062499999999996
-1.2508762447006037 0.8384562098024055 0.0 0.0
000
000
000
000
000
000
000
000
000
000
000
-1.2196262447006037 0.784329622065878 0.0 0.0
-1.2196262447006037 0.784329622065878 0.0 0.0
-1.2196262447006037 0.784329622065878 0.0 0.0
-1.2032350242994059 0.802814195532944 0.01639122040119778 0.018484573467065925
-1.2060945977664719 0.792142122065878 0.006765823467065927 0.0039062499999999996
-1.1993287742994059 0.796048372065878 0.009625396934131855 0.014578323467065927
-1.1954225242994059 0.7892825485988122 0.009625396934131855 0.014578323467065927
-1.18865670083234 0.7931887985988122 0.01639122040119778 0.018484573467065925
-1.18865670083234 0.7931887985988122 0.01639122040119778 0.018484573467065925
-1.19256295083234 0.799954622065878 0.01639122040119778 0.018484573467065925
-1.1694059069640763 0.822345445532944 0.03850158773652742 0.058313293868263706
-1.1811246569640763 0.8426429159341418 0.052033234670659276 0.0661257938682637
-1.1889371569640763 0.8561745628682735 0.045267411203593344 0.0622195438682637
-1.1821713334970103 0.8600808128682735 0.045267411203593344 0.0622195438682637
-1.213140877365274 0.8512216363353395 0.01639122040119778 0.018484573467065925
-1.2305787742994059 0.8501749598024055 0.0 0.0
-1.2305787742994059 0.8501749598024055 0.0 0.0
-1.240484627365274 0.8985824006048011 -0.25781249999999994 0.4465443488263512
-1.2725008477664719 0.9071611210059989 -0.034109573467065925 0.043454514269461494
-1.2764070977664719 0.9139269444730647 -0.034109573467065925 0.043454514269461494
-1.2948916712335379 0.9303181648742624 -0.28668869080239556 0.4028093784251534
-1.3105166712335379 0.9573814587425262 -0.28668869080239556 0.4028093784251534
000
000
000
000
000
000
000
000
-1.4529545681676697 1.1728411331557018 -0.2723908234670659 0.4561697457604831
-1.4685795681676697 1.1999044270239656 -0.2723908234670659 0.4561697457604831
-1.4532350242994059 1.2358268974251634 -0.24246795613173625 0.48246681922754897
-1.440750053898208 1.2610772943592952 -0.23284255919760438 0.4970451426946149
-1.456375053898208 1.288140588227559 -0.23284255919760438 0.4970451426946149
-1.472000053898208 1.3152038820958225 -0.23284255919760438 0.4970451426946149
-1.4847654804311423 1.3529392494311523 -0.23284255919760438 0.4970451426946149
-1.5003904804311423 1.3800025432994159 -0.23284255919760438 0.4970451426946149
-1.5092496569640763 1.4109720871676796 -0.23284255919760438 0.4970451426946149
-1.4988580396287465 1.4710982779700752 -0.17871597146107696 0.5282951426946149
-1.5077172161616805 1.502067821838339 -0.17871597146107696 0.5282951426946149
-1.5204826426946147 1.5398031891736685 -0.17871597146107696 0.5282951426946149
-1.5293418192275487 1.5707727330419323 -0.17871597146107696 0.5282951426946149
-1.5382009957604827 1.6017422769101959 -0.17871597146107696 0.5282951426946149
-1.5189502018922192 1.6308989238443279 -0.14774642759281326 0.537154319227549
-1.5278093784251532 1.6618684677125914 -0.14774642759281326 0.537154319227549
-1.496354070287428 1.7792612758503168 -0.06083739905389027 0.6053734661616809
-1.498447423353296 1.8141370697185804 -0.06083739905389027 0.6053734661616809
-1.5005407764191643 1.8490128635868444 -0.06083739905389027 0.6053734661616809
-1.552088246820362 1.8914207013233715 0.15533348361078003 0.15282951426946148
-1.562760320287428 1.8942802747904377 0.13998893974251633 0.1169070438682637
-1.555994496820362 1.8981865247904377 0.13998893974251633 0.1169070438682637
-1.5830577906886258 1.8825615247904377 0.08690902853892299 0.06821914693413185
-1.5762919672215598 1.8864677747904377 0.08690902853892299 0.06821914693413185
-1.5695261437544938 1.8903740247904377 0.08690902853892299 0.06821914693413185
-1.562760320287428 1.8942802747904377 0.08690902853892299 0.06821914693413185
-1.555994496820362 1.8981865247904377 0.08690902853892299 0.06821914693413185
-1.6470902314910214 1.8997189655928333 -0.010672073467065927 0.002859573467065928
-1.6609023345568894 1.9548922298622946 -0.22656249999999997 0.3924177610898238
-1.6765273345568894 1.9819555237305582 -0.22656249999999997 0.3924177610898238
-1.6882460845568894 2.002252994131756 -0.22656249999999997 0.3924177610898238
-1.7038710845568894 2.02931628800002 -0.22656249999999997 0.3924177610898238
-1.687760320287428 2.110786625736547 -0.17662261839520882 0.4934193488263512
-1.696619496820362 2.141756169604811 -0.17662261839520882 0.4934193488263512
-1.705478673353296 2.1727257134730746 -0.17662261839520882 0.4934193488263512
-1.721103673353296 2.199789007341338 -0.17662261839520882 0.4934193488263512
-1.7271032764191643 2.241430624676668 -0.16309097146107696 0.5012318488263512
-1.789322820287428 2.2866980358802613 -0.20654548573053844 0.4671222753592853
-1.804947820287428 2.313761329748525 -0.20654548573053844 0.4671222753592853
-1.8091345264191643 2.3835129174850525 -0.16985679492814287 0.4973255988263512
-1.8179937029520983 2.414482461353316 -0.16985679492814287 0.4973255988263512
-1.791210865215571 2.493093225622778 -0.0993389867904177 0.5470601722934171
-1.800070041748505 2.5240627694910414 -0.0993389867904177 0.5470601722934171
-1.8021633948143732 2.558938563359305 -0.0993389867904177 0.5470601722934171
-1.8110225713473072 2.589908107227569 -0.0993389867904177 0.5470601722934171
-1.8131159244131754 2.6247839010958325 -0.0993389867904177 0.5470601722934171
-1.8219751009461094 2.655753444964096 -0.0993389867904177 0.5470601722934171
-1.8279747040119776 2.697395062299426 -0.0993389867904177 0.5470601722934171
-1.7517377489401205 2.7684737827006236 0.012820438682637159 0.6027943488263512
-1.7527844254730547 2.7859116796347556 0.003195041748505323 0.5882160253592853
-1.7499248520059887 2.7965837531018214 -0.010336605185626568 0.5804035253592853
-1.7509715285389227 2.8140216500359534 -0.017102428652692486 0.5764972753592853
-1.738486558137725 2.839272046970085 -0.010336605185626568 0.5804035253592853
-1.7320011908023953 2.9061640612395467 0.02063293868263713 0.5892627018922193
-1.7283753969341316 2.9623840020419423 0.04093040908383491 0.6009814518922193
-1.714077529598802 3.0157443693772716 0.09219742335329642 0.6215593784251534
-1.6930138387964064 3.0730109867126014 0.12316696722156009 0.6304185549580875
-1.6815755449281427 3.115699280580865 0.13669861415569198 0.6382310549580875
-1.6769030745269449 3.154481324449129 0.12993279068862604 0.6343248049580875
-1.6004608113173626 3.3970794407245792 0.17157440802395565 0.6403244080239556
-1.586162943982033 3.450439808059909 0.19291855495808755 0.6346052610898237
-1.5747246501137693 3.4931281019281726 0.19291855495808755 0.6346052610898237
-1.539082635844308 3.5407693223293704 0.012670142694614972 1.0718046691137795
-1.5393630919760442 3.6037550865988317 0.012670142694614972 1.0718046691137795
-1.5076273277065826 3.6581621304670957 0.27410843656287864 0.6814802610898237
-1.489423210371253 3.7047566743353593 0.27410843656287864 0.6814802610898237
-1.4740786665029892 3.740679144736557 0.27410843656287864 0.6814802610898237
-1.3903096675628683 3.8612119824730846 0.20525322937126317 1.128865978311384
-1.3635268298263408 3.939822746742546 0.22555069977246095 1.140584728311384
-1.3502756390239452 4.010621011012007 0.22555069977246095 1.140584728311384
-1.3302586247544839 4.085325525281469 0.24689484670659284 1.134865581377252
-1.3131011839520883 4.149357966083865 0.24689484670659284 1.134865581377252
-1.2959437431496927 4.21339040688626 0.25080109670659284 1.1280997579101861
-1.2748800523472972 4.270657024221589 0.2682389936407246 1.1291464344431201
-1.2296126411437038 4.332876568089853 0.3031147875089884 1.1312397875089883
-1.1853919064730445 4.412534008892249 0.35542847831138397 1.1343798171077906
-1.1518432452694511 4.49505102316171 0.38353844871258175 1.1325669201736586
-1.1279199809999896 4.562989713964106 0.38353844871258175 1.1325669201736586
-1.1039967167305282 4.630928404766501 0.38353844871258175 1.1325669201736586
-1.041291408592803 4.694194625167699 0.4571962864491091 1.129987802838329
-1.0173681443233416 4.762133315970095 0.4571962864491091 1.129987802838329
-0.8945366453832206 4.8150079190359625 0.8196361680539002 0.6897235132095821
-0.8375504841796273 4.856929992503029 0.8196361680539002 0.6897235132095821
-0.7147189852395066 4.909804595568897 0.7809842843293506 1.1004205396287468
-0.6626857505688473 4.975930389437161 0.7809842843293506 1.1004205396287468
-0.5708237954969904 5.019945815970095 0.8439700485988122 1.100700995760483
-0.518790560826331 5.086071609838359 0.8439700485988122 1.100700995760483
-0.47352314962273767 5.148291153706622 0.8439700485988122 1.100700995760483
-0.347832077215551 5.211837830239556 0.9788007536706691 1.0702923641556918
-0.28512676907782586 5.2751040506407545 0.9788007536706691 1.0702923641556918
-0.2224214609401005 5.338370271041952 0.9788007536706691 1.0702923641556918
-0.1703882262694414 5.404496064910216 0.9788007536706691 1.0702923641556918
-0.1386524619999796 5.45890310877848 0.9499245628682735 1.026557393754494
-0.05355633039518848 5.499012285311413 1.17676751900001 0.5711538683952088
0.024773977742536424 5.535215211844347 1.17676751900001 0.5711538683952088
0.15855800628145955 5.522244477173689 1.3090191067365373 0.4670873990538902
0.2407945644191849 5.551681580239556 1.3090191067365373 0.4670873990538902
0.316265299089844 5.577212433305425 1.3090191067365373 0.4670873990538902
0.39850185722756937 5.606649536371293 1.3090191067365373 0.4670873990538902
0.672835737772481 5.584614317029974 1.6401338403473174 0.315454857305385
0.7764164428443383 5.60833227316171 1.6401338403473174 0.315454857305385
0.9703266621856566 5.5849699211557216 1.8150737219521085 0.19995009409580267
1.1147827641916455 5.569139613017996 1.8783399423533063 0.13724478595807754
1.2282693223293708 5.544450128347337 1.8911053688862403 0.09950941862274787
1.3766316743353597 5.5218539967425455 1.968949912754504 0.027178713550890854
000
000
000
000
000
000
000
000
000
000
000
000
000
000
000
000
000
000
2.728769827059919 5.445507017371282 1.097821286449109 0.020392754239516864
2.798521414796446 5.449693723503019 1.097821286449109 0.020392754239516864
2.8615071790659075 5.449974179634755 1.097821286449109 0.020392754239516864
2.924492943335369 5.450254635766491 1.097821286449109 0.020392754239516864
2.994244531071897 5.454441341898228 1.097821286449109 0.020392754239516864
3.057230295341358 5.454721798029964 1.097821286449109 0.020392754239516864
3.1308881330778853 5.452142680694634 1.097821286449109 0.020392754239516864
3.1938738973473466 5.45242313682637 1.097821286449109 0.020392754239516864
3.256859661616809 5.452703592958107 1.097821286449109 0.020392754239516864
3.326611249353336 5.456890299089843 1.097821286449109 0.020392754239516864
000
000
000
000
000
000
000
000
000
000
000
000
000
