65   28  207  253  218    8  234  255  251  255  140    0  140    0
65   28  209  253  218    8  239  255  252  255  140    0  140    0
65   28  211  253  219    8  246  255  254  255  140    0  140    0
65   28  210  253  219    8  245  255  254  255  140    0  140    0
65   28  208  253  218    8  243  255  253  255  140    0  140    0
65   28  206  253  217    8  240  255  252  255  140    0  140    0
65   28  204  253  217    8  238  255  252  255  140    0  140    0
65   28  206  253  218    8  245  255  254  255  140    0  140    0
65   28  211  253  219    8  254  255    0    0  140    0  140    0
65   28  209  253  218    8  252  255  255  255  140    0  140    0
65   28  209  253  218    8  253  255    0    0  140    0  140    0
65   28  210  253  218    8  255  255    0    0  140    0  140    0
65   28  209  253  218    8  253  255    0    0  140    0  140    0
65   28  207  253  218    8  250  255  255  255  140    0  140    0
65   28  206  253  217    8  247  255  254  255  140    0  140    0
65   28  206  253  217    8  250  255  255  255  140    0  140    0
65   28  207  253  217    8  252  255  255  255  140    0  140    0
65   28  206  253  217    8  250  255  255  255  140    0  140    0
65   28  205  253  217    8  249  255  255  255  140    0  140    0
65   28  207  253  217    8  254  255    0    0  140    0  140    0
65   28  209  253  218    8    2    0    0    0  140    0  140    0
65   28  211  253  218    8    5    0    1    0  140    0  140    0
65   28  213  253  219    8    8    0    2    0  140    0  140    0
65   28  216  253  220    8   12    0    3    0  140    0  140    0
65   28  215  253  219    8   10    0    2    0  140    0  140    0
65   28  218  253  220    8   14    0    3    0  140    0  140    0
65   28  219  253  220    8   14    0    3    0  140    0  140    0
65   28  220  253  220    8   14    0    3    0  140    0  140    0
65   28  218  253  220    8    9    0    2    0  140    0  140    0
65   28  216  253  219    8    4    0    1    0  140    0  140    0
65   28  216  253  220    8    4    0    1    0  140    0  140    0
65   28  218  253  220    8    6    0    1    0  140    0  140    0
65   28  220  253  220    8    9    0    2    0  140    0  140    0
65   28  222  253  221    8   13    0    3    0  140    0  140    0
65   28  225  253  222    8   16    0    4    0  140    0  140    0
65   28  229  253  222    8   22    0    5    0  140    0  140    0
65   28  234  253  224    8   29    0    7    0  140    0  140    0
65   28  236  253  224    8   29    0    6    0  140    0  140    0
65   28  240  253  225    8   34    0    8    0  140    0  140    0
65   28  243  253  226    8   36    0    8    0  140    0  140    0
65   28  248  253  227    8   42    0    9    0  140    0  140    0
65   28  253  253  228    8   47    0   10    0  140    0  140    0
65   28    1  254  229    8   48    0   10    0  140    0  140    0
65   28    4  254  230    8   49    0   10    0  140    0  140    0
65   28   10  254  231    8   53    0   11    0  140    0  140    0
65   28   12  254  232    8   52    0   11    0  140    0  140    0
65   28   16  254  232    8   54    0   11    0  140    0  140    0
65   28   13  254  232    8   42    0    9    0  140    0  140    0
65   28   13  254  232    8   37    0    8    0  140    0  140    0
65   28   10  254  231    8   27    0    6    0  140    0  140    0
65   28    9  254  231    8   21    0    4    0  140    0  140    0
65   28  253  253  228    8  254  255    0    0  140    0  140    0
65   28  236  253  224    8  220  255  248  255  140    0  140    0
65   28  223  253  222    8  200  255  243  255  140    0  140    0
65   28  224  253  222    8  209  255  245  255  140    0  140    0
65   28  230  253  223    8  225  255  249  255  140    0  140    0
65   28  225  253  222    8  219  255  247  255  140    0  140    0
65   28  222  253  221    8  218  255  247  255  140    0  140    0
65   28  224  253  222    8  226  255  249  255  140    0  140    0
65   28  218  253  220    8  218  255  247  255  140    0  140    0
65   28  213  253  219    8  214  255  246  255  140    0  140    0
65   28  210  253  218    8  212  255  246  255  140    0  140    0
65   28  204  253  217    8  206  255  244  255  140    0  140    0
65   28  204  253  217    8  211  255  245  255  140    0  140    0
65   28  203  253  216    8  215  255  246  255  140    0  140    0
65   28  202  253  216    8  217  255  247  255  140    0  140    0
65   28  206  253  217    8  230  255  250  255  140    0  140    0
65   28  208  253  218    8  237  255  252  255  140    0  140    0
65   28  205  253  217    8  233  255  251  255  140    0  140    0
65   28  203  253  216    8  232  255  250  255  140    0  140    0
65   28  201  253  216    8  231  255  250  255  140    0  140    0
65   28  199  253  215    8  229  255  250  255  140    0  140    0
65   28  199  253  215    8  234  255  251  255  140    0  140    0
65   28  201  253  216    8  240  255  252  255  140    0  140    0
65   28  206  253  217    8  251  255  255  255  140    0  140    0
65   28  210  253  218    8    2    0    0    0  140    0  140    0
65   28  214  253  219    8    9    0    2    0  140    0  140    0
65   28  218  253  220    8   16    0    4    0  140    0  140    0
65   28  218  253  220    8   15    0    3    0  140    0  140    0
65   28  221  253  221    8   18    0    4    0  140    0  140    0
65   28  220  253  220    8   14    0    3    0  140    0  140    0
65   28  213  253  219    8    0    0    0    0  140    0  140    0
65   28  210  253  218    8  250  255  255  255  140    0  140    0
65   28  210  253  218    8  251  255  255  255  140    0  140    0
65   28  208  253  217    8  248  255  254  255  140    0  140    0
65   28  202  253  216    8  238  255  252  255  140    0  140    0
65   28  196  253  215    8  229  255  250  255  140    0  140    0
65   28  192  253  214    8  224  255  248  255  140    0  140    0
65   28  190  253  213    8  224  255  248  255  140    0  140    0
65   28  192  253  214    8  232  255  250  255  140    0  140    0
65   28  193  253  214    8  235  255  251  255  140    0  140    0
65   28  191  253  213    8  235  255  251  255  140    0  140    0
65   28  190  253  213    8  235  255  251  255  140    0  140    0
65   28  183  253  211    8  224  255  248  255  140    0  140    0
65   28  186  253  212    8  234  255  251  255  140    0  140    0
65   28  193  253  214    8  249  255  255  255  140    0  140    0
65   28  200  253  215    8    7    0    1    0  140    0  140    0
65   28  213  253  219    8   31    0    7    0  140    0  140    0
65   28  230  253  223    8   60    0   14    0  140    0  140    0
65   28  244  253  227    8   80    0   18    0  140    0  140    0
65   28    4  254  230    8  101    0   22    0  140    0  140    0
65   28   19  254  234    8  119    0   25    0  140    0  140    0
65   28   27  254  236    8  120    0   25    0  140    0  140    0
65   28   31  254  236    8  113    0   24    0  140    0  140    0
65   28   28  254  236    8   94    0   20    0  140    0  140    0
65   28   33  254  237    8   94    0   20    0  140    0  140    0
65   28   17  254  233    8   52    0   11    0  140    0  140    0
65   28    3  254  230    8   22    0    5    0  140    0  140    0
65   28  248  253  228    8  255  255    0    0  140    0  140    0
65   28  244  253  227    8  248  255  255  255  140    0  140    0
65   28  247  253  227    8  254  255    0    0  140    0  140    0
65   28  245  253  227    8  251  255  255  255  140    0  140    0
65   28  250  253  228    8    4    0    1    0  140    0  140    0
65   28  254  253  229    8   11    0    2    0  140    0  140    0
65   28    2  254  230    8   16    0    3    0  140    0  140    0
65   28    7  254  231    8   25    0    5    0  140    0  140    0
65   28   12  254  232    8   32    0    7    0  140    0  140    0
65   28   13  254  232    8   30    0    6    0  140    0  140    0
65   28   22  254  234    8   42    0    9    0  140    0  140    0
65   28   28  254  235    8   50    0   10    0  140    0  140    0
65   28   30  254  236    8   47    0   10    0  140    0  140    0
65   28   32  254  236    8   47    0    9    0  140    0  140    0
65   28   30  254  236    8   36    0    7    0  140    0  140    0
65   28   29  254  236    8   31    0    6    0  140    0  140    0
65   28   23  254  234    8   15    0    3    0  140    0  140    0
65   28   15  254  232    8  255  255    0    0  140    0  140    0
65   28   12  254  232    8  249  255  255  255  140    0  140    0
65   28    6  254  231    8  240  255  253  255  140    0  140    0
65   28  254  253  229    8  226  255  250  255  140    0  140    0
65   28  254  253  229    8  229  255  250  255  140    0  140    0
65   28  254  253  229    8  233  255  251  255  140    0  140    0
65   28  248  253  227    8  223  255  249  255  140    0  140    0
65   28  242  253  226    8  216  255  247  255  140    0  140    0
65   28  246  253  227    8  227  255  250  255  140    0  140    0
65   28  244  253  226    8  228  255  250  255  140    0  140    0
65   28  241  253  226    8  224  255  249  255  140    0  140    0
65   28  236  253  224    8  219  255  248  255  140    0  140    0
65   28  225  253  222    8  202  255  244  255  140    0  140    0
65   28  221  253  221    8  201  255  243  255  140    0  140    0
65   28  215  253  220    8  197  255  242  255  140    0  140    0
65   28  215  253  219    8  203  255  244  255  140    0  140    0
65   28  212  253  219    8  203  255  244  255  140    0  140    0
65   28  213  253  219    8  211  255  245  255  140    0  140    0
65   28  215  253  219    8  220  255  248  255  140    0  140    0
65   28  211  253  218    8  217  255  247  255  140    0  140    0
65   28  206  253  217    8  211  255  245  255  140    0  140    0
65   28  210  253  218    8  225  255  249  255  140    0  140    0
65   28  215  253  219    8  238  255  252  255  140    0  140    0
65   28  216  253  220    8  241  255  253  255  140    0  140    0
65   28  217  253  220    8  245  255  254  255  140    0  140    0
65   28  215  253  219    8  244  255  253  255  140    0  140    0
65   28  215  253  219    8  244  255  254  255  140    0  140    0
65   28  222  253  221    8    2    0    0    0  140    0  140    0
65   28  229  253  223    8   15    0    3    0  140    0  140    0
65   28  240  253  226    8   35    0    8    0  140    0  140    0
65   28  254  253  231    8   58    0   13    0  140    0  140    0
65   28    5  254  232    8   66    0   14    0  140    0  140    0
65   28    9  254  233    8   65    0   14    0  140    0  140    0
65   28   13  254  234    8   65    0   14    0  140    0  140    0
65   28   17  254  235    8   66    0   14    0  140    0  140    0
65   28   16  254  234    8   56    0   12    0  140    0  140    0
65   28   13  254  233    8   43    0    9    0  140    0  140    0
65   28    3  254  231    8   19    0    4    0  140    0  140    0
65   28  246  253  228    8  249  255  255  255  140    0  140    0
65   28  234  253  226    8  227  255  250  255  140    0  140    0
65   28  228  253  224    8  218  255  247  255  140    0  140    0
65   28  219  253  222    8  206  255  244  255  140    0  140    0
65   28  214  253  221    8  201  255  243  255  140    0  140    0
65   28  211  253  220    8  202  255  243  255  140    0  140    0
65   28  212  253  220    8  211  255  245  255  140    0  140    0
65   28  210  253  219    8  212  255  245  255  140    0  140    0
65   28  205  253  218    8  208  255  244  255  140    0  140    0
65   28  197  253  216    8  198  255  242  255  140    0  140    0
65   28  193  253  215    8  196  255  241  255  140    0  140    0
65   28  193  253  215    8  203  255  243  255  140    0  140    0
65   28  188  253  214    8  200  255  242  255  140    0  140    0
65   28  186  253  213    8  204  255  243  255  140    0  140    0
65   28  185  253  213    8  207  255  244  255  140    0  140    0
65   28  190  253  214    8  223  255  248  255  140    0  140    0
65   28  190  253  214    8  225  255  249  255  140    0  140    0
65   28  191  253  214    8  232  255  250  255  140    0  140    0
65   28  196  253  216    8  244  255  253  255  140    0  140    0
65   28  197  253  216    8  247  255  254  255  140    0  140    0
65   28  199  253  216    8  252  255  255  255  140    0  140    0
65   28  206  253  218    8   10    0    2    0  140    0  140    0
65   28  215  253  220    8   25    0    6    0  140    0  140    0
65   28  222  253  222    8   36    0    8    0  140    0  140    0
65   28  229  253  224    8   45    0   10    0  140    0  140    0
65   28  233  253  224    8   46    0   11    0  140    0  140    0
65   28  228  253  223    8   32    0    7    0  140    0  140    0
65   28  225  253  222    8   23    0    5    0  140    0  140    0
65   28  229  253  223    8   27    0    6    0  140    0  140    0
65   28  236  253  225    8   37    0    8    0  140    0  140    0
65   28  250  253  228    8   60    0   13    0  140    0  140    0
65   28    5  254  231    8   74    0   16    0  140    0  140    0
65   28   20  254  234    8   95    0   20    0  140    0  140    0
65   28   28  254  236    8  100    0   21    0  140    0  140    0
65   28   33  254  237    8   98    0   20    0  140    0  140    0
65   28   32  254  237    8   83    0   17    0  140    0  140    0
65   28   32  254  237    8   75    0   15    0  140    0  140    0
65   28   32  254  236    8   65    0   13    0  140    0  140    0
65   28   28  254  236    8   50    0   10    0  140    0  140    0
65   28   26  254  235    8   40    0    8    0  140    0  140    0
65   28   21  254  234    8   26    0    5    0  140    0  140    0
65   28   13  254  233    8    8    0    2    0  140    0  140    0
65   28    6  254  231    8  251  255  255  255  140    0  140    0
65   28    7  254  231    8  253  255    0    0  140    0  140    0
65   28    5  254  231    8  250  255  255  255  140    0  140    0
65   28    4  254  231    8  249  255  255  255  140    0  140    0
65   28    5  254  231    8  252  255  255  255  140    0  140    0
65   28    4  254  230    8  250  255  255  255  140    0  140    0
65   28    1  254  230    8  244  255  254  255  140    0  140    0
65   28  254  253  229    8  240  255  253  255  140    0  140    0
65   28  250  253  228    8  236  255  252  255  140    0  140    0
65   28  243  253  227    8  224  255  249  255  140    0  140    0
65   28  236  253  225    8  215  255  247  255  140    0  140    0
65   28  227  253  223    8  201  255  243  255  140    0  140    0
65   28  219  253  221    8  193  255  241  255  140    0  140    0
65   28  213  253  219    8  189  255  240  255  140    0  140    0
65   28  212  253  219    8  194  255  241  255  140    0  140    0
65   28  207  253  218    8  191  255  240  255  140    0  140    0
65   28  204  253  217    8  195  255  241  255  140    0  140    0
65   28  203  253  217    8  198  255  242  255  140    0  140    0
65   28  202  253  216    8  203  255  243  255  140    0  140    0
65   28  202  253  216    8  210  255  245  255  140    0  140    0
65   28  195  253  215    8  202  255  243  255  140    0  140    0
65   28  195  253  215    8  208  255  244  255  140    0  140    0
65   28  194  253  214    8  212  255  245  255  140    0  140    0
65   28  193  253  214    8  215  255  246  255  140    0  140    0
65   28  197  253  215    8  226  255  249  255  140    0  140    0
65   28  196  253  215    8  229  255  250  255  140    0  140    0
65   28  197  253  215    8  233  255  251  255  140    0  140    0
65   28  207  253  219    8    0    0    0    0  140    0  140    0
65   28  213  253  221    8   11    0    2    0  140    0  140    0
65   28  219  253  222    8   21    0    5    0  140    0  140    0
65   28  228  253  224    8   35    0    8    0  140    0  140    0
65   28  232  253  225    8   39    0    9    0  140    0  140    0
65   28  239  253  227    8   48    0   11    0  140    0  140    0
65   28  236  253  226    8   37    0    8    0  140    0  140    0
65   28  238  253  227    8   37    0    8    0  140    0  140    0
65   28  240  253  227    8   37    0    8    0  140    0  140    0
65   28  243  253  228    8   38    0    8    0  140    0  140    0
65   28  247  253  228    8   40    0    9    0  140    0  140    0
65   28  250  253  229    8   42    0    9    0  140    0  140    0
65   28  255  253  230    8   47    0   10    0  140    0  140    0
65   28    3  254  231    8   48    0   10    0  140    0  140    0
65   28    4  254  231    8   44    0   10    0  140    0  140    0  234   31  161  249  143    8   39    2  117  254  140    0  140    0
65   28    4  254  231    8   40    0    9    0  140    0  140    0  163   33  206  249  125    8   59    2  129  254  138    0  127    0
65   28    3  254  231    8   33    0    7    0  140    0  140    0  152   35  233  249   97    8   45    2  118  254  138    0  128    0
65   28  254  253  229    8   19    0    4    0  140    0  140    0  128   34  255  249   65    8   24    2  103  254  138    0  129    0
65   28  244  253  227    8  255  255    0    0  140    0  140    0  234   34   31  250   41    8   24    2  103  254  138    0  129    0
65   28  239  253  226    8  246  255  254  255  140    0  140    0  240   33   63  250   16    8   24    2  103  254  138    0  129    0
65   28  241  253  227    8  251  255  255  255  140    0  140    0  201   32   96  250  248    7   24    2  103  254  138    0  129    0
65   28  237  253  226    8  244  255  254  255  140    0  140    0   74   32  128  250  223    7   24    2  103  254  138    0  129    0
65   28  238  253  226    8  248  255  254  255  140    0  140    0
65   28  236  253  225    8  245  255  254  255  140    0  140    0
65   28  235  253  225    8  243  255  253  255  140    0  140    0
65   28  231  253  224    8  237  255  252  255  140    0  140    0
65   28  227  253  223    8  232  255  251  255  140    0  140    0
65   28  223  253  222    8  227  255  250  255  140    0  140    0
65   28  223  253  222    8  231  255  250  255  140    0  140    0   26   35  205  250  203    6  175    0  163  253  125    0  123    0
65   28  223  253  222    8  233  255  251  255  140    0  140    0   42   33  215  250  167    6  175    0  163  253  125    0  123    0
65   28  221  253  221    8  232  255  251  255  140    0  140    0
65   28  218  253  221    8  228  255  250  255  140    0  140    0  208   32   36  251  142    6   42    1   17  254  126    0  125    0
65   28  215  253  220    8  227  255  249  255  140    0  140    0  138   32   53  251  112    6   42    1   17  254  126    0  125    0
65   28  214  253  220    8  228  255  250  255  140    0  140    0  228   36  131  251  125    6  153    1   95  254  115    0  116    0
65   28  217  253  220    8  237  255  252  255  140    0  140    0   55   32  150  251   94    6  142    1   82  254  118    0  119    0
65   28  217  253  220    8  240  255  253  255  140    0  140    0  106   34  174  251   68    6  142    1   82  254  118    0  119    0
65   28  217  253  220    8  242  255  253  255  140    0  140    0  117   35  204  251   43    6  152    1   87  254  113    0  119    0
65   28  212  253  219    8  233  255  251  255  140    0  140    0   73   35  233  251   19    6  160    1   91  254  116    0  121    0
65   28  203  253  217    8  219  255  247  255  140    0  140    0   95   35    7  252  247    5  166    1   94  254  107    0  112    0
65   28  198  253  215    8  213  255  246  255  140    0  140    0   96   31   48  252  239    5  205    1  119  254   96    0  103    0
65   28  190  253  213    8  203  255  243  255  140    0  140    0  244   30   79  252  217    5  214    1  121  254  101    0  107    0
65   28  187  253  213    8  204  255  243  255  140    0  140    0  218   35  108  252  194    5  215    1  120  254  105    0  111    0
65   28  184  253  212    8  203  255  243  255  140    0  140    0   75   33  136  252  169    5  214    1  118  254  109    0  114    0
65   28  179  253  211    8  201  255  242  255  140    0  140    0   46   33  164  252  146    5  214    1  118  254  109    0  114    0
65   28  178  253  210    8  204  255  243  255  140    0  140    0  102   35  187  252  119    5  201    1  108  254  112    0  117    0
65   28  180  253  211    8  215  255  246  255  140    0  140    0  206   34  208  252   90    5  185    1   98  254  115    0  119    0
65   28  185  253  212    8  228  255  249  255  140    0  140    0  168   32  224  252   58    5  162    1   85  254  118    0  121    0
65   28  188  253  213    8  239  255  252  255  140    0  140    0  109   32  249  252   32    5  162    1   85  254  118    0  121    0
65   28  190  253  213    8  243  255  253  255  140    0  140    0    8   31   12  253    3    5  150    1   77  254  117    0  117    0
65   28  190  253  213    8  245  255  253  255  140    0  140    0   66   34   37  253  233    4  150    1   77  254  117    0  117    0
65   28  193  253  214    8  253  255    0    0  140    0  140    0  194   33    4  253  166    4   39    1   17  254  107    0  106    0
65   28  198  253  215    8    6    0    1    0  140    0  140    0  176   33   21  253  134    4   36    1    9  254  111    0  110    0
65   28  208  253  218    8   24    0    6    0  140    0  140    0   33   37   38  253  103    4   35    1    8  254  112    0  123    0
