69   29  253  253  231    8   50    0   11    0  140    0  140    0
69   29   12  254  234    8   72    0   16    0  140    0  140    0
69   29   24  254  237    8   86    0   18    0  140    0  140    0
69   29   35  254  239    8   96    0   20    0  140    0  140    0
69   29   30  254  238    8   76    0   16    0  140    0  140    0
69   29   28  254  237    8   65    0   13    0  140    0  140    0
69   29   32  254  238    8   65    0   13    0  140    0  140    0
69   29   36  254  239    8   65    0   13    0  140    0  140    0
69   29    9  254  233    8    6    0    2    0  140    0  140    0
69   29    3  254  232    8  252  255    0    0  140    0  140    0
69   29    7  254  232    8    3    0    0    0  140    0  140    0
69   29    4  254  232    8  254  255    0    0  140    0  140    0
69   29  249  253  229    8  233  255  251  255  140    0  140    0
69   29  240  253  227    8  220  255  248  255  140    0  140    0
69   29  244  253  228    8  231  255  251  255  140    0  140    0
69   29  251  253  229    8  247  255  255  255  140    0  140    0
69   29    3  254  231    8    6    0    1    0  140    0  140    0
69   29   14  254  234    8   26    0    5    0  140    0  140    0
69   29    5  254  231    8    6    0    1    0  140    0  140    0
69   29    3  254  231    8    2    0    0    0  140    0  140    0
69   29   12  254  233    8   18    0    4    0  140    0  140    0
69   29   20  254  235    8   31    0    6    0  140    0  140    0
69   29   27  254  236    8   41    0    8    0  140    0  140    0
69   29   15  254  233    8   15    0    3    0  140    0  140    0
69   29  255  253  230    8  238  255  253  255  140    0  140    0
69   29  248  253  228    8  227  255  250  255  140    0  140    0
69   29  248  253  228    8  230  255  250  255  140    0  140    0
69   29  243  253  227    8  223  255  249  255  140    0  140    0
69   29  227  253  223    8  197  255  243  255  140    0  140    0
69   29  219  253  221    8  187  255  240  255  140    0  140    0
69   29  213  253  220    8  184  255  239  255  140    0  140    0
69   29  201  253  217    8  170  255  235  255  140    0  140    0
69   29  189  253  214    8  156  255  231  255  140    0  140    0
69   29  183  253  212    8  157  255  231  255  140    0  140    0
69   29  183  253  212    8  169  255  234  255  140    0  140    0
69   29  180  253  211    8  173  255  235  255  140    0  140    0
69   29  179  253  211    8  181  255  237  255  140    0  140    0
69   29  181  253  212    8  192  255  240  255  140    0  140    0
69   29  186  253  213    8  210  255  245  255  140    0  140    0
69   29  187  253  213    8  218  255  247  255  140    0  140    0
69   29  194  253  215    8  234  255  251  255  140    0  140    0
69   29  198  253  216    8  244  255  253  255  140    0  140    0
69   29  205  253  218    8    2    0    0    0  140    0  140    0
69   29  205  253  218    8    2    0    0    0  140    0  140    0
69   29  207  253  218    8    5    0    1    0  140    0  140    0
69   29  210  253  219    8   11    0    2    0  140    0  140    0
69   29  214  253  220    8   17    0    4    0  140    0  140    0
69   29  220  253  221    8   27    0    6    0  140    0  140    0
69   29  224  253  222    8   32    0    7    0  140    0  140    0
69   29  228  253  223    8   35    0    8    0  140    0  140    0
69   29  230  253  224    8   34    0    8    0  140    0  140    0
69   29  237  253  225    8   45    0   10    0  140    0  140    0
69   29  240  253  226    8   44    0   10    0  140    0  140    0
69   29  239  253  226    8   38    0    9    0  140    0  140    0
69   29  248  253  228    8   50    0   11    0  140    0  140    0
69   29  236  253  225    8   21    0    5    0  140    0  140    0
69   29  225  253  222    8  255  255    0    0  140    0  140    0
69   29  224  253  222    8  254  255    0    0  140    0  140    0
69   29  231  253  224    8   10    0    2    0  140    0  140    0
69   29  237  253  225    8   21    0    5    0  140    0  140    0
69   29  230  253  223    8    5    0    1    0  140    0  140    0
69   29  219  253  221    8  239  255  252  255  140    0  140    0
69   29  218  253  220    8  239  255  252  255  140    0  140    0
69   29  188  253  215    8  185  255  239  255  140    0  140    0
69   29  168  253  212    8  158  255  231  255  140    0  140    0
69   29  162  253  211    8  158  255  231  255  140    0  140    0
69   29  137  253  204    8  123  255  219  255  140    0  140    0
69   29  139  253  204    8  141  255  224  255  140    0  140    0
69   29  132  253  202    8  141  255  224  255  140    0  140    0
69   29  171  253  213    8  222  255  249  255  140    0  140    0
69   29  165  253  211    8  214  255  245  255  140    0  140    0
69   29  162  253  210    8  214  255  245  255  140    0  140    0
69   29  170  253  214    8  232  255  250  255  140    0  140    0
69   29  183  253  217    8    3    0  198  255  140    0  140    0
69   29  188  253  215    8    9    0  253  255  140    0  140    0
69   29  200  253  218    8   28    0    6    0  140    0  140    0
69   29  208  253  220    8   40    0    9    0  140    0  140    0
69   29  203  253  219    8   25    0   65    0  140    0  140    0
69   29  201  253  224    8   18    0   70    0  140    0  140    0
69   29  185  253  225    8  247  255    4    0  140    0  140    0
69   29  202  253  231    8   25    0  205  255  140    0  140    0
69   29  210  253  229    8   39    0  201  255  140    0  140    0
69   29  220  253  227    8   50    0    5    0  140    0  140    0
69   29  223  253  228    8   50    0    5    0  140    0  140    0
69   29  242  253  234    8   77    0   79    0  140    0  140    0
69   29  244  253  240    8   74    0   82    0  140    0  140    0
69   29  240  253  244    8   57    0   79    0  140    0  140    0
69   29  230  253  247    8   36    0   15    0  140    0  140    0
69   29  232  253  248    8   36    0   15    0  140    0  140    0
69   29  245  253  250    8   59    0  209  255  140    0  140    0
69   29  236  253  244    8   33    0    1    0  140    0  140    0
69   29  232  253  241    8   22    0    4    0  140    0  140    0
69   29  232  253  241    8   19    0    4    0  140    0  140    0
69   29  233  253  241    8   19    0    4    0  140    0  140    0
69   29  206  253  238    8  222  255   54    0  140    0  140    0   57   34  208  250  224    6   14    1   71  254  131    0  133    0
69   29  198  253  240    8  214  255  253  255  140    0  140    0  211   35  212  250  190    6    2    1  245  253  132    0  133    0
69   29  195  253  241    8  218  255  188  255  140    0  140    0   51   35  227  250  158    6    2    1  245  253  132    0  133    0
69   29  182  253  233    8  198  255  176  255  140    0  140    0   65   36  232  250  122    6  254    0  154  253  133    0  133    0
69   29  184  253  229    8  208  255  178  255  140    0  140    0  214   31   10  251   98    6   31    1  174  253  133    0  133    0
69   29  201  253  229    8  242  255  247  255  140    0  140    0  137   35   39  251   72    6   53    1  191  253  133    0  133    0
69   29  207  253  229    8  254  255  255  255  140    0  140    0  231   34   57  251   38    6   53    1  191  253  133    0  133    0
69   29  203  253  228    8  244  255   55    0  140    0  140    0    5   36   91  251   18    6   71    1   25  254  133    0  133    0
69   29  203  253  233    8  246  255   62    0  140    0  140    0   46   35   97  251  233    5   45    1    9  254  133    0  133    0
69   29  208  253  239    8    4    0    7    0  140    0  140    0   90   33  115  251  203    5   45    1    9  254  133    0  133    0
69   29  214  253  242    8   15    0    4    0  140    0  140    0  226   35  155  251  182    5  100    1  158  253  133    0  133    0  166   33  139   13  113   18   24    0  239  255  140    0  140    0
69   29  220  253  242    8   27    0  204  255  140    0  140    0   91   31  188  251  153    5  121    1  164  253  133    0  133    0  175   35  129   13  118   18    4    0  209  255  140    0  140    0
69   29  216  253  237    8   16    0  195  255  140    0  140    0  205   32  223  251  123    5  140    1  177  253  133    0  133    0   25   32  130   13  115   18    4    0  209  255  140    0  140    0
69   29  219  253  233    8   17    0  254  255  140    0  140    0   89   34  247  251   71    5  129    1  168  253  123    0  125    0   24   34   81   13  150   18  201  255   32    0  140    0  140    0
69   29  224  253  234    8   24    0    5    0  140    0  140    0  134   33   14  252   35    5  129    1  168  253  123    0  125    0  153   36   88   13  144   18  216  255   25    0  140    0  140    0
69   29  210  253  230    8  249  255   57    0  140    0  140    0   90   32   58  252   18    5  158    1   11  254  125    0  126    0  202   34   86   13  145   18  216  255   25    0  140    0  140    0
69   29  194  253  231    8  218  255   55    0  140    0  140    0  203   34   87  252  247    4  173    1  212  253  126    0  127    0  188   35   38   13  182   18  165  255  128    0  140    0  140    0
69   29  194  253  236    8  223  255   57    0  140    0  140    0  166   30  113  252  213    4  173    1  212  253  126    0  127    0  143   35   32   13  190   18  165  255  128    0  140    0  140    0
69   29  184  253  238    8  211  255  252  255  140    0  140    0  159   35  201  252  224    4   43    2  220  253  110    0  118    0  123   33   27   13  198   18  165  255  128    0  140    0  140    0
69   29  200  253  243    8  249  255  197  255  140    0  140    0  245   33  234  252  191    4   43    2  220  253  110    0  118    0  249   33   87   13  151   18  233  255  209  255  140    0  140    0
69   29  188  253  235    8  227  255  184  255  140    0  140    0   42   34   14  253  156    4   56    2  140  253  113    0  120    0   31   33   86   13  148   18  233  255  209  255  140    0  140    0
69   29  186  253  231    8  224  255  241  255  140    0  140    0  204   34   48  253  118    4   49    2  197  253  122    0  119    0   83   34   85   13  145   18  233  255  209  255  140    0  140    0
69   29  187  253  230    8  230  255  249  255  140    0  140    0  180   35   84  253   84    4   53    2  205  253  131    0  123    0  147   35   83   13  142   18  233  255  209  255  140    0  140    0
69   29  190  253  230    8  236  255   53    0  140    0  140    0   52   33  125  253   55    4   61    2   18  254  128    0  127    0  158   34   82   13  140   18  233  255  209  255  140    0  140    0
69   29  170  253  230    8  199  255   50    0  140    0  140    0  130   32  160  253   26    4   61    2   18  254  128    0  127    0   81   30   80   13  137   18  233  255  209  255  140    0  140    0
69   29  166  253  233    8  199  255   50    0  140    0  140    0  111   36  199  253    2    4   72    2   24  254  133    0  130    0  253   33   76   13  152   18  243  255   83    0  140    0  140    0
69   29  168  253  236    8  211  255  249  255  140    0  140    0  238   32  232  253  226    3   72    2  211  253  133    0  131    0  196   31   75   13  157   18  243  255   83    0  140    0  140    0
69   29  147  253  231    8  182  255  178  255  140    0  140    0  187   34   23  254  192    3   96    2  145  253  121    0  118    0  131   32  252   12  212   18  134  255   35    0  140    0  140    0
69   29  134  253  223    8  165  255  165  255  140    0  140    0  150   30   60  254  155    3   99    2  133  253  134    0  113    0  208   34  244   12  214   18  134  255   35    0  140    0  140    0
69   29  126  253  216    8  156  255  221  255  140    0  140    0  182   37   99  254  120    3  103    2  192  253  134    0  107    0  246   31  237   12  216   18  134  255   35    0  140    0  140    0
69   29  123  253  214    8  162  255  229  255  140    0  140    0  212   35  135  254   84    3  100    2  191  253  138    0  114    0    7   30  230   12  218   18  134  255   35    0  140    0  140    0
69   29  120  253  212    8  163  255   32    0  140    0  140    0  174   29  174  254   50    3  102    2  246  253  144    0  115    0
69   29  114  253  214    8  163  255   32    0  140    0  140    0  190   31  211  254   19    3  102    2  246  253  144    0  115    0  241   31  216   12  233   18  146  255  147    0  140    0  140    0
69   29  108  253  216    8  163  255   32    0  140    0  140    0  125   33  245  254  242    2   96    2  231  253  143    0  118    0  194   34  179   12    6   19  109  255  173    0  140    0  140    0
69   29  103  253  218    8  163  255   32    0  140    0  140    0   96   33   26  255  209    2   96    2  231  253  143    0  118    0   18   32  170   12   17   19  109  255  173    0  140    0  140    0
69   29   97  253  220    8  163  255   32    0  140    0  140    0  251   34   50  255  170    2   74    2   78  253  147    0  121    0  155   32  182   12    7   19  125  255   39    0  140    0  140    0
69   29   92  253  222    8  163  255   32    0  140    0  140    0  180   35   85  255  128    2   74    2   78  253  147    0  121    0   31   33  174   12   10   19  125  255   39    0  140    0  140    0
69   29   86  253  224    8  163  255   32    0  140    0  140    0  127   32  117  255   98    2   72    2  168  253  138    0  116    0   63   34  166   12   12   19  125  255   39    0  140    0  140    0
69   29   81  253  226    8  163  255   32    0  140    0  140    0  169   34  152  255   62    2   72    2  168  253  138    0  116    0   88   32   69   12   75   19   17  255  151    0  140    0  140    0
69   29   75  253  228    8  163  255   32    0  140    0  140    0   24   31  200  255   34    2   99    2   50  254  145    0  118    0  248   35   55   12   84   19   17  255  151    0  140    0  140    0
69   29   69  253  230    8  163  255   32    0  140    0  140    0   19   34  236  255    6    2   99    2   50  254  145    0  118    0  163   34  224   11  143   19  186  254    8    1  140    0  140    0
69   29   64  253  232    8  163  255   32    0  140    0  140    0  100   32   16    0  234    1   99    2   50  254  145    0  118    0   72   36  204   11  158   19  186  254    8    1  140    0  140    0
69   29   53    0  207    1   99    2   50  254  145    0  118    0   52   34  216   11  151   19  222  254  187    0  140    0  140    0
9   30  199   11  162   19  222  254  187    0  140    0  140    0  169   33   89    0  179    1   99    2   50  254  145    0  118    0
9   30  182   11  173   19  222  254  187    0  140    0  140    0  121   32  126    0  151    1   99    2   50  254  145    0  118    0
9   30  164   11  185   19  222  254  187    0  140    0  140    0  119   31  199    0  142    1  165    2  168  254  144    0  120    0
9   30  147   11  196   19  222  254  187    0  140    0  140    0  247   33  229    0  129    1  131    2  139  254  143    0  122    0
9   30  129   11  207   19  222  254  187    0  140    0  140    0  105   31   12    1  106    1  131    2  139  254  143    0  122    0
7   30   52    1   98    1  146    2  193  254  142    0  124    0
7   30   92    1   79    1  146    2  193  254  142    0  124    0
7   30  131    1   60    1  146    2  193  254  142    0  124    0
7   30  171    1   40    1  146    2  193  254  142    0  124    0
7   30  210    1   21    1  146    2  193  254  142    0  124    0
7   30  250    1    2    1  146    2  193  254  142    0  124    0  151   34   43  253  186    8  200  255  231  255  140    0  140    0
7   30   33    2  239    0  146    2  193  254  142    0  124    0   95   34   36  253  182    8  193  255  235  255  140    0  140    0
7   30   73    2  220    0  146    2  193  254  142    0  124    0  102   36   34  253  181    8  192  255   38    0  140    0  140    0
7   30  112    2  200    0  146    2  193  254  142    0  124    0   41   32   15  253  181    8  161  255   34    0  140    0  140    0
7   30  152    2  181    0  146    2  193  254  142    0  124    0  207   31  253  252  180    8  141  255  224  255  140    0  140    0
7   30  191    2  162    0  146    2  193  254  142    0  124    0  254   32  246  252  178    8  141  255  224  255  140    0  140    0
7   30  237  252  175    8  142  255  153  255  140    0  140    0
7   30  220  252  163    8  122  255  140  255  140    0  140    0
7   30  229  252  162    8  149  255  211  255  140    0  140    0
37   30  241  252  165    8  180  255   33    0  140    0  140    0
37   30  228  252  163    8  163  255   33    0  140    0  140    0
37   30  220  252  166    8  159  255   32    0  140    0  140    0
37   30  206  252  166    8  149  255  224  255  140    0  140    0
37   30  192  252  159    8  138  255  152  255  140    0  140    0
37   30  189  252  153    8  145  255  147  255  140    0  140    0
37   30  183  252  146    8  143  255  205  255  140    0  140    0
