108    0  201  251  222    7  250  255  253  255  140    0  140    0  138   32  150  254   80    4  200  255  238  255  133    0  133    0
108    0  203  251  224    7  255  255    0    0  140    0  140    0  114   35  152  254   80    4  211  255  242  255  133    0  133    0
108    0  204  251  224    7    0    0    0    0  140    0  140    0   32   37  158  254   82    4  227  255  247  255  133    0  133    0
108    0  205  251  225    7    1    0    0    0  140    0  140    0   67   31  165  254   85    4  243  255  252  255  133    0  133    0
108    0  204  251  224    7    0    0    0    0  140    0  140    0  236   36  170  254   86    4  255  255    0    0  133    0  133    0
108    0  208  251  226    7    7    0    4    0  140    0  140    0   58   33  175  254   88    4    7    0    2    0  133    0  133    0
108    0  209  251  227    7    8    0    4    0  140    0  140    0  128   32  180  254   90    4   17    0    5    0  133    0  133    0
108    0  210  251  227    7    9    0    5    0  140    0  140    0  142   34  185  254   91    4   23    0    7    0  133    0  133    0
108    0  210  251  228    7    9    0    4    0  140    0  140    0    2   33  188  254   92    4   27    0    8    0  133    0  133    0
108    0  211  251  228    7    9    0    4    0  140    0  140    0   96   36  191  254   93    4   29    0    8    0  133    0  133    0
108    0  213  251  229    7   11    0    6    0  140    0  140    0  140   31  194  254   94    4   32    0    9    0  133    0  133    0
108    0  214  251  230    7   13    0    7    0  140    0  140    0    3   33  197  254   95    4   34    0    9    0  133    0  133    0
108    0  214  251  230    7   11    0    6    0  140    0  140    0  166   32  200  254   95    4   36    0   10    0  133    0  133    0
108    0  215  251  230    7   12    0    6    0  140    0  140    0  228   30  204  254   97    4   39    0   10    0  133    0  133    0
108    0  214  251  230    7    7    0    4    0  140    0  140    0  241   32  204  254   96    4   34    0    9    0  133    0  133    0
108    0  213  251  229    7    5    0    3    0  140    0  140    0   18   35  200  254   95    4   23    0    6    0  133    0  133    0
108    0  212  251  229    7    2    0    1    0  140    0  140    0   20   34  201  254   95    4   21    0    6    0  133    0  133    0
108    0  212  251  229    7    3    0    1    0  140    0  140    0   43   32  204  254   96    4   25    0    7    0  133    0  133    0
108    0  213  251  229    7    3    0    1    0  140    0  140    0  252   31  207  254   97    4   28    0    7    0  133    0  133    0
108    0  211  251  228    7    0    0    0    0  140    0  140    0  112   32  208  254   97    4   27    0    7    0  133    0  133    0
108    0  212  251  229    7    2    0    1    0  140    0  140    0  212   36  209  254   98    4   26    0    7    0  133    0  133    0
108    0  214  251  230    7    5    0    2    0  140    0  140    0  135   26  211  254   98    4   27    0    7    0  133    0  133    0
108    0  214  251  230    7    5    0    2    0  140    0  140    0  138   36  210  254   98    4   21    0    5    0  133    0  133    0
108    0  214  251  230    7    5    0    2    0  140    0  140    0  251   31  208  254   97    4   15    0    4    0  133    0  133    0
108    0  216  251  231    7    7    0    3    0  140    0  140    0  100   33  209  254   98    4   14    0    4    0  133    0  133    0
108    0  217  251  231    7    8    0    4    0  140    0  140    0  212   36  207  254   97    4    9    0    2    0  133    0  133    0
108    0  216  251  231    7    5    0    2    0  140    0  140    0  130   34  204  254   96    4    3    0    0    0  133    0  133    0
108    0  215  251  230    7    2    0    1    0  140    0  140    0   49   33  203  254   96    4    0    0    0    0  133    0  133    0
108    0  216  251  231    7    5    0    3    0  140    0  140    0  226   35  201  254   95    4  254  255    0    0  133    0  133    0
108    0  216  251  231    7    3    0    2    0  140    0  140    0   33   32  199  254   95    4  250  255  255  255  133    0  133    0
108    0  216  251  231    7    3    0    1    0  140    0  140    0   89   30  198  254   95    4  248  255  254  255  133    0  133    0
108    0  214  251  230    7    0    0    0    0  140    0  140    0    5   34  197  254   94    4  247  255  254  255  133    0  133    0
108    0  213  251  230    7  255  255    0    0  140    0  140    0  119   33  196  254   94    4  247  255  254  255  133    0  133    0
108    0  214  251  230    7    0    0    0    0  140    0  140    0   78   34  197  254   94    4  249  255  254  255  133    0  133    0
108    0  214  251  230    7    0    0    0    0  140    0  140    0   18   35  196  254   94    4  249  255  254  255  133    0  133    0
108    0  214  251  230    7    0    0    0    0  140    0  140    0  121   29  197  254   94    4  251  255  255  255  133    0  133    0
108    0  215  251  231    7    1    0    0    0  140    0  140    0   14   30  199  254   95    4    0    0    0    0  133    0  133    0
108    0  214  251  230    7    0    0    0    0  140    0  140    0   78   38  201  254   95    4    3    0    1    0  133    0  133    0
108    0  214  251  231    7    0    0    0    0  140    0  140    0  161   30  206  254   97    4   11    0    3    0  133    0  133    0
108    0  216  251  232    7    4    0    2    0  140    0  140    0  110   31  209  254   98    4   17    0    4    0  133    0  133    0
108    0  218  251  232    7    6    0    3    0  140    0  140    0   22   34  213  254   99    4   22    0    6    0  133    0  133    0
108    0  218  251  233    7    6    0    3    0  140    0  140    0  148   34  212  254   98    4   18    0    4    0  133    0  133    0
108    0  220  251  233    7    8    0    4    0  140    0  140    0  231   34  216  254   99    4   23    0    6    0  133    0  133    0
108    0  223  251  235    7   13    0    7    0  140    0  140    0  147   34  222  254  101    4   31    0    8    0  133    0  133    0
108    0  223  251  235    7   12    0    6    0  140    0  140    0   13   33  220  254  100    4   25    0    6    0  133    0  133    0
108    0  222  251  235    7    9    0    5    0  140    0  140    0  187   33  218  254  100    4   17    0    4    0  133    0  133    0
108    0  226  251  237    7   15    0    7    0  140    0  140    0  184   32  222  254  101    4   24    0    6    0  133    0  133    0
108    0  227  251  237    7   15    0    7    0  140    0  140    0  142   33  224  254  101    4   24    0    6    0  133    0  133    0
108    0  225  251  236    7   10    0    5    0  140    0  140    0   92   32  221  254  101    4   16    0    4    0  133    0  133    0
108    0  226  251  237    7   10    0    5    0  140    0  140    0   35   31  224  254  101    4   20    0    5    0  133    0  133    0
108    0  225  251  236    7    8    0    4    0  140    0  140    0  228   31  225  254  102    4   19    0    5    0  133    0  133    0
108    0  223  251  235    7    3    0    1    0  140    0  140    0  111   34  221  254  101    4    9    0    2    0  133    0  133    0
108    0  223  251  235    7    2    0    1    0  140    0  140    0  182   28  223  254  101    4   11    0    2    0  133    0  133    0
108    0  222  251  234    7    0    0    0    0  140    0  140    0  247   33  224  254  101    4   13    0    3    0  133    0  133    0
108    0  220  251  233    7  253  255  254  255  140    0  140    0  194   34  222  254  101    4    7    0    1    0  133    0  133    0
108    0  220  251  234    7  253  255  255  255  140    0  140    0  243   34  224  254  101    4   10    0    2    0  133    0  133    0
108    0  218  251  233    7  251  255  253  255  140    0  140    0  108   36  226  254  102    4   13    0    3    0  133    0  133    0
108    0  217  251  232    7  249  255  253  255  140    0  140    0  153   33  224  254  101    4    7    0    1    0  133    0  133    0
108    0  217  251  232    7  250  255  253  255  140    0  140    0  163   28  224  254  101    4    7    0    1    0  133    0  133    0
108    0  216  251  232    7  249  255  253  255  140    0  140    0  116   36  225  254  101    4    7    0    1    0  133    0  133    0
108    0  216  251  231    7  249  255  253  255  140    0  140    0  218   35  222  254  101    4    0    0    0    0  133    0  133    0
108    0  216  251  231    7  250  255  253  255  140    0  140    0   90   34  222  254  101    4    0    0    0    0  133    0  133    0
108    0  218  251  232    7  254  255  255  255  140    0  140    0  206   33  223  254  101    4    3    0    0    0  133    0  133    0
108    0  218  251  233    7    0    0    0    0  140    0  140    0  205   34  223  254  101    4    1    0    0    0  133    0  133    0
108    0  221  251  234    7    3    0    1    0  140    0  140    0   27   35  222  254  101    4    1    0    0    0  133    0  133    0
108    0  222  251  235    7    6    0    3    0  140    0  140    0  254   35  223  254  101    4    2    0    0    0  133    0  133    0
108    0  221  251  234    7    4    0    2    0  140    0  140    0  119   33  222  254  101    4    0    0    0    0  133    0  133    0
108    0  221  251  234    7    3    0    1    0  140    0  140    0   53   34  222  254  101    4    0    0    0    0  133    0  133    0
108    0  222  251  235    7    4    0    2    0  140    0  140    0  132   34  223  254  101    4    2    0    0    0  133    0  133    0
108    0  222  251  235    7    3    0    2    0  140    0  140    0  245   33  222  254  101    4    0    0    0    0  133    0  133    0
108    0  223  251  235    7    4    0    2    0  140    0  140    0   78   31  221  254  101    4  255  255    0    0  133    0  133    0
108    0  223  251  235    7    4    0    2    0  140    0  140    0  252   33  223  254  101    4    1    0    0    0  133    0  133    0
108    0  224  251  236    7    5    0    2    0  140    0  140    0  112   34  222  254  101    4    0    0    0    0  133    0  133    0
108    0  223  251  235    7    3    0    1    0  140    0  140    0   64   34  222  254  101    4    0    0    0    0  133    0  133    0
108    0  224  251  236    7    4    0    2    0  140    0  140    0   86   33  223  254  101    4    1    0    0    0  133    0  133    0
108    0  223  251  235    7    2    0    1    0  140    0  140    0  102   30  223  254  101    4    1    0    0    0  133    0  133    0
108    0  222  251  235    7    1    0    0    0  140    0  140    0  239   34  223  254  101    4    1    0    0    0  133    0  133    0
108    0  222  251  235    7    0    0    0    0  140    0  140    0   55   33  224  254  101    4    2    0    0    0  133    0  133    0
108    0  221  251  234    7  255  255    0    0  140    0  140    0   96   36  223  254  101    4    0    0    0    0  133    0  133    0
108    0  221  251  234    7    0    0    0    0  140    0  140    0  202   33  223  254  101    4    1    0    0    0  133    0  133    0
108    0  223  251  235    7    3    0    1    0  140    0  140    0   82   35  224  254  101    4    3    0    0    0  133    0  133    0
108    0  223  251  235    7    1    0    0    0  140    0  140    0   73   34  225  254  101    4    3    0    0    0  133    0  133    0
108    0  224  251  236    7    3    0    1    0  140    0  140    0   79   33  224  254  101    4    2    0    0    0  133    0  133    0
108    0  223  251  235    7    1    0    0    0  140    0  140    0  215   35  225  254  102    4    4    0    1    0  133    0  133    0
108    0  223  251  236    7    2    0    1    0  140    0  140    0  150   33  223  254  101    4    0    0    0    0  133    0  133    0
108    0  224  251  236    7    2    0    1    0  140    0  140    0  218   31  221  254  100    4  252  255  255  255  133    0  133    0
108    0  223  251  235    7    0    0    0    0  140    0  140    0  235   33  222  254  101    4  254  255    0    0  133    0  133    0
108    0  222  251  235    7    0    0    0    0  140    0  140    0  189   34  222  254  101    4  255  255    0    0  133    0  133    0
108    0  221  251  234    7  254  255  255  255  140    0  140    0  223   32  222  254  101    4    0    0    0    0  133    0  133    0
108    0  222  251  235    7    0    0    0    0  140    0  140    0  161   33  223  254  101    4    0    0    0    0  133    0  133    0
108    0  224  251  236    7    2    0    1    0  140    0  140    0  109   34  222  254  101    4    0    0    0    0  133    0  133    0
108    0  225  251  236    7    4    0    2    0  140    0  140    0  253   32  223  254  101    4    0    0    0    0  133    0  133    0
108    0  224  251  236    7    2    0    1    0  140    0  140    0  119   34  224  254  101    4    2    0    0    0  133    0  133    0
108    0  224  251  236    7    2    0    1    0  140    0  140    0  157   32  224  254  101    4    1    0    0    0  133    0  133    0
108    0  223  251  235    7    0    0    0    0  140    0  140    0   56   37  224  254  101    4    1    0    0    0  133    0  133    0
108    0  224  251  236    7    0    0    0    0  140    0  140    0   72   35  213  254   98    4  237  255  251  255  126    0  122    0
108    0  223  251  235    7    0    0    0    0  140    0  140    0  124   34  211  254   98    4  237  255  251  255  126    0  122    0
108    0  221  251  234    7  253  255  255  255  140    0  140    0   42   35  210  254   98    4  237  255  251  255  126    0  122    0
108    0  219  251  233    7  250  255  253  255  140    0  140    0  115   31  209  254   97    4  237  255  251  255  126    0  122    0
108    0  216  251  232    7  244  255  250  255  140    0  140    0  247   37  202  254   98    4  227  255  249  255  127    0  124    0
108    0  213  251  230    7  239  255  247  255  140    0  140    0  170   33  200  254   98    4  227  255  249  255  127    0  124    0
108    0  210  251  229    7  237  255  246  255  140    0  140    0   27   31  199  254   97    4  227  255  249  255  127    0  124    0
108    0  209  251  228    7  237  255  246  255  140    0  140    0  129   37  197  254   97    4  227  255  249  255  127    0  124    0
108    0  207  251  227    7  236  255  246  255  140    0  140    0  132   34  195  254   96    4  227  255  249  255  127    0  124    0
108    0  208  251  228    7  240  255  248  255  140    0  140    0   60   32  193  254   96    4  227  255  249  255  127    0  124    0
108    0  205  251  226    7  236  255  245  255  140    0  140    0   48   36  163  254   86    4  184  255  235  255  128    0  126    0
108    0  204  251  225    7  236  255  245  255  140    0  140    0  180   34  154  254   83    4  178  255  231  255  129    0  127    0
108    0  200  251  223    7  230  255  242  255  140    0  140    0   77   32  155  254   83    4  186  255  234  255  130    0  128    0
108    0  194  251  220    7  223  255  238  255  140    0  140    0  217   34  162  254   85    4  203  255  240  255  131    0  129    0
108    0  188  251  216    7  214  255  233  255  140    0  140    0  181   31  159  254   84    4  203  255  240  255  131    0  129    0
108    0  182  251  213    7  207  255  230  255  140    0  140    0   95   36  156  254   83    4  203  255  240  255  131    0  129    0
108    0  176  251  210    7  203  255  227  255  140    0  140    0  184   28  126  254   74    4  161  255  224  255  132    0  130    0
108    0  172  251  208    7  202  255  226  255  140    0  140    0  208   34  111  254   68    4  146  255  216  255  133    0  131    0
108    0  172  251  208    7  208  255  229  255  140    0  140    0  127   35  114  254   68    4  166  255  163  255  133    0  132    0
108    0  172  251  208    7  213  255  233  255  140    0  140    0   54   34  126  254   70    4  196  255  169  255  120    0  122    0
108    0  168  251  206    7  211  255  231  255  140    0  140    0  236   33  117  254   63    4  187  255  163  255  122    0  124    0
108    0  162  251  203    7  205  255  228  255  140    0  140    0  113   31  112  254   57    4  185  255  162  255  124    0  126    0
108    0  158  251  200    7  202  255  226  255  140    0  140    0  203   34  106  254   52    4  183  255  161  255  126    0  127    0
108    0  153  251  197    7  199  255  224  255  140    0  140    0  119   32  109  254   47    4  197  255  166  255  127    0  128    0
108    0  149  251  195    7  199  255  224  255  140    0  140    0  163   33  119  254   43    4  224  255  177  255  118    0  123    0
108    0  144  251  192    7  196  255  222  255  140    0  140    0  100   35  119  254   39    4  228  255  178  255  120    0  125    0
108    0  144  251  192    7  203  255  226  255  140    0  140    0   21   36  126  254   36    4  247  255  185  255  111    0  120    0
108    0  139  251  189    7  199  255  223  255  140    0  140    0  239   33  125  254   31    4  245  255  184  255  114    0  122    0
108    0  137  251  188    7  202  255  225  255  140    0  140    0   32   31  130  254   28    4    1    0  189  255  104    0  117    0
108    0  135  251  187    7  205  255  226  255  140    0  140    0    1   34  136  254   26    4   13    0  193  255  108    0  119    0
108    0  137  251  188    7  213  255  232  255  140    0  140    0  213   34  136  254   22    4   12    0  193  255  112    0  121    0
108    0  138  251  189    7  220  255  236  255  140    0  140    0  150   32  141  254   20    4   21    0  196  255  115    0  123    0
108    0  135  251  187    7  218  255  234  255  140    0  140    0  253   33  146  254   18    4   28    0  199  255  118    0  125    0
108    0  137  251  188    7  228  255  240  255  140    0  140    0   52   34  149  254   17    4   33    0  201  255  111    0  120    0
108    0  149  251  195    7  253  255  255  255  140    0  140    0  119   33  157  254   16    4   45    0  205  255  114    0  122    0
108    0  153  251  198    7    4    0    2    0  140    0  140    0  145   31  161  254   14    4   47    0  205  255  117    0  124    0
108    0  159  251  201    7   15    0    8    0  140    0  140    0   47   33  163  254   11    4   47    0  205  255  117    0  124    0
108    0  170  251  207    7   34    0   19    0  140    0  140    0   89   34  169  254   12    4   53    0  207  255  119    0  126    0
108    0  177  251  212    7   44    0   24    0  140    0  140    0  254   31  172  254    9    4   53    0  207  255  119    0  126    0
108    0  186  251  217    7   56    0   30    0  140    0  140    0   38   34  177  254    6    4   57    0  208  255  121    0  127    0
108    0  184  251  215    7   45    0   24    0  140    0  140    0   94   35  189  254    7    4   73    0  213  255  123    0  128    0
108    0  184  251  215    7   41    0   22    0  140    0  140    0   31   36  184  254    1    4   56    0  207  255  125    0  129    0
108    0  187  251  217    7   41    0   22    0  140    0  140    0  159   34  187  254  254    3   56    0  207  255  125    0  129    0
108    0  194  251  220    7   49    0   26    0  140    0  140    0  146   30  189  254  251    3   52    0  206  255  126    0  130    0
108    0  191  251  219    7   39    0   21    0  140    0  140    0   57   34  192  254  248    3   52    0  206  255  126    0  130    0
108    0  196  251  221    7   43    0   23    0  140    0  140    0  238   35  163  254   18    4    9    0  197  255  113    0  118    0
108    0  198  251  223    7   43    0   23    0  140    0  140    0  174   34  164  254   15    4    9    0  197  255  113    0  118    0
108    0  196  251  221    7   33    0   17    0  140    0  140    0   56   33  166  254   11    4   13    0  194  255  116    0  120    0
108    0  206  251  227    7   49    0   26    0  140    0  140    0    7   31  167  254    7    4   13    0  194  255  116    0  120    0
108    0  208  251  228    7   47    0   25    0  140    0  140    0  183   32  171  254    3    4   19    0  196  255  119    0  122    0
108    0  202  251  225    7   30    0   16    0  140    0  140    0  148   33  171  254  254    3   16    0  194  255  113    0  118    0
108    0  204  251  226    7   30    0   16    0  140    0  140    0  187   34  172  254  250    3   16    0  194  255  113    0  118    0
108    0  188  251  217    7  254  255  255  255  140    0  140    0  110   32  180  254  249    3   33    0  200  255  116    0  120    0
108    0  170  251  208    7  221  255  237  255  140    0  140    0    7   33  182  254  246    3   33    0  200  255  116    0  120    0
108    0  155  251  200    7  199  255  224  255  140    0  140    0   75   37  184  254  242    3   33    0  200  255  116    0  120    0
108    0  143  251  193    7  182  255  214  255  140    0  140    0  119   34  220  254  236    3   97    0  154  255  104    0  111    0
108    0  150  251  197    7  204  255  227  255  140    0  140    0  142   29  225  254  229    3   95    0  150  255  108    0  114    0
108    0  135  251  188    7  182  255  214  255  140    0  140    0  184   32  231  254  222    3   95    0  150  255  118    0  116    0
108    0  138  251  190    7  195  255  221  255  140    0  140    0   35   36  242  254  222    3  108    0  153  255  123    0  122    0
108    0  134  251  187    7  195  255  221  255  140    0  140    0   10   27  245  254  215    3  101    0  151  255  125    0  124    0
108    0  137  251  189    7  208  255  228  255  140    0  140    0  178   33  246  254  207    3   92    0  148  255  128    0  127    0
108    0  142  251  192    7  222  255  237  255  140    0  140    0   62   32  249  254  201    3   86    0  146  255  131    0  128    0
108    0  140  251  191    7  222  255  237  255  140    0  140    0  113   31  254  254  194    3   86    0  146  255  131    0  128    0
108    0  131  251  183    7  208  255  228  255  140    0  140    0   81   31    4  255  187    3   88    0  146  255  131    0  136    0
108    0  133  251  185    7  217  255  234  255  140    0  140    0  121   34   10  255  181    3   88    0  146  255  131    0  136    0
108    0  131  251  183    7  217  255  234  255  140    0  140    0    0   36   31  255  179    3  116    0  152  255  115    0  124    0
108    0  164  251  203    7   22    0   14    0  140    0  140    0  214   32   36  255  170    3  111    0  150  255  118    0  126    0  141   33   18  247  213   19   31    0   14    0  140    0  140    0
108    0  166  251  204    7   22    0   14    0  140    0  140    0   72   36   42  255  165    3  112    0  150  255  130    0  130    0  230   35   20  247  214   19   31    0   14    0  140    0  140    0
108    0  217  251  234    7  107    0   59    0  140    0  140    0   58   32   49  255  159    3  112    0  150  255  130    0  130    0   18   30    3  247  206   19  255  255    0    0  140    0  140    0
108    0  224  251  238    7  107    0   59    0  140    0  140    0  132   34   42  255  147    3   79    0  143  255  114    0  122    0   95   33    3  247  206   19  255  255    0    0  140    0  140    0
108    0   16  252    9    8  176    0   89    0  140    0  140    0  144   35   47  255  141    3   81    0  143  255  120    0  135    0  156   30   22  247  215   19   32    0   15    0  140    0  140    0
108    0   27  252   14    8  176    0   89    0  140    0  140    0  252   32   52  255  134    3   81    0  143  255  120    0  135    0   62   32  242  246  198   19  223  255  242  255  140    0  140    0
108    0   53  252   28    8  202    0   95    0  140    0  140    0  214   32   55  255  132    3   79    0  143  255  109    0  129    0  203   35  234  246  195   19  213  255  236  255  140    0  140    0
108    0   65  252   33    8  202    0   95    0  140    0  140    0  101   35   60  255  125    3   79    0  143  255  109    0  129    0   52   36  222  246  189   19  196  255  229  255  140    0  140    0
108    0   81  252   41    8  208    0   94    0  140    0  140    0   45   35   63  255  119    3   76    0  141  255  113    0  136    0   90   37  218  246  187   19  196  255  229  255  140    0  140    0
108    0   86  252   42    8  195    0   88    0  140    0  140    0   61   33   68  255  112    3   76    0  141  255  113    0  136    0  250   34  242  246  198   19  244  255  251  255  140    0  140    0
108    0   97  252   47    8  195    0   88    0  140    0  140    0   90   36   88  255  124    3  111    0  149  255  104    0  126    0  217   33  225  246  191   19  217  255  238  255  140    0  140    0
108    0  109  252   53    8  195    0   88    0  140    0  140    0  101   36   94  255  118    3  111    0  149  255  104    0  126    0   56   33  210  246  184   19  194  255  228  255  140    0  140    0
108    0  121  252   58    8  195    0   88    0  140    0  140    0  109   34  101  255  111    3  111    0  149  255  104    0  126    0  235   35  207  246  182   19  194  255  228  255  140    0  140    0
108    0   69  252   34    8   96    0   47    0  140    0  140    0  138   35   98  255  106    3   90    0  205  255  108    0  127    0  249   34  211  246  184   19  208  255  234  255  140    0  140    0
108    0   75  252   37    8   96    0   47    0  140    0  140    0   81   32   91  255  115    3   68    0  205  255   96    0  120    0  183   33  208  246  183   19  209  255  234  255  140    0  140    0
108    0   42  252   22    8   37    0   19    0  140    0  140    0  162   35   95  255  112    3   68    0  205  255   96    0  120    0   55   35  211  246  184   19  220  255  239  255  140    0  140    0
108    0   45  252   23    8   37    0   19    0  140    0  140    0  131   35   90  255  120    3   52    0  203  255   85    0  114    0  132   34  211  246  184   19  222  255  241  255  140    0  140    0
108    0   16  252   10    8  246  255  252  255  140    0  140    0   64   34   93  255  117    3   52    0  203  255   85    0  114    0  233   32  204  246  181   19  214  255  237  255  140    0  140    0
108    0   15  252   10    8  246  255  252  255  140    0  140    0  117   32   70  255   93    3  246  255  189  255   79    0  106    0  117   34  202  246  180   19  215  255  237  255  140    0  140    0
108    0    0  252    2    8  223  255  240  255  140    0  140    0  185   33   69  255   89    3  246  255  189  255   79    0  106    0   86   32  217  246  186   19  246  255  252  255  140    0  140    0
108    0  254  251    1    8  223  255  240  255  140    0  140    0   60   35   74  255   88    3    3    0  192  255   86    0  110    0  158   34  233  246  194   19   22    0   10    0  140    0  140    0
108    0  252  251    0    8  223  255  240  255  140    0  140    0  177   33   72  255   82    3  253  255  190  255   92    0  113    0  159   33  228  246  192   19   10    0    4    0  140    0  140    0
108    0  250  251    0    8  223  255  240  255  140    0  140    0   83   33   71  255   78    3  253  255  190  255   92    0  113    0  141   35  251  246  203   19   52    0   24    0  140    0  140    0
108    0  248  251  255    7  223  255  240  255  140    0  140    0    4   35   86  255   80    3   28    0  198  255   98    0  116    0  159   35  240  246  197   19   25    0   11    0  140    0  140    0
108    0  246  251  254    7  223  255  240  255  140    0  140    0   94   32   87  255   77    3   28    0  198  255   98    0  116    0  222   34  243  246  199   19   28    0   13    0  140    0  140    0
108    0  244  251  253    7  223  255  240  255  140    0  140    0  130   31  119  255   89    3   90    0  210  255   91    0  111    0  155   35  223  246  189   19  243  255  250  255  140    0  140    0
108    0  242  251  252    7  223  255  240  255  140    0  140    0   36   37  133  255  105    3  112    0  209  255   80    0  103    0   14   34  239  246  197   19   18    0    8    0  140    0  140    0
108    0  240  251  251    7  223  255  240  255  140    0  140    0    5   33  140  255  104    3  115    0  208  255   87    0  107    0   10   30  222  246  189   19  241  255  249  255  140    0  140    0
108    0  238  251  250    7  223  255  240  255  140    0  140    0   81   31  138  255  105    3   95    0  205  255   79    0  103    0   77   33  221  246  189   19  241  255  249  255  140    0  140    0
108    0  236  251  249    7  223  255  240  255  140    0  140    0   96   33  144  255  102    3   95    0  205  255   79    0  103    0  196   31  220  246  188   19  241  255  249  255  140    0  140    0   22   33  198  252  134    8   24    0    9    0  140    0  140    0
108    0  143  255   98    3   78    0  202  255   86    0  107    0   95   31  227  246  192   19  255  255    0    0  140    0  140    0  169   35  201  252  136    8   29    0   10    0  140    0  140    0
108    0  148  255   95    3   78    0  202  255   86    0  107    0   99   34  227  246  191   19  255  255    0    0  140    0  140    0   52   34  205  252  137    8   32    0   12    0  140    0  140    0
108    0  156  255   94    3   86    0  203  255   92    0  111    0   84   35  227  246  191   19  255  255    0    0  140    0  140    0    6   32  208  252  138    8   36    0   13    0  140    0  140    0
108    0  160  255   92    3   84    0  202  255   98    0  114    0  154   33  165  246  162   19  152  255  208  255  140    0  140    0  201   30  210  252  139    8   35    0   13    0  140    0  140    0
108    0  165  255   88    3   84    0  202  255   98    0  114    0  148   34  159  246  159   19  152  255  208  255  140    0  140    0  244   32  211  252  139    8   33    0   12    0  140    0  140    0
108    0  155  255   82    3   54    0  199  255  103    0  117    0  235   34  153  246  156   19  152  255  208  255  140    0  140    0  222   34  213  252  140    8   33    0   12    0  140    0  140    0
157    0  215  252  141    8   32    0   11    0  140    0  140    0  135   37  159  255   79    3   54    0  199  255  103    0  117    0   67   36  146  246  153   19  152  255  208  255  140    0  140    0
157    0  214  252  140    8   27    0   10    0  140    0  140    0   75   34  162  255   76    3   54    0  199  255  103    0  117    0  208   35  140  246  150   19  152  255  208  255  140    0  140    0
157    0  216  252  141    8   28    0   10    0  140    0  140    0  135   34  141  255   72    3   12    0  195  255  107    0  119    0  226   31  134  246  148   19  152  255  208  255  140    0  140    0
157    0  218  252  142    8   28    0   10    0  140    0  140    0  218   33  142  255   68    3   12    0  195  255  107    0  119    0  173   36  128  246  145   19  152  255  208  255  140    0  140    0
157    0  218  252  142    8   25    0    9    0  140    0  140    0   44   33  138  255   66    3    4    0  193  255  111    0  121    0   17   34  121  246  142   19  152  255  208  255  140    0  140    0
157    0  217  252  142    8   21    0    7    0  140    0  140    0  153   35  138  255   62    3    4    0  193  255  111    0  121    0    1   35  115  246  139   19  152  255  208  255  140    0  140    0
157    0  217  252  142    8   18    0    6    0  140    0  140    0   67   34  120  255   53    3  230  255  188  255  114    0  123    0  167   33  109  246  136   19  152  255  208  255  140    0  140    0
157    0  218  252  142    8   17    0    6    0  140    0  140    0  189   36  120  255   47    3  232  255  188  255  117    0  125    0   81   33  103  246  133   19  152  255  208  255  140    0  140    0
157    0  218  252  142    8   15    0    5    0  140    0  140    0  103   30  111  255   54    3  223  255  186  255  104    0  118    0
157    0  217  252  141    8   12    0    4    0  140    0  140    0   54   32  109  255   49    3  223  255  186  255  104    0  118    0
157    0  216  252  141    8    9    0    3    0  140    0  140    0  201   32   81  255   42    3  174  255  175  255   95    0  111    0
157    0  216  252  141    8    8    0    3    0  140    0  140    0  247   30   78  255   36    3  177  255  173  255  100    0  114    0
157    0  219  252  142    8   11    0    4    0  140    0  140    0  237   32   73  255   31    3  177  255  173  255  100    0  114    0
157    0  219  252  142    8   11    0    4    0  140    0  140    0   17   36   66  255    7    3  164  255  166  255   91    0  106    0
157    0  220  252  143    8   12    0    4    0  140    0  140    0  140   32   60  255    1    3  164  255  166  255   91    0  106    0
157    0  222  252  143    8   14    0    5    0  140    0  140    0   72   30   55  255  252    2  164  255  166  255   91    0  106    0
157    0  222  252  143    8   12    0    4    0  140    0  140    0  253   29   49  255  246    2  164  255  166  255   91    0  106    0
157    0  222  252  143    8   11    0    4    0  140    0  140    0   22   33   71  255  231    2  217  255  179  255   81    0  102    0
157    0  224  252  144    8   12    0    4    0  140    0  140    0  210   34   69  255  226    2  217  255  179  255   81    0  102    0
157    0  223  252  144    8    9    0    3    0  140    0  140    0  171   32  105  255  243    2   43    0  206  255   70    0   95    0
157    0  222  252  143    8    7    0    2    0  140    0  140    0   67   32  110  255  237    2   46    0  201  255   78    0  100    0
157    0  222  252  143    8    5    0    2    0  140    0  140    0   54   33  110  255  215    2   35    0  198  255   68    0   93    0
157    0  221  252  143    8    4    0    1    0  140    0  140    0   91   31  114  255  210    2   38    0  199  255   77    0   98    0
157    0  222  252  143    8    5    0    1    0  140    0  140    0  235   34  121  255  203    2   49    0  201  255   69    0   94    0
157    0  222  252  143    8    4    0    1    0  140    0  140    0   91   33  124  255  200    2   49    0  201  255   69    0   94    0
157    0  222  252  143    8    4    0    1    0  140    0  140    0  208   34  129  255  196    2   55    0  201  255   77    0   99    0
157    0  219  252  142    8  254  255    0    0  140    0  140    0  115   32  136  255  192    2   64    0  203  255   84    0  104    0
157    0  217  252  141    8  250  255  254  255  140    0  140    0  239   35  136  255  196    2   56    0  201  255   77    0   96    0
157    0  213  252  140    8  244  255  252  255  140    0  140    0  214   33  139  255  191    2   54    0  201  255   84    0  101    0
157    0  208  252  138    8  236  255  249  255  140    0  140    0    7   31  141  255  188    2   51    0  200  255   91    0  105    0
157    0  206  252  137    8  235  255  248  255  140    0  140    0   84   33  136  255  190    2   32    0  198  255   79    0   97    0
157    0  204  252  136    8  232  255  247  255  140    0  140    0  178   34  138  255  187    2   32    0  198  255   79    0   97    0
157    0  202  252  136    8  232  255  247  255  140    0  140    0  199   35  144  255  182    2   43    0  198  255   86    0  102    0
157    0  198  252  134    8  228  255  246  255  140    0  140    0  142   34  146  255  179    2   43    0  198  255   86    0  102    0
157    0  195  252  133    8  225  255  244  255  140    0  140    0  239   30  149  255  175    2   43    0  198  255   92    0  106    0
157    0  192  252  132    8  222  255  243  255  140    0  140    0    7   31  162  255  162    2   63    0  201  255   86    0   97    0
157    0  184  252  129    8  212  255  239  255  140    0  140    0  219   34  165  255  159    2   63    0  201  255   86    0   97    0
157    0  180  252  128    8  210  255  238  255  140    0  140    0  226   31  142  255  169    2    2    0  197  255   79    0   90    0
157    0  177  252  126    8  208  255  237  255  140    0  140    0  138   34  143  255  164    2    6    0  193  255   86    0   96    0
157    0  174  252  125    8  208  255  237  255  140    0  140    0  207   31  145  255  160    2   10    0  193  255   92    0  101    0
157    0  128  252  105    8  127  255  204  255  140    0  140    0  167   34  148  255  154    2   15    0  194  255   98    0  105    0
157    0  121  252  102    8  127  255  204  255  140    0  140    0  171   34  151  255  152    2   19    0  253  255  103    0  109    0
157    0   78  252   82    8   64  255  172  255  140    0  140    0  238   34  152  255  152    2   18    0    2    0  107    0  112    0
157    0   48  252   67    8   31  255  153  255  140    0  140    0    8   35  153  255  152    2   18    0    2    0  107    0  112    0
157    0   21  252   53    8    6  255  138  255  140    0  140    0  238   34  143  255  153    2  252  255    0    0  111    0  115    0
157    0  251  251   39    8  242  254  124  255  140    0  140    0   82   35  143  255  153    2  252  255    0    0  111    0  115    0
157    0  227  251   26    8  227  254  112  255  140    0  140    0  125   32  149  255  151    2    7    0    0    0  114    0  118    0
157    0  209  251   15    8  226  254  108  255  140    0  140    0  166   35  154  255  149    2   15    0    2    0  117    0  120    0
157    0  193  251    5    8  227  254  105  255  140    0  140    0  119   34  163  255  129    2   25    0    3    0  105    0  110    0
157    0  185  251  255    7  243  254  113  255  140    0  140    0  147   35  163  255  128    2   21    0    3    0  109    0  113    0
157    0  173  251  247    7  250  254  115  255  140    0  140    0  216   34  162  255  126    2   17    0  201  255  112    0  116    0
157    0  160  251  238    7  254  254  114  255  140    0  140    0  108   34  163  255  121    2   17    0  195  255  115    0  119    0
157    0  139  251  225    7  242  254  104  255  140    0  140    0  193   34  163  255  116    2   15    0  194  255  118    0  121    0
157    0  131  251  219    7    2  255  111  255  140    0  140    0   72   36  150  255  123    2  245  255  191  255  106    0  114    0
157    0  128  251  216    7   23  255  123  255  140    0  140    0  138   32  150  255  119    2  245  255  191  255  106    0  114    0
157    0  127  251  214    7   47  255  136  255  140    0  140    0   20   34  152  255  116    2  251  255  191  255  110    0  117    0
157    0  112  251  204    7   43  255  132  255  140    0  140    0   49   36  151  255  101    2  247  255  189  255  100    0  110    0
157    0  107  251  200    7   56  255  139  255  140    0  140    0  106   34  152  255   95    2  253  255  132  255  105    0  113    0
157    0  103  251  197    7   71  255  147  255  140    0  140    0  139   29  149  255   81    2  244  255  124  255   96    0  108    0
157    0  106  251  197    7   96  255  162  255  140    0  140    0   70   36  151  255   72    2  250  255  124  255  101    0  112    0
157    0  108  251  198    7  118  255  175  255  140    0  140    0  161   30  154  255   64    2    0    0  125  255  105    0  115    0
157    0  115  251  202    7  145  255  192  255  140    0  140    0  167   33  157  255   56    2    8    0  127  255  109    0  118    0
157    0  107  251  196    7  143  255  190  255  140    0  140    0   90   36  158  255   48    2    8    0  127  255  109    0  118    0
157    0  110  251  197    7  162  255  201  255  140    0  140    0  109   33  158  255   40    2    8    0  127  255  109    0  118    0
157    0  106  251  194    7  164  255  202  255  140    0  140    0   86   30  159  255   33    2    8    0  127  255  109    0  118    0
157    0  101  251  190    7  165  255  202  255  140    0  140    0  127   36  167  255   19    2   22    0  128  255  102    0  112    0
157    0   98  251  187    7  169  255  204  255  140    0  140    0   68   28  166  255   12    2   17    0  128  255  106    0  115    0
157    0   96  251  185    7  174  255  207  255  140    0  140    0  176   31  167  255    4    2   17    0  128  255  106    0  115    0
157    0   99  251  187    7  190  255  217  255  140    0  140    0  106   33  176  255    0    2   31    0  131  255   96    0  118    0
157    0  105  251  189    7  207  255  227  255  140    0  140    0   84   34  178  255  248    1   31    0  131  255   96    0  118    0
157    0  108  251  190    7  218  255  234  255  140    0  140    0    2   33  179  255  241    1   31    0  131  255   96    0  118    0  113   31  212  253  116    9  200    0  103  255  140    0  140    0
157    0  112  251  193    7  231  255  241  255  140    0  140    0  148   33  193  255  239    1   52    0  134  255   86    0  108    0    0   33  224  253  106    9  200    0  103  255  140    0  140    0
157    0  120  251  197    7  248  255  252  255  140    0  140    0   92   31  196  255  232    1   52    0  134  255   86    0  108    0
157    0  125  251  199    7    1    0    0    0  140    0  140    0   45   35  199  255  225    1   52    0  134  255   86    0  108    0
157    0  130  251  202    7   10    0    6    0  140    0  140    0   88   35  203  255  217    1   52    0  134  255   86    0  108    0
157    0  136  251  204    7   19    0   11    0  140    0  140    0   68   34  200  255  211    1   40    0  132  255   92    0  112    0
157    0  136  251  204    7   18    0   10    0  140    0  140    0  204   33  202  255  204    1   40    0  132  255   92    0  112    0
157    0  141  251  206    7   23    0   13    0  140    0  140    0  103   35  205  255  197    1   40    0  132  255   92    0  112    0   86   37  126  253  130    9  230  255   50  255  124    0  132    0
157    0  135  251  202    7    9    0    5    0  140    0  140    0   90   34  207  255  189    1   40    0  132  255   92    0  112    0  208   32  124  253  118    9  230  255   50  255  124    0  132    0
157    0  138  251  203    7   14    0    8    0  140    0  140    0  182   32  210  255  182    1   40    0  132  255   92    0  112    0
157    0  133  251  200    7    2    0    1    0  140    0  140    0  228   33  212  255  174    1   40    0  132  255   92    0  112    0   48   34   97  253   99    9  189  255   38  255  126    0  133    0
157    0  133  251  200    7    2    0    1    0  140    0  140    0   68   35  201  255  170    1   17    0  130  255   98    0  115    0   68   34   93  253   86    9  189  255   38  255  126    0  133    0
157    0  133  251  200    7    2    0    1    0  140    0  140    0  121   34  202  255  162    1   17    0  130  255   98    0  115    0
157    0  133  251  200    7    2    0    1    0  140    0  140    0  135   31  192  255  165    1    2    0  127  255  103    0  118    0   45   33   47  253   73    9  129  255   18  255  127    0  133    0
157    0  133  251  200    7    2    0    1    0  140    0  140    0  155   28  193  255  157    1    2    0  127  255  103    0  118    0  185   35   40  253   59    9  129  255   18  255  127    0  133    0
157    0  133  251  200    7    2    0    1    0  140    0  140    0   74   34  191  255  167    1    1    0  127  255   93    0  111    0
157    0  134  251  200    7    2    0    1    0  140    0  140    0  159   32  191  255  159    1    1    0  127  255   93    0  111    0
157    0  134  251  200    7    2    0    1    0  140    0  140    0  188   34  191  255  155    1    1    0  126  255   87    0  115    0
157    0  134  251  200    7    2    0    1    0  140    0  140    0  217   32  191  255  147    1    1    0  126  255   87    0  115    0
157    0  134  251  200    7    2    0    1    0  140    0  140    0  102   31  185  255  139    1  247  255  124  255   81    0  118    0   69   30   98    3   17    7  206  255   24    0  140    0  140    0
157    0  134  251  200    7    2    0    1    0  140    0  140    0  159   29  185  255  132    1  247  255  124  255   81    0  118    0  167   30  111    3   10    7  240  255    8    0  140    0  140    0
157    0  178  255  127    1  234  255  183  255   77    0  121    0   11   35  108    3   12    7  235  255   10    0  140    0  140    0
182    0  119    3    7    7    5    0  254  255  140    0  140    0  200   34  177  255  122    1  234  255  183  255   77    0  121    0
182    0  132    3    1    7   29    0  242  255  140    0  140    0  215   35  170  255  119    1  224  255  183  255   84    0  123    0
182    0  129    3    1    7   14    0  249  255  140    0  140    0  190   33  157  255   66    1  253  255  185  255   78    0  113    0
182    0  135    3  255    6   22    0  245  255  140    0  140    0  203   35  157  255   61    1  253  255  185  255   78    0  113    0
182    0  137    3  253    6   25    0  243  255  140    0  140    0   29   34  165  255   58    1   15    0  130  255   71    0  117    0
182    0  137    3  254    6   21    0  245  255  140    0  140    0   65   33  165  255   56    1   15    0  127  255   68    0  118    0
182    0  134    3  255    6   13    0  250  255  140    0  140    0  119   33  166  255   49    1   15    0  127  255   68    0  118    0
182    0  135    3  255    6   13    0  250  255  140    0  140    0  129   31  168  255   46    1   14    0  191  255   64    0  121    0
182    0  131    3    1    7    5    0  254  255  140    0  140    0    9   34  169  255   42    1   14    0  191  255   64    0  121    0
182    0  135    3  254    6   12    0  250  255  140    0  140    0  149   35  165  255   40    1    7    0  192  255   62    0  124    0
182    0  134    3  255    6    8    0  252  255  140    0  140    0  140   34  166  255   36    1    7    0  192  255   62    0  124    0
182    0  138    3  253    6   15    0  249  255  140    0  140    0  209   31  160  255   29    1    0    0  125  255   71    0  126    0
182    0  135    3  255    6    7    0  253  255  140    0  140    0  110   34  160  255   21    1    0    0  125  255   71    0  126    0
182    0  135    3  255    6    7    0  253  255  140    0  140    0   84   32  154  255   14    1  244  255  179  255   71    0  139    0
182    0  135    3  255    6    6    0  253  255  140    0  140    0  223   30  154  255   10    1  244  255  179  255   71    0  139    0
182    0  131    3    1    7  253  255    1    0  140    0  140    0  111   33  150  255    4    1  244  255  116  255   67    0  140    0
182    0  123    3    5    7  239  255    8    0  140    0  140    0   63   35  147  255  253    0  243  255  111  255   63    0  141    0
182    0  123    3    5    7  241  255    7    0  140    0  140    0  131   31  147  255  245    0  243  255  111  255   63    0  141    0
182    0  114    3    9    7  226  255   14    0  140    0  140    0  131   36  146  255  236    0  243  255  111  255   63    0  141    0
182    0  118    3    7    7  238  255    9    0  140    0  140    0  126   35  145  255  227    0  243  255  111  255   63    0  141    0
182    0  124    3    4    7  250  255    3    0  140    0  140    0  164   33  136  255  222    0  225  255  164  255   60    0  145    0
182    0  121    3    6    7  246  255    5    0  140    0  140    0  134   34  134  255  216    0  225  255  164  255   60    0  145    0
182    0  122    3    5    7  249  255    3    0  140    0  140    0   77   35  132  255  210    0  225  255  164  255   60    0  145    0
182    0  126    3    3    7    1    0    0    0  140    0  140    0   15   37  130  255  205    0  225  255  164  255   60    0  145    0
182    0  129    3    2    7    6    0  253  255  140    0  140    0  206   32  123  255  199    0  219  255  155  255   58    0  147    0
182    0  128    3    2    7    3    0  255  255  140    0  140    0  199   31  121  255  193    0  219  255  155  255   58    0  147    0
182    0  124    3    4    7  252  255    2    0  140    0  140    0  203   31  118  255  187    0  219  255  155  255   58    0  147    0
182    0  124    3    4    7  253  255    1    0  140    0  140    0  246   31  116  255  181    0  219  255  155  255   58    0  147    0
182    0  126    3    3    7    0    0    0    0  140    0  140    0   81   33  106  255  173    0  212  255  135  255   56    0  147    0
182    0  125    3    4    7  254  255    1    0  140    0  140    0   86   31  103  255  166    0  212  255  135  255   56    0  147    0
182    0  123    3    5    7  252  255    2    0  140    0  140    0   93   30  100  255  158    0  212  255  135  255   56    0  147    0   74   36  147  255  190    1  150  255   92  255   92    0  104    0
182    0  117    3    7    7  241  255    7    0  140    0  140    0   31   30   98  255  151    0  212  255  135  255   56    0  147    0  151   31  140  255  180    1  150  255   92  255   92    0  104    0
182    0  113    3   10    7  235  255   10    0  140    0  140    0   55   34   95  255  144    0  212  255  135  255   56    0  147    0
