0    0  226  251  237    7    3    0    1    0  140    0  140    0
0    0  228  251  238    7    7    0    3    0  140    0  140    0
0    0  229  251  238    7    7    0    3    0  140    0  140    0
0    0  229  251  239    7    7    0    3    0  140    0  140    0
0    0  229  251  239    7    6    0    3    0  140    0  140    0
0    0  229  251  239    7    5    0    2    0  140    0  140    0
0    0  228  251  238    7    3    0    1    0  140    0  140    0
0    0  229  251  239    7    4    0    2    0  140    0  140    0
0    0  228  251  238    7    1    0    0    0  140    0  140    0
0    0  227  251  237    7    0    0    0    0  140    0  140    0
0    0  228  251  238    7    1    0    0    0  140    0  140    0
0    0  229  251  238    7    2    0    1    0  140    0  140    0
0    0  229  251  238    7    2    0    1    0  140    0  140    0
0    0  229  251  239    7    3    0    1    0  140    0  140    0
0    0  229  251  239    7    2    0    1    0  140    0  140    0
0    0  230  251  239    7    4    0    2    0  140    0  140    0
0    0  229  251  239    7    2    0    1    0  140    0  140    0
0    0  230  251  239    7    3    0    1    0  140    0  140    0
0    0  230  251  239    7    3    0    1    0  140    0  140    0
0    0  229  251  239    7    0    0    0    0  140    0  140    0
0    0  228  251  238    7  255  255    0    0  140    0  140    0
0    0  227  251  237    7  253  255  255  255  140    0  140    0
0    0  228  251  238    7  255  255    0    0  140    0  140    0
0    0  228  251  238    7  255  255    0    0  140    0  140    0
0    0  228  251  238    7    0    0    0    0  140    0  140    0
0    0  229  251  238    7    1    0    0    0  140    0  140    0
0    0  229  251  239    7    1    0    0    0  140    0  140    0
0    0  229  251  238    7    0    0    0    0  140    0  140    0
0    0  230  251  239    7    2    0    1    0  140    0  140    0
0    0  229  251  238    7    0    0    0    0  140    0  140    0
0    0  228  251  238    7    0    0    0    0  140    0  140    0
0    0  227  251  237    7  254  255  255  255  140    0  140    0
0    0  227  251  238    7  254  255  255  255  140    0  140    0
0    0  227  251  237    7  254  255  255  255  140    0  140    0
0    0  227  251  237    7  254  255  255  255  140    0  140    0
0    0  226  251  237    7  252  255  254  255  140    0  140    0
0    0  226  251  237    7  253  255  255  255  140    0  140    0
0    0  225  251  237    7  253  255  254  255  140    0  140    0
0    0  224  251  236    7  250  255  253  255  140    0  140    0
0    0  222  251  235    7  247  255  252  255  140    0  140    0
0    0  223  251  235    7  250  255  253  255  140    0  140    0
0    0  222  251  235    7  249  255  253  255  140    0  140    0
0    0  221  251  234    7  247  255  252  255  140    0  140    0
0    0  222  251  235    7  252  255  254  255  140    0  140    0
0    0  224  251  236    7  255  255    0    0  140    0  140    0
0    0  223  251  235    7  253  255  255  255  140    0  140    0
0    0  224  251  236    7  255  255    0    0  140    0  140    0
0    0  223  251  235    7  255  255    0    0  140    0  140    0
0    0  224  251  236    7    0    0    0    0  140    0  140    0
0    0  224  251  236    7    0    0    0    0  140    0  140    0
0    0  224  251  236    7    0    0    0    0  140    0  140    0
0    0  223  251  236    7  255  255    0    0  140    0  140    0
0    0  225  251  236    7    1    0    0    0  140    0  140    0
0    0  226  251  237    7    3    0    1    0  140    0  140    0
0    0  226  251  237    7    3    0    2    0  140    0  140    0
0    0  227  251  237    7    4    0    2    0  140    0  140    0
0    0  227  251  238    7    5    0    2    0  140    0  140    0
0    0  228  251  238    7    4    0    2    0  140    0  140    0
0    0  228  251  238    7    5    0    2    0  140    0  140    0
0    0  227  251  237    7    2    0    1    0  140    0  140    0
0    0  227  251  237    7    1    0    0    0  140    0  140    0
0    0  226  251  237    7    0    0    0    0  140    0  140    0
0    0  227  251  237    7    1    0    0    0  140    0  140    0
0    0  228  251  238    7    4    0    2    0  140    0  140    0
0    0  228  251  238    7    4    0    2    0  140    0  140    0
0    0  227  251  237    7    0    0    0    0  140    0  140    0
0    0  227  251  238    7    1    0    0    0  140    0  140    0
0    0  228  251  238    7    2    0    1    0  140    0  140    0
0    0  229  251  239    7    4    0    2    0  140    0  140    0
0    0  230  251  239    7    4    0    2    0  140    0  140    0
0    0  230  251  239    7    5    0    2    0  140    0  140    0
0    0  230  251  239    7    3    0    2    0  140    0  140    0
0    0  228  251  238    7    0    0    0    0  140    0  140    0
0    0  228  251  238    7    0    0    0    0  140    0  140    0
0    0  228  251  238    7    0    0    0    0  140    0  140    0
0    0  229  251  239    7    2    0    1    0  140    0  140    0
0    0  229  251  238    7    1    0    0    0  140    0  140    0
0    0  228  251  238    7    0    0    0    0  140    0  140    0
0    0  226  251  237    7  253  255  255  255  140    0  140    0
0    0  227  251  238    7  255  255    0    0  140    0  140    0
0    0  226  251  237    7  253  255  255  255  140    0  140    0
0    0  227  251  238    7    0    0    0    0  140    0  140    0
0    0  227  251  237    7  255  255    0    0  140    0  140    0
0    0  226  251  237    7  254  255  255  255  140    0  140    0
0    0  227  251  237    7  255  255    0    0  140    0  140    0
0    0  227  251  237    7    0    0    0    0  140    0  140    0
0    0  228  251  238    7    1    0    0    0  140    0  140    0
0    0  226  251  237    7  254  255  255  255  140    0  140    0
0    0  226  251  237    7  254  255  255  255  140    0  140    0
0    0  229  251  238    7    3    0    1    0  140    0  140    0
0    0  230  251  239    7    5    0    2    0  140    0  140    0
0    0  233  251  240    7    9    0    4    0  140    0  140    0
0    0  233  251  241    7    9    0    4    0  140    0  140    0
0    0  233  251  241    7    8    0    4    0  140    0  140    0
0    0  233  251  241    7    8    0    4    0  140    0  140    0
0    0  233  251  241    7    6    0    3    0  140    0  140    0  237   31   93  255   61    4    0    0    0    0  140    0  140    0
0    0  233  251  241    7    6    0    3    0  140    0  140    0  132   35   94  255   58    4    1    0    0    0  140    0  140    0
0    0  233  251  241    7    4    0    2    0  140    0  140    0  111   29   94  255   58    4    1    0    0    0  140    0  140    0
0    0  234  251  241    7    5    0    2    0  140    0  140    0   24   33   94  255   58    4    1    0    0    0  140    0  140    0
0    0  235  251  242    7    7    0    3    0  140    0  140    0   68   35   93  255   60    4    0    0    0    0  140    0  140    0
0    0  235  251  242    7    6    0    3    0  140    0  140    0  162   33   92  255   61    4  254  255    0    0  140    0  140    0
0    0  235  251  241    7    5    0    2    0  140    0  140    0  134   32   91  255   61    4  254  255    0    0  140    0  140    0
0    0  235  251  242    7    5    0    2    0  140    0  140    0  130   34   91  255   61    4  254  255    0    0  140    0  140    0
0    0  236  251  242    7    6    0    3    0  140    0  140    0  105   34   91  255   61    4  254  255    0    0  140    0  140    0
0    0  237  251  243    7    7    0    4    0  140    0  140    0  126   31   94  255   59    4    2    0    0    0  140    0  140    0
0    0  236  251  242    7    3    0    2    0  140    0  140    0  146   32   95  255   61    4    3    0    0    0  140    0  140    0
0    0  235  251  242    7    2    0    1    0  140    0  140    0  197   34   96  255   58    4    5    0    0    0  140    0  140    0
0    0  236  251  242    7    3    0    1    0  140    0  140    0   69   33   97  255   58    4    5    0    0    0  140    0  140    0
0    0  235  251  242    7    2    0    1    0  140    0  140    0   94   33   97  255   58    4    5    0    0    0  140    0  140    0
0    0  237  251  243    7    5    0    2    0  140    0  140    0   43   34   97  255   59    4    5    0    0    0  140    0  140    0
0    0  237  251  243    7    5    0    2    0  140    0  140    0  241   35  100  255   56    4    8    0    0    0  140    0  140    0
0    0  237  251  243    7    4    0    2    0  140    0  140    0    4   34  101  255   54    4    9    0    1    0  140    0  140    0
0    0  236  251  242    7    1    0    0    0  140    0  140    0  148   34  103  255   52    4   10    0    1    0  140    0  140    0
0    0  236  251  242    7    1    0    0    0  140    0  140    0   48   34  103  255   52    4   10    0    1    0  140    0  140    0
0    0  234  251  241    7  255  255    0    0  140    0  140    0   98   35  104  255   53    4   10    0    1    0  140    0  140    0
0    0  230  251  239    7  247  255  252  255  140    0  140    0   98   30  105  255   53    4   10    0    1    0  140    0  140    0
0    0  228  251  238    7  243  255  250  255  140    0  140    0  130   33  105  255   53    4   10    0    1    0  140    0  140    0
0    0  224  251  236    7  237  255  246  255  140    0  140    0   75   35  106  255   53    4   10    0    1    0  140    0  140    0
0    0  220  251  234    7  232  255  244  255  140    0  140    0
0    0  218  251  233    7  231  255  243  255  140    0  140    0
0    0  216  251  232    7  231  255  243  255  140    0  140    0
0    0  214  251  231    7  231  255  243  255  140    0  140    0
0    0  212  251  230    7  230  255  242  255  140    0  140    0
0    0  211  251  229    7  230  255  243  255  140    0  140    0
0    0  209  251  228    7  230  255  242  255  140    0  140    0
0    0  206  251  227    7  227  255  241  255  140    0  140    0
0    0  198  251  222    7  215  255  234  255  140    0  140    0
0    0  178  251  211    7  181  255  215  255  140    0  140    0
0    0  186  251  216    7  205  255  228  255  140    0  140    0
0    0  183  251  214    7  205  255  228  255  140    0  140    0
0    0  177  251  211    7  200  255  225  255  140    0  140    0
0    0  190  251  218    7  229  255  242  255  140    0  140    0
0    0  193  251  220    7  239  255  247  255  140    0  140    0
0    0  195  251  221    7  244  255  250  255  140    0  140    0
0    0  194  251  220    7  244  255  250  255  140    0  140    0
0    0  179  251  212    7  218  255  236  255  140    0  140    0
0    0  193  251  219    7  246  255  251  255  140    0  140    0
0    0  192  251  219    7  246  255  251  255  140    0  140    0   31   34   61  255  236    3   34    0  198  255  119    0  125    0
0    0  180  251  213    7  227  255  240  255  140    0  140    0  144   34   63  255  232    3   34    0  198  255  119    0  125    0
0    0  178  251  212    7  227  255  240  255  140    0  140    0
0    0  177  251  211    7  227  255  240  255  140    0  140    0
0    0  175  251  210    7  227  255  240  255  140    0  140    0
0    0  185  251  215    7  247  255  251  255  140    0  140    0
0    0  202  251  225    7   20    0   11    0  140    0  140    0
0    0  204  251  226    7   20    0   11    0  140    0  140    0   50   33   53  255  208    3  255  255  191  255  125    0  128    0
0    0  189  251  217    7  250  255  253  255  140    0  140    0  192   30   57  255  207    3    6    0  193  255  126    0  129    0
0    0  188  251  217    7  250  255  253  255  140    0  140    0  223   33   46  255  193    3  240  255  188  255  112    0  118    0
0    0  153  251  198    7  193  255  222  255  140    0  140    0  187   33   45  255  189    3  240  255  188  255  112    0  118    0
0    0  174  251  209    7  233  255  244  255  140    0  140    0  180   33   48  255  192    3  251  255  191  255  115    0  120    0
0    0  151  251  197    7  198  255  224  255  140    0  140    0   66   34   48  255  186    3  253  255  190  255  118    0  122    0
0    0  148  251  195    7  198  255  224  255  140    0  140    0  243   35   48  255  182    3  253  255  190  255  118    0  122    0
0    0  178  251  212    7  255  255    0    0  140    0  140    0   39   34   62  255  181    3   27    0  197  255  120    0  124    0
0    0  178  251  212    7  255  255    0    0  140    0  140    0   35   32   71  255  182    3   44    0  200  255  122    0  126    0
0    0  178  251  212    7  255  255    0    0  140    0  140    0  217   35   73  255  173    3   40    0    1    0  110    0  119    0
0    0  178  251  212    7  255  255    0    0  140    0  140    0  238   33   76  255  173    3   40    0    1    0  110    0  119    0
0    0  178  251  212    7  255  255    0    0  140    0  140    0  110   35   70  255  175    3   24    0    4    0  113    0  121    0
0    0  178  251  212    7  255  255    0    0  140    0  140    0  187   31   72  255  175    3   24    0    4    0  113    0  121    0
0    0  254  251    1    8  110    0   61    0  140    0  140    0   23   35   66  255  177    3   10    0    2    0  116    0  123    0
0    0    4  252    4    8  110    0   61    0  140    0  140    0  134   34   67  255  177    3   10    0    2    0  116    0  123    0
0    0   65  252   37    8  187    0   89    0  140    0  140    0  147   33   67  255  175    3    9    0    1    0  119    0  125    0
0    0  105  252   57    8  229    0  101    0  140    0  140    0  191   29   70  255  174    3   14    0    2    0  121    0  126    0
0    0  119  252   63    8  229    0  101    0  140    0  140    0  146   34   75  255  176    3   22    0    4    0  123    0  127    0
0    0  133  252   69    8  229    0  101    0  140    0  140    0  251   33   77  255  176    3   22    0    4    0  123    0  127    0
0    0   81  252   43    8  131    0   62    0  140    0  140    0  237   33   76  255  177    3   18    0    3    0  125    0  128    0
0    0   71  252   37    8  104    0   48    0  140    0  140    0  103   35   77  255  177    3   18    0    3    0  125    0  128    0
0    0   72  252   37    8   95    0   43    0  140    0  140    0  173   35   79  255  178    3   20    0    3    0  126    0  129    0
0    0   72  252   37    8   85    0   39    0  140    0  140    0  236   33   81  255  178    3   20    0    3    0  126    0  129    0
0    0   63  252   33    8   63    0   29    0  140    0  140    0  206   34   82  255  178    3   20    0    3    0  126    0  129    0
0    0   67  252   34    8   63    0   29    0  140    0  140    0  195   33   83  255  179    3   20    0    3    0  126    0  129    0
0    0   71  252   35    8   62    0   28    0  140    0  140    0  171   31   93  255  185    3   35    0    6    0  127    0  130    0
0    0   85  252   41    8   80    0   36    0  140    0  140    0   36   32   95  255  186    3   35    0    6    0  127    0  130    0
0    0   77  252   37    8   56    0   26    0  140    0  140    0   80   35   86  255  173    3   15    0    2    0  113    0  122    0
0    0   64  252   32    8   28    0   13    0  140    0  140    0  179   34   85  255  174    3   12    0    2    0  116    0  124    0
0    0   66  252   33    8   28    0   13    0  140    0  140    0  207   31   79  255  171    3    1    0    0    0  119    0  126    0
0    0  107  252   54    8  102    0   46    0  140    0  140    0  138   32   74  255  168    3  248  255  255  255  121    0  127    0
0    0  113  252   57    8  102    0   46    0  140    0  140    0   72   30   71  255  171    3  243  255  254  255  123    0  128    0
0    0  154  252   78    8  165    0   69    0  140    0  140    0  182   37   62  255  173    3  228  255  251  255  125    0  129    0
0    0  174  252   89    8  184    0   73    0  140    0  140    0  141   31   57  255  170    3  224  255  191  255  126    0  130    0
0    0  197  252  100    8  207    0   80    0  140    0  140    0  218   31   55  255  166    3  224  255  191  255  126    0  130    0
0    0  214  252  109    8  216    0   81    0  140    0  140    0  244   35   54  255  162    3  224  255  191  255  126    0  130    0
0    0  224  252  114    8  211    0   78    0  140    0  140    0  226   32   52  255  158    3  224  255  191  255  126    0  130    0
0    0  237  252  121    8  212    0   77    0  140    0  140    0  158   34   50  255  154    3  224  255  191  255  126    0  130    0
0    0  241  252  124    8  197    0   71    0  140    0  140    0  248   31   48  255  151    3  224  255  191  255  126    0  130    0
0    0  248  252  127    8  188    0   67    0  140    0  140    0  244   33   70  255  146    3    6    0  193  255  117    0  120    0
0    0  253  252  131    8  177    0   63    0  140    0  140    0  131   35   65  255  158    3    0    0  192  255  105    0  111    0
0    0    0  253  133    8  163    0   57    0  140    0  140    0  136   33   67  255  156    3    5    0  192  255  109    0  114    0
0    0    0  253  134    8  145    0   51    0  140    0  140    0   93   34   69  255  143    3    5    0  192  255   97    0  109    0
0    0    2  253  136    8  132    0   46    0  140    0  140    0   17   33   68  255  135    3    1    0  191  255   85    0  107    0
0    0    5  253  138    8  123    0   43    0  140    0  140    0  160   36   73  255  127    3   12    0  194  255   76    0  102    0
0    0    2  253  138    8  104    0   36    0  140    0  140    0    6   33   75  255  117    3   12    0  194  255   73    0   96    0
0    0    0  253  138    8   89    0   31    0  140    0  140    0  174   35   75  255  113    3   10    0  193  255   81    0  101    0
0    0  255  252  139    8   77    0   27    0  140    0  140    0   48   32   76  255  109    3   10    0  193  255   81    0  101    0
0    0    2  253  140    8   74    0   25    0  140    0  140    0  232   32   78  255  105    3   15    0  194  255   88    0  105    0
0    0    0  253  140    8   62    0   22    0  140    0  140    0   11   35   85  255  102    3   28    0  197  255   85    0   98    0
0    0  248  252  138    8   39    0   14    0  140    0  140    0    9   35   86  255   98    3   28    0  197  255   85    0   98    0
0    0  243  252  137    8   25    0    9    0  140    0  140    0   28   31   88  255   94    3   28    0  197  255   85    0   98    0
0    0  241  252  137    8   19    0    6    0  140    0  140    0  120   34   96  255   94    3   41    0  200  255   78    0   92    0
0    0  243  252  139    8   22    0    7    0  140    0  140    0   19   34  102  255   94    3   51    0  201  255   85    0   98    0
0    0  247  252  140    8   26    0    9    0  140    0  140    0   33   31  105  255   91    3   51    0  201  255   85    0   98    0
0    0  247  252  141    8   24    0    8    0  140    0  140    0   52   35  108  255   88    3   51    0  201  255   85    0   98    0
0    0  244  252  140    8   15    0    5    0  140    0  140    0  177   32  114  255   86    3   57    0  201  255   91    0  103    0
0    0  241  252  140    8    7    0    2    0  140    0  140    0  142   35  137  255  103    3  102    0  208  255   83    0   96    0
0    0  239  252  140    8    4    0    1    0  140    0  140    0  211   31  144  255  104    3  106    0  206  255   90    0  101    0
0    0  241  252  140    8    6    0    2    0  140    0  140    0   51   32  143  255  101    3   88    0  204  255   81    0   94    0
0    0  245  252  142    8   15    0    5    0  140    0  140    0  210   34  147  255   99    3   83    0  203  255   88    0   99    0
0    0  252  252  145    8   26    0    9    0  140    0  140    0  153   32  155  255   98    3   92    0  203  255   94    0  104    0
0    0    5  253  149    8   40    0   14    0  140    0  140    0  152   33  159  255  105    3   92    0  203  255   88    0   97    0
0    0   16  253  153    8   57    0   19    0  140    0  140    0  219   32  164  255  100    3   89    0  202  255   94    0  102    0
0    0   23  253  156    8   63    0   21    0  140    0  140    0   76   31  178  255  103    3  112    0  203  255   87    0   98    0
0    0   22  253  155    8   54    0   18    0  140    0  140    0  219   32  182  255  101    3  107    0  202  255   93    0  103    0
0    0   21  253  156    8   47    0   16    0  140    0  140    0  187   32  189  255   98    3  107    0  202  255   93    0  103    0
0    0   21  253  156    8   42    0   14    0  140    0  140    0  244   31  186  255   94    3   86    0  200  255   98    0  107    0
0    0   21  253  156    8   36    0   12    0  140    0  140    0  204   32  191  255   91    3   86    0  200  255   98    0  107    0
0    0   15  253  154    8   22    0    7    0  140    0  140    0  198   32  191  255   86    3   73    0  198  255  103    0  111    0
0    0   14  253  154    8   17    0    5    0  140    0  140    0  185   30  196  255   82    3   73    0  198  255  103    0  111    0
0    0   14  253  155    8   15    0    5    0  140    0  140    0  227   31  200  255   79    3   73    0  198  255  103    0  111    0
0    0   12  253  154    8    9    0    3    0  140    0  140    0  196   31  204  255   75    3   73    0  198  255  103    0  111    0
0    0   14  253  155    8   12    0    4    0  140    0  140    0  103   32  185  255   94    3   34    0  139  255  107    0  114    0
0    0   14  253  155    8   11    0    3    0  140    0  140    0  204   33  187  255   87    3   34    0  139  255  107    0  114    0
0    0   12  253  154    8    5    0    1    0  140    0  140    0  144   31  189  255   80    3   34    0  139  255  107    0  114    0
0    0    9  253  154    8    0    0    0    0  140    0  140    0  176   31  169  255   77    3  254  255  191  255  111    0  117    0
0    0    4  253  152    8  248  255  253  255  140    0  140    0  250   33  145  255   85    3  214  255  188  255   97    0  108    0
0    0  255  252  151    8  239  255  250  255  140    0  140    0  145   35  142  255   81    3  214  255  188  255   97    0  108    0
0    0  250  252  149    8  230  255  247  255  140    0  140    0  165   34  136  255   73    3  206  255  185  255  102    0  112    0
0    0  244  252  147    8  223  255  245  255  140    0  140    0   97   30  133  255   69    3  206  255  185  255  102    0  112    0  234   30  104  255    4    3    0    0  191  255   92    0  106    0
0    0  241  252  146    8  221  255  244  255  140    0  140    0   57   36  128  255   61    3  202  255  183  255  106    0  115    0   10   35  104  255    0    3    0    0  191  255   92    0  106    0
0    0  238  252  145    8  220  255  243  255  140    0  140    0  116   36  127  255   57    3  205  255  184  255  110    0  118    0
0    0  239  252  146    8  226  255  246  255  140    0  140    0  108   31  129  255   36    3  211  255  184  255   99    0  111    0
0    0  242  252  147    8  235  255  249  255  140    0  140    0  246   33  124  255   37    3  208  255  184  255   89    0  103    0
0    0  243  252  148    8  240  255  251  255  140    0  140    0  136   35  126  255   39    3  221  255  186  255   78    0   96    0
0    0  242  252  147    8  240  255  251  255  140    0  140    0  131   33  123  255   35    3  220  255  186  255   85    0  101    0
0    0  239  252  146    8  235  255  249  255  140    0  140    0  201   34  121  255   30    3  219  255  185  255   91    0  105    0
0    0  235  252  145    8  230  255  247  255  140    0  140    0  110   36  121  255   26    3  226  255  186  255   97    0  109    0
0    0  232  252  144    8  228  255  246  255  140    0  140    0  191   34  119  255   21    3  226  255  186  255   97    0  109    0
0    0  230  252  144    8  228  255  246  255  140    0  140    0  137   32  121  255   19    3  235  255  188  255  102    0  112    0
0    0  230  252  144    8  231  255  247  255  140    0  140    0   93   32  129  255   26    3    2    0  193  255   89    0  103    0
0    0  231  252  144    8  235  255  249  255  140    0  140    0  114   34  130  255   22    3    4    0  193  255   95    0  107    0
0    0  234  252  145    8  244  255  252  255  140    0  140    0  233   33  132  255   17    3    8    0  193  255  100    0  111    0
0    0  236  252  146    8  250  255  254  255  140    0  140    0  234   32  138  255    3    3   18    0  194  255   89    0  105    0
0    0  239  252  147    8  255  255    0    0  140    0  140    0  235   36  136  255  254    2   12    0  194  255   95    0  109    0
0    0  240  252  148    8    1    0    0    0  140    0  140    0   17   36  137  255    1    3   13    0  194  255   87    0  103    0
0    0  242  252  149    8    5    0    1    0  140    0  140    0  130   32  138  255  254    2   14    0  194  255   93    0  107    0
0    0  242  252  149    8    4    0    1    0  140    0  140    0   23   31  140  255  251    2   16    0  194  255   98    0  111    0
0    0  242  252  149    8    3    0    1    0  140    0  140    0   37   36  141  255  247    2   16    0  194  255   98    0  111    0
0    0  243  252  149    8    4    0    1    0  140    0  140    0   55   36  144  255  246    2   23    0  196  255   89    0  105    0
0    0  242  252  149    8    3    0    1    0  140    0  140    0  109   35  146  255  243    2   23    0  196  255   89    0  105    0
0    0  242  252  149    8    1    0    0    0  140    0  140    0  192   35  145  255  240    2   18    0  195  255   95    0  109    0
0    0  240  252  148    8  255  255    0    0  140    0  140    0  143   34  147  255  236    2   21    0  195  255  100    0  112    0
0    0  239  252  148    8  252  255  255  255  140    0  140    0  246   32  149  255  233    2   21    0  195  255  105    0  115    0
0    0  236  252  147    8  249  255  254  255  140    0  140    0  227   32  136  255  232    2  249  255  191  255   95    0  108    0
0    0  237  252  147    8  251  255  255  255  140    0  140    0   93   33  135  255  229    2  249  255  191  255   95    0  108    0
0    0  237  252  147    8  252  255  255  255  140    0  140    0  179   34  142  255  211    2    5    0  191  255   86    0   99    0
0    0  238  252  148    8  254  255    0    0  140    0  140    0  252   33  143  255  207    2    5    0  191  255   86    0   99    0
0    0  236  252  147    8  251  255  255  255  140    0  140    0   37   31  140  255  193    2  252  255  189  255   77    0   95    0
0    0  235  252  147    8  248  255  254  255  140    0  140    0  193   33  137  255  197    2  248  255  190  255   70    0   91    0
0    0  232  252  146    8  244  255  252  255  140    0  140    0  243   31  142  255  187    2    4    0  192  255   62    0   88    0
0    0  230  252  145    8  241  255  251  255  140    0  140    0   63   32  143  255  183    2    4    0  192  255   62    0   88    0
0    0  227  252  144    8  238  255  250  255  140    0  140    0   36   34  147  255  180    2   14    0  194  255   71    0   94    0
0    0  224  252  143    8  235  255  249  255  140    0  140    0  183   35  150  255  175    2   20    0  195  255   79    0   99    0
0    0  221  252  142    8  232  255  247  255  140    0  140    0  229   34  151  255  171    2   20    0  195  255   79    0   99    0
0    0  217  252  141    8  227  255  246  255  140    0  140    0   11   34  156  255  167    2   28    0  196  255   86    0  104    0
0    0  216  252  140    8  228  255  246  255  140    0  140    0  183   30  161  255  162    2   34    0  197  255   92    0  108    0
0    0  215  252  140    8  229  255  246  255  140    0  140    0  147   33  165  255  158    2   38    0  197  255   98    0  112    0
0    0  214  252  139    8  231  255  247  255  140    0  140    0   86   36  173  255  154    2   47    0  198  255  103    0  115    0
0    0  214  252  140    8  234  255  248  255  140    0  140    0   71   34  172  255  149    2   41    0  197  255  107    0  118    0
0    0  214  252  140    8  236  255  249  255  140    0  140    0   96   34  167  255  140    2   26    0  196  255   94    0  109    0
0    0  214  252  140    8  239  255  250  255  140    0  140    0  189   34  170  255  137    2   28    0  196  255   99    0  112    0
0    0  216  252  140    8  243  255  252  255  140    0  140    0  159   34  170  255  133    2   27    0  196  255  104    0  115    0
0    0  216  252  140    8  245  255  252  255  140    0  140    0  134   30  172  255  129    2   27    0  196  255  104    0  115    0
0    0  215  252  140    8  246  255  253  255  140    0  140    0  126   35  158  255  148    2  253  255  195  255   93    0  106    0
0    0  214  252  140    8  245  255  252  255  140    0  140    0    3   31  158  255  144    2  253  255  195  255   93    0  106    0
0    0  214  252  140    8  245  255  252  255  140    0  140    0   71   36  158  255  141    2  253  255  195  255   93    0  106    0
0    0  213  252  139    8  244  255  252  255  140    0  140    0   42   35  162  255  137    2    9    0  193  255   98    0  110    0
0    0  212  252  139    8  244  255  252  255  140    0  140    0   55   36  148  255  129    2  229  255  188  255   90    0  101    0
0    0  212  252  139    8  247  255  253  255  140    0  140    0    7   31  151  255  120    2  240  255  189  255   80    0   96    0
0    0  211  252  138    8  245  255  252  255  140    0  140    0   41   36  152  255  117    2  244  255  190  255   87    0  101    0
0    0  208  252  138    8  241  255  251  255  140    0  140    0   48   33  151  255  113    2  244  255  190  255   87    0  101    0
0    0  205  252  136    8  236  255  249  255  140    0  140    0   26   36  146  255  104    2  231  255  187  255   76    0   97    0
0    0  181  252  128    8  226  255  245  255  140    0  140    0  168   34  141  255   66    2  246  255  189  255   84    0  139    0
0    0  180  252  127    8  226  255  245  255  140    0  140    0    5   34  141  255   62    2  246  255  189  255   84    0  139    0   58   31  105  251  241    7  166  255  204  255  140    0  140    0
22    0  114  251  240    7  190  255  218  255  140    0  140    0   52   34  139  255   58    2  245  255  189  255   80    0  140    0
22    0  115  251  235    7  195  255  221  255  140    0  140    0    9   31  145  255   54    2  255  255  191  255   87    0  140    0
22    0  116  251  231    7  201  255  225  255  140    0  140    0  246   34  145  255   50    2  255  255  191  255   87    0  140    0
22    0  117  251  228    7  205  255  227  255  140    0  140    0   66   34  145  255   46    2  255  255  191  255   87    0  140    0
22    0  120  251  226    7  215  255  233  255  140    0  140    0   83   29  145  255   42    2  255  255  191  255   87    0  140    0   65   25  215  255   63    2    4    0  193  255   88    0  125    0
22    0  113  251  219    7  205  255  227  255  140    0  140    0  199   35  145  255   38    2  255  255  191  255   87    0  140    0   17   37  215  255   59    2    4    0  193  255   88    0  125    0
22    0  112  251  216    7  206  255  227  255  140    0  140    0  255   34  144  255   73    2    1    0  197  255   85    0  132    0
22    0  108  251  211    7  202  255  225  255  140    0  140    0  121   33  145  255   67    2    2    0  192  255   79    0  133    0
22    0  107  251  208    7  205  255  227  255  140    0  140    0  105   34  146  255   63    2    2    0  192  255   79    0  133    0
22    0  113  251  210    7  221  255  236  255  140    0  140    0  131   32  146  255   59    2    2    0  192  255   79    0  133    0  217   35  224  255   48    2   22    0  195  255   84    0  124    0
22    0  118  251  211    7  233  255  243  255  140    0  140    0  133   34  146  255   55    2    2    0  192  255   79    0  133    0   80   29  225  255   42    2   20    0  194  255   85    0  132    0
22    0  120  251  210    7  239  255  246  255  140    0  140    0    0   34  150  255   49    2    9    0  193  255   90    0  143    0  118   36  226  255   39    2   20    0  194  255   85    0  132    0
22    0  130  251  214    7    0    0    0    0  140    0  140    0  147   33  151  255   45    2    9    0  193  255   90    0  143    0   79   30  237  255   59    2   42    0  135  255   91    0  133    0
22    0  134  251  215    7    8    0    4    0  140    0  140    0  206   34  153  255   22    2   10    0  130  255   87    0  131    0    4   31  240  255   52    2   42    0  135  255   91    0  133    0
22    0  139  251  217    7   16    0    9    0  140    0  140    0    4   33  153  255   15    2   10    0  130  255   87    0  131    0   71   32  242  255   44    2   42    0  135  255   91    0  133    0
22    0  146  251  219    7   25    0   14    0  140    0  140    0  172   32  152  255    3    2    5    0  188  255   93    0  132    0  216   34   59  253  246    9   33  255  250  254  133    0  133    0  136   33    5    0   98    2   79    0  135  255   82    0  125    0
22    0  148  251  219    7   25    0   14    0  140    0  140    0   74   33  153  255  255    1    5    0  188  255   93    0  132    0   12   35   46  253  230    9   33  255  250  254  133    0  133    0    4   33   10    0  104    2   80    0  127  255   89    0  126    0
22    0  150  251  219    7   26    0   14    0  140    0  140    0  196   30  160  255  252    1   17    0  195  255   85    0  133    0  200   37   15    0   96    2   80    0  127  255   89    0  126    0
22    0  148  251  217    7   19    0   10    0  140    0  140    0  182   36  161  255  244    1   16    0  194  255   91    0  133    0  248   32   20    0   89    2   80    0  127  255   89    0  126    0
22    0  149  251  217    7   18    0   10    0  140    0  140    0  240   33  162  255  240    1   16    0  194  255   91    0  133    0  144   33   21    0   94    2   71    0  127  255   95    0  127    0
22    0  150  251  218    7   18    0   10    0  140    0  140    0   85   34  170  255  239    1   30    0  135  255   97    0  133    0  101   35   25    0   86    2   71    0  127  255   95    0  127    0
22    0  151  251  218    7   18    0   10    0  140    0  140    0  131   31  172  255  232    1   30    0  135  255   97    0  133    0   75   34   30    0   78    2   71    0  127  255   95    0  127    0
22    0  153  251  219    7   18    0   10    0  140    0  140    0   12   33  174  255  225    1   30    0  135  255   97    0  133    0  181   35   36    0   94    2   74    0  125  255  100    0  128    0
22    0  154  251  219    7   18    0   10    0  140    0  140    0   36   33  175  255  218    1   30    0  135  255   97    0  133    0  159   33   40    0   86    2   74    0  125  255  100    0  128    0
22    0  155  251  220    7   18    0   10    0  140    0  140    0   87   34  168  255  212    1   14    0  192  255  102    0  133    0  136   34   45    0   78    2   74    0  125  255  100    0  128    0
22    0  156  251  221    7   18    0   10    0  140    0  140    0  204   31  173  255  212    1   21    0  195  255  106    0  133    0   29   35   49    0   70    2   74    0  125  255  100    0  128    0
22    0  157  251  221    7   18    0   10    0  140    0  140    0  252   32  174  255  209    1   21    0  195  255  106    0  133    0   93   35   54    0   62    2   74    0  125  255  100    0  128    0
22    0  158  251  222    7   18    0   10    0  140    0  140    0   43   36  178  255  204    1   24    0  196  255  110    0  133    0
22    0  159  251  222    7   18    0   10    0  140    0  140    0  166   34  173  255  198    1   15    0  135  255  103    0  120    0
22    0  160  251  223    7   18    0   10    0  140    0  140    0    1   33  174  255  190    1   15    0  135  255  103    0  120    0
22    0  175  255  183    1   15    0  135  255  103    0  120    0  130   35  161    3  241    6    9    0  252  255  140    0  140    0
37    0  159    3  242    6    3    0  254  255  140    0  140    0   10   36  178  255  177    1   19    0  129  255   95    0  122    0
37    0  154    3  245    6  248  255    4    0  140    0  140    0  162   30  180  255  172    1   23    0  130  255  100    0  124    0
37    0  151    3  247    6  243  255    6    0  140    0  140    0  240   32  178  255  166    1   15    0  188  255   94    0  123    0
37    0  146    3  249    6  234  255   11    0  140    0  140    0  249   32  177  255  161    1   12    0  134  255   99    0  125    0
37    0  146    3  249    6  238  255    9    0  140    0  140    0    5   34  178  255  153    1   12    0  134  255   99    0  125    0
37    0  140    3  252    6  228  255   14    0  140    0  140    0   18   34  178  255  146    1   11    0  128  255  104    0  126    0
37    0  137    3  254    6  226  255   15    0  140    0  140    0  211   30  177  255  139    1    9    0  127  255   94    0  125    0
37    0  140    3  252    6  235  255   10    0  140    0  140    0  105   34  177  255  131    1    7    0  126  255   99    0  126    0
37    0  148    3  248    6  253  255    2    0  140    0  140    0   40   33  177  255  124    1    7    0  126  255   99    0  126    0
37    0  143    3  251    6  244  255    6    0  140    0  140    0  223   35  163  255  109    1  233  255  181  255   88    0  116    0
37    0  136    3  254    6  232  255   12    0  140    0  140    0  190   35  162  255  107    1  239  255  125  255   81    0  116    0
37    0  137    3  254    6  237  255    9    0  140    0  140    0  126   35  161  255  101    1  237  255  179  255   88    0  119    0
37    0  137    3  254    6  239  255    8    0  140    0  140    0  224   32  160  255   96    1  236  255  184  255   94    0  121    0
37    0  141    3  252    6  248  255    4    0  140    0  140    0    1   34  159  255   92    1  236  255  184  255   94    0  121    0
37    0  139    3  253    6  245  255    5    0  140    0  140    0   67   35  161  255   91    1  245  255  187  255   99    0  123    0
37    0  133    3    0    7  235  255   10    0  140    0  140    0   22   33  157  255   88    1  238  255  185  255  104    0  125    0
37    0  133    3  255    6  239  255    8    0  140    0  140    0   71   29  156  255   84    1  238  255  185  255  104    0  125    0
37    0  137    3  253    6  248  255    4    0  140    0  140    0   16   32  154  255   80    1  238  255  185  255  104    0  125    0
37    0  134    3  255    6  243  255    7    0  140    0  140    0  109   30  153  255   76    1  238  255  185  255  104    0  125    0
37    0  134    3  255    6  245  255    5    0  140    0  140    0   16   35  154  255   67    1  245  255  120  255  108    0  126    0
37    0  138    3  253    6  254  255    1    0  140    0  140    0  225   31  151  255   61    1  238  255  176  255   99    0  128    0
37    0  136    3  254    6  250  255    3    0  140    0  140    0   50   36  150  255   56    1  238  255  176  255   99    0  128    0
37    0  136    3  254    6  250  255    3    0  140    0  140    0  120   31  148  255   52    1  238  255  176  255   99    0  128    0
37    0  138    3  253    6  255  255    0    0  140    0  140    0   43   35  143  255   49    1  231  255  179  255   92    0  128    0
37    0  140    3  252    6    1    0    0    0  140    0  140    0  162   35  141  255   45    1  231  255  179  255   92    0  128    0
37    0  140    3  252    6    1    0    0    0  140    0  140    0   80   37  135  255   38    1  224  255  174  255   85    0  128    0
37    0  140    3  252    6    2    0  255  255  140    0  140    0   82   36  133  255   33    1  224  255  174  255   85    0  128    0
37    0  139    3  253    6    0    0    0    0  140    0  140    0    4   35  131  255   28    1  224  255  174  255   85    0  128    0
37    0  135    3  255    6  249  255    3    0  140    0  140    0   15   35  122  255   21    1  212  255  164  255   81    0  132    0
37    0  131    3    1    7  242  255    7    0  140    0  140    0  103   34  119  255   15    1  212  255  164  255   81    0  132    0
37    0  128    3    2    7  239  255    8    0  140    0  140    0   65   35  117  255   10    1  212  255  164  255   81    0  132    0
37    0  130    3    1    7  244  255    6    0  140    0  140    0   84   32  114  255    4    1  212  255  164  255   81    0  132    0
37    0  131    3    1    7  247  255    4    0  140    0  140    0  117   30  111  255  254    0  212  255  164  255   81    0  132    0
37    0  135    3  254    6    0    0    0    0  140    0  140    0   58   32  109  255  249    0  212  255  164  255   81    0  132    0
37    0  136    3  254    6    0    0    0    0  140    0  140    0  100   31  106  255  243    0  212  255  164  255   81    0  132    0
37    0  138    3  253    6    4    0  254  255  140    0  140    0   27   29  103  255  238    0  212  255  164  255   81    0  132    0   89   31  199  255   64    2  202  255  181  255  122    0  126    0
37    0  139    3  253    6    6    0  253  255  140    0  140    0  113   34  101  255  232    0  212  255  164  255   81    0  132    0  110   33  196  255   60    2  202  255  181  255  122    0  126    0
37    0  139    3  252    6    6    0  253  255  140    0  140    0  112   32   98  255  227    0  212  255  164  255   81    0  132    0   98   32  115  250  172   19  215  254  174  255  139    0  133    0
37    0  144    3  250    6   13    0  249  255  140    0  140    0   67   34   95  255  221    0  212  255  164  255   81    0  132    0  216   33  185  255   47    2  191  255  183  255  124    0  127    0  100   33   99  250  168   19  219  254  173  255  139    0  133    0
37    0  143    3  250    6   11    0  250  255  140    0  140    0  131   36   82  250  163   19  219  254  173  255  139    0  133    0   27   36  181  255   42    2  191  255  183  255  126    0  128    0
37    0  144    3  250    6   11    0  251  255  140    0  140    0  169   33   40  250  151   19  178  254  157  255  139    0  133    0  157   32  168  255   28    2  172  255  178  255  112    0  121    0
37    0  145    3  250    6   12    0  250  255  140    0  140    0  217   34   20  250  145   19  178  254  157  255  139    0  133    0  126   37  167  255   24    2  179  255  179  255  115    0  123    0
37    0  146    3  249    6   13    0  250  255  140    0  140    0  205   35    0  250  139   19  178  254  157  255  139    0  133    0  231   30  163  255   18    2  183  255  119  255  118    0  125    0
37    0  150    3  247    6   18    0  247  255  140    0  140    0  194   33  236  249  133   19  178  254  157  255  139    0  133    0   82   34  158  255   10    2  183  255  119  255  118    0  125    0
37    0  148    3  248    6   13    0  249  255  140    0  140    0  108   35  152  255    2    2  177  255  172  255  120    0  126    0
37    0  148    3  248    6   10    0  251  255  140    0  140    0   10   34  148  255  253    1  177  255  172  255  120    0  126    0
37    0  145    3  250    6    4    0  254  255  140    0  140    0  151   32  143  255  248    1  177  255  172  255  120    0  126    0
37    0  141    3  252    6  252  255    2    0  140    0  140    0  117   36  149  255  241    1  199  255  115  255  122    0  127    0
37    0  134    3  255    6  241  255    8    0  140    0  140    0   37   34  151  255  235    1  206  255  174  255  124    0  128    0
37    0  132    3    0    7  238  255    9    0  140    0  140    0  164   34  148  255  230    1  206  255  174  255  124    0  128    0
37    0  131    3    0    7  239  255    8    0  140    0  140    0   85   34  145  255  225    1  206  255  174  255  124    0  128    0
37    0  127    3    3    7  233  255   11    0  140    0  140    0   45   33  146  255  222    1  214  255  181  255  126    0  129    0
37    0  125    3    3    7  232  255   11    0  140    0  140    0  213   31  143  255  219    1  212  255  180  255  127    0  130    0
37    0  125    3    4    7  234  255   11    0  140    0  140    0   98   34  142  255  216    1  216  255  181  255  128    0  131    0
37    0  125    3    4    7  237  255    9    0  140    0  140    0   79   35  140  255  212    1  216  255  181  255  128    0  131    0
37    0  123    3    5    7  235  255   10    0  140    0  140    0  162   34  140  255  210    1  222  255  182  255  129    0  132    0
37    0  120    3    6    7  232  255   12    0  140    0  140    0   35   34  134  255  203    1  214  255  179  255  130    0  133    0
37    0  117    3    8    7  229  255   13    0  140    0  140    0  199   32  133  255  198    1  217  255  180  255  131    0  133    0
37    0  116    3    8    7  230  255   13    0  140    0  140    0   67   32  132  255  193    1  219  255  180  255  132    0  133    0
37    0  116    3    8    7  232  255   11    0  140    0  140    0   90   33  130  255  189    1  219  255  180  255  132    0  133    0
37    0  120    3    6    7  244  255    6    0  140    0  140    0  223   33  127  255  184    1  217  255  178  255  133    0  133    0
37    0  119    3    7    7  244  255    6    0  140    0  140    0  155   34  124  255  179    1  216  255  177  255  133    0  133    0
37    0  117    3    8    7  241  255    7    0  140    0  140    0  210   34  124  255  175    1  226  255  119  255  133    0  133    0  182   33   55  255   82    6  253  255    0    0  140    0  140    0
37    0  114    3    9    7  236  255    9    0  140    0  140    0  248   34  120  255  168    1  219  255  171  255  133    0  133    0   95   35   67  255   84    6   20    0    2    0  140    0  140    0
37    0  116    3    8    7  243  255    6    0  140    0  140    0   32   33  118  255  163    1  218  255  176  255  133    0  133    0   75   35   75  255   85    6   33    0    3    0  140    0  140    0
37    0  118    3    7    7  249  255    3    0  140    0  140    0   57   35  116  255  157    1  219  255  176  255  133    0  133    0  169   33   73  255   84    6   25    0    2    0  140    0  140    0
37    0  119    3    7    7  250  255    2    0  140    0  140    0  137   30  113  255  151    1  217  255  175  255  133    0  133    0  227   32   65  255   83    6    6    0    0    0  140    0  140    0
37    0  119    3    7    7  252  255    2    0  140    0  140    0  177   33  110  255  146    1  217  255  175  255  133    0  133    0   90   34   65  255   83    6    6    0    0    0  140    0  140    0
37    0  121    3    5    7    0    0    0    0  140    0  140    0  115   35  107  255  140    1  216  255  173  255  133    0  133    0  234   34   64  255   83    6    2    0    0    0  140    0  140    0
37    0  122    3    5    7    0    0    0    0  140    0  140    0  122   31  107  255  135    1  219  255  174  255  133    0  133    0  242   35   57  255   82    6  246  255  255  255  140    0  140    0
37    0  121    3    5    7    0    0    0    0  140    0  140    0   81   30  102  255  130    1  210  255  230  255  133    0  133    0   74   33   58  255   82    6  248  255  255  255  140    0  140    0
37    0  119    3    7    7  252  255    2    0  140    0  140    0   65   33   99  255  128    1  210  255  230  255  133    0  133    0  231   34   63  255   83    6    2    0    0    0  140    0  140    0
37    0  120    3    6    7  254  255    1    0  140    0  140    0  176   34   93  255  125    1  202  255  233  255  133    0  133    0  241   33   62  255   83    6    0    0    0    0  140    0  140    0
37    0  120    3    6    7  254  255    1    0  140    0  140    0  156   34   87  255  122    1  204  255  171  255  133    0  133    0   60   33   71  255   84    6   18    0    2    0  140    0  140    0
37    0  119    3    6    7  254  255    1    0  140    0  140    0  109   34   84  255  117    1  204  255  171  255  133    0  133    0   77   37   69  255   84    6   11    0    1    0  140    0  140    0
37    0  132    3    0    7   20    0  246  255  140    0  140    0   18   35   79  255  108    1  200  255  158  255  133    0  133    0   12   35   65  255   83    6    2    0    0    0  140    0  140    0
37    0  133    3  255    6   20    0  246  255  140    0  140    0  213   33   75  255  102    1  200  255  158  255  133    0  133    0  124   32   68  255   84    6    8    0    0    0  140    0  140    0
