000
000
000
000
000
000
000
000
000
000
000
000
000
000
000
000
000
000
000
000
000
000
000
000
000
000
000
000
000
000
000
000
000
000
000
000
000
000
000
000
000
000
000
000
000
000
000
000
000
000
000
000
000
000
000
000
000
000
000
000
000
000
000
000
000
000
000
000
000
000
000
000
000
000
000
000
000
000
000
000
000
000
000
000
000
000
000
000
000
000
000
000
000
000
000
000
000
000
000
000
000
000
000
000
000
000
000
000
000
000
000
000
000
000
000
000
000
000
000
000
000
000
000
000
000
000
000
000
000
000
000
000
000
000
000
000
000
000
000
000
000
000
000
000
000
000
000
000
000
000
000
000
000
000
000
000
000
000
000
000
000
000
000
000
000
000
000
000
000
000
000
000
000
000
000
000
000
000
000
000
000
000
000
000
000
000
-7.506439700263492 -7.907784944808464 -0.0 0.0
-7.506439700263492 -7.907784944808464 -0.0 0.0
-7.5160650971976235 -7.893206621341397 -0.02029747040119778 0.011718749999999998
-7.522830920664689 -7.889300371341397 -0.043454514269461494 0.034109573467065925
-7.539222141065887 -7.870815797874332 -0.06661155813772521 0.05650039693413185
-7.559519611467085 -7.859097047874332 -0.09262817547305484 0.0895632938682637
-7.559519611467085 -7.859097047874332 -0.0897686020059889 0.07889122040119778
-7.559519611467085 -7.859097047874332 -0.07623695507185706 0.07107872040119778
-7.562379184934151 -7.848424974407266 -0.07623695507185706 0.07107872040119778
-7.559519611467085 -7.859097047874332 -0.053079911203593344 0.04868789693413185
-7.545987964532953 -7.866909547874332 -0.02315704386826371 0.022390823467065925
-7.545987964532953 -7.866909547874332 -0.02029747040119778 0.011718749999999998
-7.552753788000019 -7.863003297874332 -0.029922867335329638 0.026297073467065925
-7.552753788000019 -7.863003297874332 -0.02029747040119778 0.011718749999999998
-7.545987964532953 -7.866909547874332 -0.0 0.0
-7.545987964532953 -7.866909547874332 -0.0 0.0
000
000
000
000
000
000
000
000
000
000
-7.539222141065887 -7.870815797874332 -0.03668869080239556 0.030203323467065925
-7.539222141065887 -7.870815797874332 -0.02029747040119778 0.011718749999999998
-7.539222141065887 -7.870815797874332 -0.02029747040119778 0.011718749999999998
-7.545987964532953 -7.866909547874332 -0.043454514269461494 0.034109573467065925
-7.552753788000019 -7.863003297874332 -0.05022033773652742 0.038015823467065925
-7.559519611467085 -7.859097047874332 -0.04631408773652742 0.04478164693413185
-7.582676655335348 -7.836706224407266 -0.09262817547305484 0.0895632938682637
-7.585536228802415 -7.826034150940199 -0.09939399894012077 0.0934695438682637
-7.585536228802415 -7.826034150940199 -0.0897686020059889 0.07889122040119778
-7.582676655335348 -7.836706224407266 -0.053079911203593344 0.04868789693413185
-7.582676655335348 -7.836706224407266 -0.04631408773652742 0.04478164693413185
-7.582676655335348 -7.836706224407266 -0.043454514269461494 0.034109573467065925
-7.569145008401216 -7.844518724407266 -0.013531646934131855 0.007812499999999999
-7.569145008401216 -7.844518724407266 -0.0 0.0
-7.575910831868283 -7.840612474407266 -0.013531646934131855 0.007812499999999999
-7.569145008401216 -7.844518724407266 -0.006765823467065927 0.0039062499999999996
-7.575910831868283 -7.840612474407266 -0.013531646934131855 0.007812499999999999
-7.575910831868283 -7.840612474407266 -0.02029747040119778 0.011718749999999998
-7.569145008401216 -7.844518724407266 -0.0 0.0
-7.569145008401216 -7.844518724407266 -0.0 0.0
000
000
-7.569145008401216 -7.844518724407266 -0.0 0.0
-7.575910831868283 -7.840612474407266 -0.02029747040119778 0.011718749999999998
000
000
000
000
000
000
000
000
000
000
000
-7.559519611467085 -7.859097047874332 -0.006765823467065927 0.0039062499999999996
000
000
-7.559519611467085 -7.859097047874332 -0.0 0.0
-7.575910831868283 -7.840612474407266 -0.03668869080239556 0.030203323467065925
-7.582676655335348 -7.836706224407266 -0.04631408773652742 0.04478164693413185
-7.582676655335348 -7.836706224407266 -0.04631408773652742 0.04478164693413185
-7.582676655335348 -7.836706224407266 -0.03668869080239556 0.030203323467065925
-7.59230205226948 -7.822127900940199 -0.059845734670659276 0.05259414693413185
-7.605833699203613 -7.814315400940199 -0.07623695507185706 0.07107872040119778
-7.605833699203613 -7.814315400940199 -0.06661155813772521 0.05650039693413185
-7.608693272670678 -7.803643327473134 -0.06661155813772521 0.05650039693413185
-7.599067875736546 -7.818221650940199 -0.043454514269461494 0.034109573467065925
-7.605833699203613 -7.814315400940199 -0.043454514269461494 0.034109573467065925
-7.59230205226948 -7.822127900940199 -0.006765823467065927 0.0039062499999999996
-7.59230205226948 -7.822127900940199 -0.006765823467065927 0.0039062499999999996
-7.585536228802415 -7.826034150940199 -0.0 0.0
000
000
000
000
000
-7.59230205226948 -7.822127900940199 -0.013531646934131855 0.007812499999999999
-7.585536228802415 -7.826034150940199 -0.0 0.0
-7.585536228802415 -7.826034150940199 -0.0 0.0
000
000
000
000
000
-7.71597491960481 -7.958210590682716 -0.08404945507185706 0.05754707346706592
-7.722740743071876 -7.954304340682716 -0.08404945507185706 0.05754707346706592
-7.725600316538942 -7.94363226721565 -0.08404945507185706 0.05754707346706592
-7.725600316538942 -7.94363226721565 -0.08404945507185706 0.05754707346706592
-7.7323661400060075 -7.93972601721565 -0.08404945507185706 0.05754707346706592
-7.739131963473074 -7.93581976721565 -0.08404945507185706 0.05754707346706592
-7.745897786940139 -7.93191351721565 -0.08404945507185706 0.05754707346706592
-7.752663610407206 -7.92800726721565 -0.08404945507185706 0.05754707346706592
-7.752663610407206 -7.92800726721565 -0.08404945507185706 0.05754707346706592
-7.7594294338742715 -7.92410101721565 -0.08404945507185706 0.05754707346706592
-5.625940601928172 -2.1194149629042265 -4.0674568762275785 1.8612080327784395
000
000
000
000
000
000
000
000
000
000
000
000
000
000
000
000
000
000
000
000
000
000
000
000
000
000
000
000
000
000
000
000
000
000
000
000
000
000
000
000
000
000
000
000
000
000
000
000
000
000
000
000
000
000
000
000
000
000
000
000
000
000
000
000
-7.506439700263492 -7.907784944808464 -0.0 0.0
-7.506439700263492 -7.907784944808464 -0.0 0.0
-7.5160650971976235 -7.893206621341397 -0.02029747040119778 0.011718749999999998
-7.522830920664689 -7.889300371341397 -0.043454514269461494 0.034109573467065925
-7.539222141065887 -7.870815797874332 -0.06661155813772521 0.05650039693413185
-7.559519611467085 -7.859097047874332 -0.09262817547305484 0.0895632938682637
-7.559519611467085 -7.859097047874332 -0.0897686020059889 0.07889122040119778
-7.559519611467085 -7.859097047874332 -0.07623695507185706 0.07107872040119778
-7.562379184934151 -7.848424974407266 -0.07623695507185706 0.07107872040119778
-7.559519611467085 -7.859097047874332 -0.053079911203593344 0.04868789693413185
-7.545987964532953 -7.866909547874332 -0.02315704386826371 0.022390823467065925
-7.545987964532953 -7.866909547874332 -0.02029747040119778 0.011718749999999998
-7.552753788000019 -7.863003297874332 -0.029922867335329638 0.026297073467065925
-7.552753788000019 -7.863003297874332 -0.02029747040119778 0.011718749999999998
-7.545987964532953 -7.866909547874332 -0.0 0.0
-7.545987964532953 -7.866909547874332 -0.0 0.0
000
000
000
000
000
000
000
000
000
000
-7.539222141065887 -7.870815797874332 -0.03668869080239556 0.030203323467065925
-7.539222141065887 -7.870815797874332 -0.02029747040119778 0.011718749999999998
-7.539222141065887 -7.870815797874332 -0.02029747040119778 0.011718749999999998
-7.545987964532953 -7.866909547874332 -0.043454514269461494 0.034109573467065925
-7.552753788000019 -7.863003297874332 -0.05022033773652742 0.038015823467065925
-7.559519611467085 -7.859097047874332 -0.04631408773652742 0.04478164693413185
-7.582676655335348 -7.836706224407266 -0.09262817547305484 0.0895632938682637
-7.585536228802415 -7.826034150940199 -0.09939399894012077 0.0934695438682637
-7.585536228802415 -7.826034150940199 -0.0897686020059889 0.07889122040119778
-7.582676655335348 -7.836706224407266 -0.053079911203593344 0.04868789693413185
-7.582676655335348 -7.836706224407266 -0.04631408773652742 0.04478164693413185
-7.582676655335348 -7.836706224407266 -0.043454514269461494 0.034109573467065925
-7.569145008401216 -7.844518724407266 -0.013531646934131855 0.007812499999999999
-7.569145008401216 -7.844518724407266 -0.0 0.0
-7.575910831868283 -7.840612474407266 -0.013531646934131855 0.007812499999999999
-7.569145008401216 -7.844518724407266 -0.006765823467065927 0.0039062499999999996
-7.575910831868283 -7.840612474407266 -0.013531646934131855 0.007812499999999999
-7.575910831868283 -7.840612474407266 -0.02029747040119778 0.011718749999999998
-7.569145008401216 -7.844518724407266 -0.0 0.0
-7.569145008401216 -7.844518724407266 -0.0 0.0
000
000
-7.569145008401216 -7.844518724407266 -0.0 0.0
-7.575910831868283 -7.840612474407266 -0.02029747040119778 0.011718749999999998
000
000
000
000
000
000
000
000
000
000
000
-7.559519611467085 -7.859097047874332 -0.006765823467065927 0.0039062499999999996
000
000
-7.559519611467085 -7.859097047874332 -0.0 0.0
-7.575910831868283 -7.840612474407266 -0.03668869080239556 0.030203323467065925
-7.582676655335348 -7.836706224407266 -0.04631408773652742 0.04478164693413185
-7.582676655335348 -7.836706224407266 -0.04631408773652742 0.04478164693413185
-7.582676655335348 -7.836706224407266 -0.03668869080239556 0.030203323467065925
-7.59230205226948 -7.822127900940199 -0.059845734670659276 0.05259414693413185
-7.605833699203613 -7.814315400940199 -0.07623695507185706 0.07107872040119778
-7.605833699203613 -7.814315400940199 -0.06661155813772521 0.05650039693413185
-7.608693272670678 -7.803643327473134 -0.06661155813772521 0.05650039693413185
-7.599067875736546 -7.818221650940199 -0.043454514269461494 0.034109573467065925
-7.605833699203613 -7.814315400940199 -0.043454514269461494 0.034109573467065925
-7.59230205226948 -7.822127900940199 -0.006765823467065927 0.0039062499999999996
-7.59230205226948 -7.822127900940199 -0.006765823467065927 0.0039062499999999996
-7.585536228802415 -7.826034150940199 -0.0 0.0
000
000
000
000
000
-7.59230205226948 -7.822127900940199 -0.013531646934131855 0.007812499999999999
-7.585536228802415 -7.826034150940199 -0.0 0.0
-7.585536228802415 -7.826034150940199 -0.0 0.0
000
000
000
000
000
-7.71597491960481 -7.958210590682716 -0.08404945507185706 0.05754707346706592
-7.722740743071876 -7.954304340682716 -0.08404945507185706 0.05754707346706592
-7.725600316538942 -7.94363226721565 -0.08404945507185706 0.05754707346706592
-7.725600316538942 -7.94363226721565 -0.08404945507185706 0.05754707346706592
-7.7323661400060075 -7.93972601721565 -0.08404945507185706 0.05754707346706592
-7.739131963473074 -7.93581976721565 -0.08404945507185706 0.05754707346706592
-7.745897786940139 -7.93191351721565 -0.08404945507185706 0.05754707346706592
-7.752663610407206 -7.92800726721565 -0.08404945507185706 0.05754707346706592
-7.752663610407206 -7.92800726721565 -0.08404945507185706 0.05754707346706592
-7.7594294338742715 -7.92410101721565 -0.08404945507185706 0.05754707346706592
-5.625940601928172 -2.1194149629042265 -4.0674568762275785 1.8612080327784395
000
000
000
000
000
000
000
000
000
000
000
000
000
000
000
000
000
000
000
000
000
000
000
000
000
000
000
000
000
000
000
000
000
000
000
000
000
000
000
000
000
000
000
000
000
000
000
000
000
000
000
000
-1.360617639592793 -7.8566588814491585 -0.0 0.0
-1.360617639592793 -7.8566588814491585 -0.0 0.0
-1.360617639592793 -7.8566588814491585 -0.0 0.0
000
000
-1.360617639592793 -7.8566588814491585 -0.0 0.0
-1.360617639592793 -7.8566588814491585 -0.0 0.0
000
000
000
000
000
-1.3499455661257271 -7.853799307982093 -0.0 0.0
-1.3499455661257271 -7.853799307982093 -0.0 0.0
-1.3499455661257271 -7.853799307982093 -0.0 0.0
-1.3499455661257271 -7.853799307982093 -0.0 0.0
-1.3499455661257271 -7.853799307982093 -0.0 0.0
-1.3538518161257271 -7.8605651314491585 -0.0 0.0
-1.360617639592793 -7.8566588814491585 -0.0 0.0
-1.3499455661257271 -7.853799307982093 -0.0 0.0
-1.360617639592793 -7.8566588814491585 -0.006765823467065927 0.0039062499999999996
-1.360617639592793 -7.8566588814491585 -0.0 0.0
-1.360617639592793 -7.8566588814491585 -0.0 0.0
-1.3538518161257271 -7.8605651314491585 -0.0 0.0
000
000
000
000
000
000
000
-1.3499455661257271 -7.853799307982093 -0.0 0.0
-1.360617639592793 -7.8566588814491585 -0.017437896934131853 0.0010466765329340717
-1.360617639592793 -7.8566588814491585 -0.013531646934131855 0.007812499999999999
-1.360617639592793 -7.8566588814491585 -0.017437896934131853 0.0010466765329340717
-1.360617639592793 -7.8566588814491585 -0.013531646934131855 0.007812499999999999
-1.360617639592793 -7.8566588814491585 -0.006765823467065927 0.0039062499999999996
-1.3673834630598591 -7.8527526314491585 -0.017437896934131853 0.0010466765329340717
-1.3673834630598591 -7.8527526314491585 -0.013531646934131855 0.007812499999999999
-1.3673834630598591 -7.8527526314491585 -0.006765823467065927 0.0039062499999999996
-1.3673834630598591 -7.8527526314491585 -0.006765823467065927 0.0039062499999999996
-1.3673834630598591 -7.8527526314491585 -0.006765823467065927 0.0039062499999999996
-1.3673834630598591 -7.8527526314491585 -0.006765823467065927 0.0039062499999999996
-1.3673834630598591 -7.8527526314491585 -0.006765823467065927 0.0039062499999999996
-1.3673834630598591 -7.8527526314491585 -0.0 0.0
-1.360617639592793 -7.8566588814491585 -0.0 0.0
-1.3673834630598591 -7.8527526314491585 -0.0 0.0
-1.3673834630598591 -7.8527526314491585 -0.006765823467065927 0.0039062499999999996
-1.3673834630598591 -7.8527526314491585 -0.006765823467065927 0.0039062499999999996
-1.3673834630598591 -7.8527526314491585 -0.006765823467065927 0.0039062499999999996
-1.3673834630598591 -7.8527526314491585 -0.0 0.0
-1.3673834630598591 -7.8527526314491585 -0.0 0.0
-1.3673834630598591 -7.8527526314491585 -0.006765823467065927 0.0039062499999999996
-1.3673834630598591 -7.8527526314491585 -0.006765823467065927 0.0039062499999999996
-1.3673834630598591 -7.8527526314491585 -0.0 0.0
-1.3673834630598591 -7.8527526314491585 -0.0 0.0
000
000
000
000
000
000
000
000
000
-1.360617639592793 -7.8566588814491585 -0.0 0.0
-1.360617639592793 -7.8566588814491585 -0.0 0.0
-1.360617639592793 -7.8566588814491585 -0.006765823467065927 0.0039062499999999996
-1.360617639592793 -7.8566588814491585 -0.0 0.0
-1.3673834630598591 -7.8527526314491585 -0.006765823467065927 0.0039062499999999996
-1.378055536526925 -7.855612204916224 -0.03096954386826371 0.008859176532934072
-1.374149286526925 -7.8488463814491585 -0.017437896934131853 0.0010466765329340717
-1.374149286526925 -7.8488463814491585 -0.017437896934131853 0.0010466765329340717
-1.3673834630598591 -7.8527526314491585 -0.006765823467065927 0.0039062499999999996
-1.3673834630598591 -7.8527526314491585 -0.0 0.0
-1.3673834630598591 -7.8527526314491585 -0.0 0.0
-1.3673834630598591 -7.8527526314491585 -0.0 0.0
-1.3673834630598591 -7.8527526314491585 -0.0 0.0
-1.3673834630598591 -7.8527526314491585 -0.0 0.0
-1.374149286526925 -7.8488463814491585 -0.013531646934131855 0.007812499999999999
-1.378055536526925 -7.855612204916224 -0.013531646934131855 0.007812499999999999
-1.3673834630598591 -7.8527526314491585 -0.0 0.0
-1.3848213599939907 -7.851705954916224 -0.03096954386826371 0.008859176532934072
-1.3848213599939907 -7.851705954916224 -0.017437896934131853 0.0010466765329340717
-1.3848213599939907 -7.851705954916224 -0.013531646934131855 0.007812499999999999
-1.3848213599939907 -7.851705954916224 -0.02420372040119778 0.004952926532934071
-1.3848213599939907 -7.851705954916224 -0.02420372040119778 0.004952926532934071
-1.391587183461057 -7.847799704916224 -0.03096954386826371 0.008859176532934072
-1.3848213599939907 -7.851705954916224 -0.006765823467065927 0.0039062499999999996
-1.3848213599939907 -7.851705954916224 -0.0 0.0
-1.391587183461057 -7.847799704916224 -0.013531646934131855 0.007812499999999999
-1.391587183461057 -7.847799704916224 -0.013531646934131855 0.007812499999999999
-1.3848213599939907 -7.851705954916224 -0.0 0.0
-1.391587183461057 -7.847799704916224 -0.013531646934131855 0.007812499999999999
000
000
000
000
000
-1.4090250803951885 -7.84675302838329 -0.055173264269461494 0.013812103065868142
-1.4332288007963863 -7.841800101850356 -0.10358070507185706 0.023717956131736283
-1.4506666977305183 -7.8407534253174225 -0.12778442547305482 0.028670882664670355
-1.4990741385329138 -7.830847572251554 -0.21783348361078003 0.04457633879640664
-1.4506666977305183 -7.8407534253174225 -0.09004905813772521 0.015905456131736283
-1.4816362415987818 -7.831894248784488 -0.13845649894012077 0.025811309197604423
-1.4506666977305183 -7.8407534253174225 -0.04164161733532964 0.005999603065868142
-1.4506666977305183 -7.8407534253174225 -0.04840744080239556 0.009905853065868142
-1.457432521197584 -7.8368471753174225 -0.04840744080239556 0.009905853065868142
-1.457432521197584 -7.8368471753174225 -0.04840744080239556 0.009905853065868142
-1.4506666977305183 -7.8407534253174225 -0.02420372040119778 0.004952926532934071
-1.4506666977305183 -7.8407534253174225 -0.017437896934131853 0.0010466765329340717
000
000
000
000
000
000
000
-1.4090250803951885 -7.84675302838329 -0.006765823467065927 0.0039062499999999996
-1.474870418131716 -7.835800498784488 -0.12778442547305482 0.028670882664670355
-1.5058399619999796 -7.826941322251554 -0.16942604280838447 0.03467048573053849
-1.5474815793353094 -7.820941719185686 -0.22459930707784598 0.04848258879640664
-1.5891231966706392 -7.814942116119818 -0.28367882134730743 0.05552886839520885
-1.613326917071837 -7.809989189586884 -0.2972104682814393 0.06334136839520885
-1.6307648140059685 -7.80894251305395 -0.2972104682814393 0.06334136839520885
-1.6549685344071663 -7.803989586521015 -0.2972104682814393 0.06334136839520885
-1.770753753748485 -7.692035469185686 -0.5100910253592853 0.13212142759281326
-1.8017232976167488 -7.683176292652751 -0.5100910253592853 0.13212142759281326
-1.8326928414850125 -7.674317116119818 -0.5100910253592853 0.13212142759281326
-1.863662385353276 -7.665457939586884 -0.5100910253592853 0.13212142759281326
-1.89853817922154 -7.663364586521015 -0.5100910253592853 0.13212142759281326
-1.9295077230898037 -7.654505409988081 -0.5100910253592853 0.13212142759281326
-1.9537114434910015 -7.649552483455147 -0.5100910253592853 0.13212142759281326
-1.984680987359265 -7.640693306922214 -0.5100910253592853 0.13212142759281326
-2.0156505312275286 -7.631834130389279 -0.5100910253592853 0.13212142759281326
-2.0466200750957926 -7.622974953856345 -0.5100910253592853 0.13212142759281326
-2.077589618964056 -7.614115777323411 -0.5100910253592853 0.13212142759281326
000
000
000
000
000
000
000
-0.11219969716167089 -1.6943355760778558 -0.05231369080239556 0.003140029598802215
-0.11219969716167089 -1.6943355760778558 -0.05231369080239556 0.003140029598802215
-0.11219969716167089 -1.6943355760778558 -0.05231369080239556 0.003140029598802215
-0.12287177062873678 -1.6971951495449218 -0.05231369080239556 0.003140029598802215
-0.15774756449700045 -1.6951017964790536 -0.11139320507185706 0.01018630919760443
-0.16451338796406645 -1.6911955464790536 -0.11139320507185706 0.01018630919760443
-0.14421591756286867 -1.7029142964790536 -0.06975158773652741 0.004186706131736287
-0.13745009409580267 -1.7068205464790536 -0.04164161733532964 0.005999603065868142
-0.14421591756286867 -1.7029142964790536 -0.04840744080239556 0.009905853065868142
-0.13745009409580267 -1.7068205464790536 -0.02420372040119778 0.004952926532934071
-0.13068427062873678 -1.7107267964790536 -0.006765823467065927 0.0039062499999999996
-0.14135634409580267 -1.7135863699461196 -0.02420372040119778 0.004952926532934071
-0.14135634409580267 -1.7135863699461196 -0.02420372040119778 0.004952926532934071
-0.17623213796406645 -1.7114930168802513 -0.09395530813772521 0.009139632664670355
-0.16946631449700045 -1.7153992668802513 -0.06584533773652741 0.010952529598802215
-0.16270049102993456 -1.7193055168802513 -0.04164161733532964 0.005999603065868142
-0.16946631449700045 -1.7153992668802513 -0.04164161733532964 0.005999603065868142
-0.16270049102993456 -1.7193055168802513 -0.02420372040119778 0.004952926532934071
-0.16946631449700045 -1.7153992668802513 -0.04840744080239556 0.009905853065868142
-0.18013838796406645 -1.7182588403473174 -0.04840744080239556 0.009905853065868142
-0.19757628489819823 -1.7172121638143834 -0.08328323467065928 0.011999206131736283
-0.20434210836526423 -1.7133059138143834 -0.08328323467065928 0.011999206131736283
-0.19081046143113234 -1.7211184138143834 -0.04840744080239556 0.009905853065868142
-0.19757628489819823 -1.7172121638143834 -0.04840744080239556 0.009905853065868142
-0.20824835836526423 -1.7200717372814491 -0.059079514269461494 0.007046279598802215
-0.20824835836526423 -1.7200717372814491 -0.06584533773652741 0.010952529598802215
-0.232452078766462 -1.7151188107485151 -0.09004905813772521 0.015905456131736283
-0.2431241522335279 -1.7179783842155811 -0.09681488160479113 0.019811706131736283
-0.2431241522335279 -1.7179783842155811 -0.09681488160479113 0.019811706131736283
000
000
000
000
000
000
000
000
000
000
000
000
000
000
000
000
000
000
000
000
000
000
000
000
000
000
000
000
000
000
000
000
000
000
000
000
000
000
000
-1.3984374999999998 -2.422164801209602 -0.3500099233532964 0.1750150295988022
-1.4023437499999998 -2.428930624676668 -0.31122787948503267 0.17968749999999997
000
000
000
000
000
000
000
000
000
000
000
000
000
000
000
000
000
000
000
000
000
000
000
000
000
000
000
000
000
000
000
000
000
000
-3.1311445036706687 -2.657676366197634 -0.9095550660479113 0.29960441332335175
-3.1649736210059984 -2.638145116197634 -0.8892575956467135 0.28788566332335175
-3.22014688527546 -2.624333013131766 -0.8892575956467135 0.28788566332335175
-3.305243016880251 -2.5842238365988317 -0.913180859916175 0.3558243541257473
-3.3768075015509105 -2.551927160065898 -0.9313849772515046 0.402418897994011
-3.44837198622157 -2.5196304835329637 -0.9292916241856365 0.43729469186227465
-3.525655617826361 -2.465989660065898 -0.9571211384550979 0.4984675591976043
-3.5797822055628883 -2.434739660065898 -0.9571211384550979 0.4984675591976043
-3.656019160634745 -2.3636609396647 -0.9828572996586913 0.5945162204011977
-3.7293965422395363 -2.3032542927305686 -0.9932489169940211 0.6546424112035932
-3.7728510565089977 -2.269144719263503 -0.9729514465928233 0.6429236612035932
-3.849088011580855 -2.1980659988623046 -0.9862026373952189 0.7137219254730547
-3.9175124666527124 -2.113455631526975 -1.0051729751317462 0.805864336676648
-3.977358201323371 -2.0608614845928432 -1.0051729751317462 0.805864336676648
-4.033297685994031 -2.001501514191645 -0.9885012985988122 0.8503655274790436
-4.09314342066469 -1.9489073672575137 -0.9885012985988122 0.8503655274790436
-4.1441299788024155 -1.8653436764551181 -0.96973626900001 0.9297425121497029
-4.203975713473074 -1.8127495295209861 -0.96973626900001 0.9297425121497029
-4.2513364777425355 -1.7854057795209861 -0.9291413281976144 0.9063050121497029
-4.307275962413195 -1.7260458091197883 -0.9291413281976144 0.9063050121497029
-4.414968225622777 -1.5375742805808652 -0.9568956944730647 1.2019830396287468
-4.448797342958107 -1.5180430305808652 -0.9126749598024055 1.1223255988263512
-4.495111430694634 -1.4732613836467336 -0.8895179159341418 1.0999347753592852
-4.537519268431162 -1.4217139132455359 -0.8635012985988122 1.0668718784251534
-4.573161282700624 -1.374072692844338 -0.8432038281976144 1.0551531284251534
-4.615569120437151 -1.3225252224431403 -0.8190001077964166 1.0502002018922192
-4.657976958173678 -1.2709777520419425 -0.8026088873952189 1.0317156284251534
-4.698291442844337 -1.1845544877724807 -0.7927030343293506 1.080123069227549
-4.725354736712601 -1.1689294877724807 -0.7659201965928233 1.0015123049580874
-4.76566922138326 -1.0825062235030194 -0.7521080935269551 1.056685569227549
-4.810936632586854 -1.0202866796347558 -0.7521080935269551 1.056685569227549
-4.865829440724579 -0.943488812299426 -0.7315301669940211 1.1079525834970103
-4.910050175395238 -0.8638313714970305 -0.7119989169940211 1.14178170083234
-4.943879292730568 -0.8443001214970305 -0.6958881527245595 1.0603113630958125
-4.9777084100658975 -0.8247688714970305 -0.6787307119221639 0.996278922293417
-5.022975821269491 -0.7625493276287669 -0.6787307119221639 0.996278922293417
-5.061477409006018 -0.7042360337605031 -0.6787307119221639 0.996278922293417
-5.078429541670689 -0.8117229888323603 -0.6324917721796476 0.7169921152155712
-5.11407155594015 -0.7640817684311627 -0.6324917721796476 0.7169921152155712
-5.153619820209611 -0.7232063714970307 -0.6324917721796476 0.7169921152155712
-5.159133659006018 -0.8733816204371516 -0.5912057589700653 0.41350158773652734
-5.187729393676678 -0.766660885766492 -0.5906448467065928 0.5394731162754504
-5.216119820209611 -0.8314595469700854 -0.5709082885688676 0.40178283773652734
-5.269965951814402 -0.737223782700624 -0.5810194497724609 0.5248947928083845
-5.302748392616798 -0.700254635766492 -0.5810194497724609 0.5248947928083845
-5.3394370834191935 -0.6700513122994263 -0.5810194497724609 0.5248947928083845
-5.376125774221589 -0.6398479888323605 -0.5810194497724609 0.5248947928083845
-5.406048641556919 -0.6135509153652943 -0.5810194497724609 0.5248947928083845
-5.4388310823593145 -0.5765817684311627 -0.5810194497724609 0.5248947928083845
-5.47551977316171 -0.5463784449640965 -0.5810194497724609 0.5248947928083845
-5.512208463964106 -0.5161751214970307 -0.5810194497724609 0.5248947928083845
-5.544990904766501 -0.4792059745628987 -0.5810194497724609 0.5248947928083845
-5.581679595568897 -0.4490026510958329 -0.5810194497724609 0.5248947928083845
-5.618368286371293 -0.41879932762876715 -0.5810194497724609 0.5248947928083845
000
000
000
000
000
000
000
000
000
000
000
000
000
000
000
000
000
000
000
000
000
000
000
000
000
000
000
000
000
000
000
000
000
000
000
000
000
000
000
000
000
000
000
000
000
000
000
000
000
000
000
000
000
000
000
000
000
000
000
000
000
000
000
000
000
000
000
000
000
000
000
000
000
000
000
000
000
000
000
000
000
000
000
000
000
000
000
000
000
000
000
000
000
000
000
000
000
000
000
000
000
000
000
000
000
000
000
000
000
000
000
000
000
000
000
000
000
000
000
000
000
000
000
000
000
000
000
000
000
000
000
000
000
000
000
000
000
000
000
000
000
000
000
000
000
000
000
000
000
000
000
000
000
000
000
000
000
000
000
000
000
000
000
000
000
000
000
000
000
-0.11219969716167089 -1.6943355760778558 -0.05231369080239556 0.003140029598802215
-0.11219969716167089 -1.6943355760778558 -0.05231369080239556 0.003140029598802215
-0.11219969716167089 -1.6943355760778558 -0.05231369080239556 0.003140029598802215
-0.12287177062873678 -1.6971951495449218 -0.05231369080239556 0.003140029598802215
-0.15774756449700045 -1.6951017964790536 -0.11139320507185706 0.01018630919760443
-0.16451338796406645 -1.6911955464790536 -0.11139320507185706 0.01018630919760443
-0.14421591756286867 -1.7029142964790536 -0.06975158773652741 0.004186706131736287
-0.13745009409580267 -1.7068205464790536 -0.04164161733532964 0.005999603065868142
-0.14421591756286867 -1.7029142964790536 -0.04840744080239556 0.009905853065868142
-0.13745009409580267 -1.7068205464790536 -0.02420372040119778 0.004952926532934071
-0.13068427062873678 -1.7107267964790536 -0.006765823467065927 0.0039062499999999996
-0.14135634409580267 -1.7135863699461196 -0.02420372040119778 0.004952926532934071
-0.14135634409580267 -1.7135863699461196 -0.02420372040119778 0.004952926532934071
-0.17623213796406645 -1.7114930168802513 -0.09395530813772521 0.009139632664670355
-0.16946631449700045 -1.7153992668802513 -0.06584533773652741 0.010952529598802215
-0.16270049102993456 -1.7193055168802513 -0.04164161733532964 0.005999603065868142
-0.16946631449700045 -1.7153992668802513 -0.04164161733532964 0.005999603065868142
-0.16270049102993456 -1.7193055168802513 -0.02420372040119778 0.004952926532934071
-0.16946631449700045 -1.7153992668802513 -0.04840744080239556 0.009905853065868142
-0.18013838796406645 -1.7182588403473174 -0.04840744080239556 0.009905853065868142
-0.19757628489819823 -1.7172121638143834 -0.08328323467065928 0.011999206131736283
-0.20434210836526423 -1.7133059138143834 -0.08328323467065928 0.011999206131736283
-0.19081046143113234 -1.7211184138143834 -0.04840744080239556 0.009905853065868142
-0.19757628489819823 -1.7172121638143834 -0.04840744080239556 0.009905853065868142
-0.20824835836526423 -1.7200717372814491 -0.059079514269461494 0.007046279598802215
-0.20824835836526423 -1.7200717372814491 -0.06584533773652741 0.010952529598802215
-0.232452078766462 -1.7151188107485151 -0.09004905813772521 0.015905456131736283
-0.2431241522335279 -1.7179783842155811 -0.09681488160479113 0.019811706131736283
-0.2431241522335279 -1.7179783842155811 -0.09681488160479113 0.019811706131736283
000
000
000
000
000
000
000
000
000
000
000
000
000
000
000
000
000
000
000
000
000
000
000
000
000
000
000
000
000
000
000
000
000
000
000
000
000
000
000
000
000
000
000
000
000
000
000
000
000
000
000
000
000
000
000
000
000
000
000
000
000
000
000
000
000
000
000
000
000
000
000
000
000
000
000
000
000
000
000
000
000
000
000
000
000
000
000
000
000
000
000
000
000
000
000
000
000
000
000
000
000
000
000
000
000
000
000
000
000
000
000
000
000
000
000
000
000
000
000
000
000
000
000
000
000
000
000
000
000
000
000
000
000
000
000
000
000
000
000
000
000
000
000
000
000
000
