-1.2891      1.2891     0.10938     0.10938           0           0
-1.2813      1.2969     0.10938     0.10938           0           0
-1.2266      1.3438     0.17969     0.17188           0           0
-1.2188      1.3438     0.17188     0.15625           0           0
-1.2031      1.3516     0.17188     0.15625           0           0
-1.2109      1.3438     0.14063     0.13281           0           0
-1.2031      1.3516     0.14063     0.13281           0           0
-1.1875      1.3516     0.14844       0.125           0           0
-1.1875      1.3359     0.11719     0.10156           0           0
-1.1719      1.3516     0.13281     0.11719           0           0
-1.1641      1.3438       0.125     0.10938           0           0
-1.1484      1.3516     0.13281     0.11719           0           0
-1.1406      1.3594     0.13281     0.11719           0           0
-1.1328      1.3672     0.13281     0.11719           0           0
-1.1172       1.375     0.14063     0.11719           0           0
-1.125      1.3672     0.11719     0.09375           0           0
-1.1094      1.3828       0.125     0.10156           0           0
-1.1016      1.3828       0.125     0.10156           0           0
-1.0938      1.3906       0.125     0.10156           0           0
-1.0938      1.3906     0.11719    0.085938           0           0
-1.0859      1.3984     0.11719    0.085938           0           0
-1.0703      1.4063       0.125     0.09375           0           0
-1.0625      1.4141       0.125     0.09375           0           0
-1.0703      1.4063     0.09375    0.070313           0           0
-1.0547      1.4141     0.10938    0.085938           0           0
-1.0625      1.4063    0.085938      0.0625           0           0
-1.0547      1.4141    0.085938      0.0625           0           0
-1.0547      1.4141    0.085938      0.0625           0           0
-1.0625      1.4063    0.054688    0.046875           0           0
-1.0625      1.4063    0.054688    0.046875           0           0
-1.0391      1.4219     0.09375      0.0625           0           0
-1.0469      1.4141      0.0625    0.046875           0           0
-1.0391      1.4219    0.070313    0.046875           0           0
-1.0391      1.4219    0.070313    0.046875           0           0
-1.0313      1.4297    0.070313    0.046875           0           0
-1.0234      1.4297    0.078125    0.054688           0           0
-1.0156      1.4375    0.078125    0.054688           0           0
-1.0313      1.4219    0.039063     0.03125           0           0
-1.0234      1.4219    0.046875    0.039063           0           0
-1.0234      1.4297    0.046875    0.039063           0           0
-1.0156      1.4297    0.046875    0.039063           0           0
-1.0156      1.4297    0.046875    0.039063           0           0
-1      1.4453    0.070313    0.046875           0           0
-1      1.4375      0.0625    0.039063           0           0
-1      1.4453      0.0625    0.039063           0           0
-1.0156      1.4297    0.015625    0.015625           0           0
-1.0156      1.4297    0.015625   0.0078125           0           0
-1      1.4375    0.039063    0.023438           0           0
-1      1.4375    0.039063    0.023438           0           0
-1      1.4375    0.039063    0.023438           0           0
-1.0703      1.4609   -0.046875   -0.023438           0           0
-1.0859      1.4688   -0.054688   -0.039063           0           0
-1.1328      1.4688    -0.11719   -0.085938           0           0
-1.1406      1.4688    -0.11719   -0.085938           0           0
-1.1484      1.4609    -0.11719   -0.085938           0           0
-1.1563      1.4531    -0.11719   -0.085938           0           0
-1.2266      1.4375    -0.21094    -0.17188           0           0
-1.2344      1.4297    -0.21094    -0.17188           0           0
-1.25      1.4141    -0.21094    -0.17188           0           0
-1.3125       1.375    -0.29688    -0.27344           0           0
-1.3359      1.3594    -0.29688    -0.27344           0           0
-1.3516      1.3438    -0.29688    -0.27344           0           0
-1.3672      1.3281    -0.29688    -0.27344           0           0
-1.3906      1.3125    -0.29688    -0.27344           0           0
-1.4063      1.2969    -0.29688    -0.27344           0           0
-1.4219      1.2813    -0.29688    -0.27344           0           0
-1.4453      1.2656    -0.29688    -0.27344           0           0
-1.4609      1.2422    -0.29688    -0.27344           0           0
-1.4766      1.2266    -0.29688    -0.27344           0           0
-1.5      1.2109    -0.29688    -0.27344           0           0
-1.0391      2.1328   -0.085938     0.50781           0           0
-1.0313      2.1797   -0.046875     0.52344           0           0
-1.0313      2.2109   -0.046875     0.52344           0           0
-1.0078      2.2422    0.039063    0.046875           0           0
-1.0078      2.2422    0.039063    0.046875           0           0
-0.98438      2.2578    0.070313     0.03125           0           0
-0.96094      2.2656     0.10938    0.046875           0           0
-0.95313      2.2734     0.11719    0.046875           0           0
-0.92969      2.2891     0.10938     0.52344           0           0
-0.92188      2.3203     0.10938     0.52344           0           0
-0.875      2.3672      0.1875     0.60156           0           0
-0.83594      2.4063     0.22656     0.60938           0           0
-0.82813      2.4375     0.21875     0.60156           0           0
-0.8125      2.4766     0.21875     0.60156           0           0
-0.77344      2.4922     0.27344     0.11719           0           0
-0.75      2.4922     0.28906    0.085938           0           0
-0.70313         2.5      0.3125     0.55469           0           0
-0.6875      2.5234     0.30469     0.59375           0           0
-0.67188      2.5547     0.30469     0.59375           0           0
-0.625      2.6016     0.35156     0.60156           0           0
-0.60938      2.6484     0.34375     0.59375           0           0
-0.60938      2.6797     0.30469     0.57813           0           0
-0.58594      2.7188      0.3125     0.57813           0           0
-0.54688      2.7656     0.35938     0.57813           0           0
-0.53125      2.7969     0.35156     0.57031           0           0
-0.50781      2.8281     0.35938     0.57031           0           0
-0.47656      2.8672     0.36719      0.5625           0           0
-0.44531      2.8984     0.38281      0.5625           0           0
-0.40625      2.9297     0.41406      0.5625           0           0
-0.38281      2.9531     0.40625     0.55469           0           0
-0.35156      2.9844     0.41406     0.54688           0           0
-0.33594      3.0078     0.40625     0.54688           0           0
-0.30469      3.0313     0.40625     0.53906           0           0
-0.27344      3.0547     0.42969     0.53906           0           0
-0.24219      3.0781     0.42969     0.53125           0           0
-0.21094      3.0938      0.4375     0.53125           0           0
-0.1875      3.1172      0.4375     0.52344           0           0
-0.14063      3.1328     0.46875     0.51563           0           0
-0.11719      3.1563     0.45313     0.51563           0           0
-0.09375      3.1875     0.44531     0.50781           0           0
-0.070313      3.2188     0.42969     0.50781           0           0
-0.054688      3.2422     0.42969         0.5           0           0
-0.046875      3.2734     0.38281         0.5           0           0
-0.015625      3.2969     0.39844         0.5           0           0
0.023438      3.3281     0.44531     0.49219           0           0
0.0625      3.3516     0.46094     0.48438           0           0
0.085938      3.3828     0.46094     0.48438           0           0
0.11719      3.3984     0.46094     0.47656           0           0
0.14844      3.4219     0.47656     0.47656           0           0
0.20313      3.4219     0.52344     0.46875           0           0
0.23438      3.4453     0.50781     0.46094           0           0
0.26563      3.4609     0.51563     0.46094           0           0
0.32031      3.4766     0.55469     0.44531           0           0
0.35938      3.4922     0.57031      0.4375           0           0
0.41406         3.5     0.60938     0.42969           0           0
0.44531      3.5234     0.60938     0.42969           0           0
0.49219      3.5469       0.625     0.41406           0           0
0.53125      3.5781       0.625     0.41406           0           0
0.64063      3.5859        0.75       0.375           0           0
0.66406      3.6094     0.71094       0.375           0           0
0.71094      3.6172     0.72656     0.35938           0           0
0.75      3.6328     0.71875     0.35938           0           0
0.77344      3.6406     0.67188     0.36719           0           0
0.80469      3.6641     0.65625     0.36719           0           0
0.86719      3.6563     0.71094     0.34375           0           0
0.90625      3.6641     0.71875     0.33594           0           0
0.95313      3.6719     0.71875     0.32813           0           0
0.99219      3.6875     0.71094     0.32031           0           0
1.0313      3.7031     0.71094     0.32031           0           0
1.0313      3.7422     0.60938     0.35156           0           0
1.0781      3.7578     0.63281     0.33594           0           0
1.1172      3.7734     0.63281     0.33594           0           0
1.1484      3.7969     0.63281     0.33594           0           0
1.2656      3.7891     0.78125     0.26563           0           0
1.3125      3.8047     0.78125     0.26563           0           0
1.3594      3.8203     0.78125     0.26563           0           0
1.5469      3.7656      1.0313     0.11719           0           0
1.6094      3.7734      1.0313     0.11719           0           0
1.7578      3.7188      1.1797           0           0           0
1.8438      3.6875      1.2188   -0.046875           0           0
1.8672      3.6797      1.1328  -0.0078125           0           0
1.9453      3.6641      1.1484   -0.039063           0           0
2      3.6797       1.125   -0.039063           0           0
2.0703      3.6719       1.125   -0.039063           0           0
2.1328      3.6719       1.125   -0.039063           0           0
2.2109      3.6641       1.125    -0.09375           0           0
2.3125      3.6328      1.1953    -0.16406           0           0
2.4219      3.6016      1.2578    -0.23438           0           0
2.5      3.5859      1.2578    -0.23438           0           0
2.6094      3.5313      1.3203    -0.35156           0           0
2.6875      3.5156      1.3203    -0.35156           0           0
2.8359      3.4297      1.4297    -0.51563           0           0
2.9219      3.3828      1.3281     -1.0469           0           0
2.9688      3.3281      1.2656     -1.1094           0           0
3.0156      3.2813      1.2031     -1.0938           0           0
3.0703      3.2188      1.1719     -1.1094           0           0
3.1406      3.1563      1.1719     -1.1094           0           0
3.2109      3.0859      1.1719     -1.1094           0           0
3.2813      3.0234      1.1719     -1.1094           0           0
3.3516      2.9531      1.1719     -1.1094           0           0
3.2031      3.0703     0.83594    -0.83594           0           0
3.25      3.0156     0.83594    -0.83594           0           0
3.1484      3.1094     0.60938    -0.58594           0           0
3.1875      3.0781     0.60938    -0.58594           0           0
3.2578      2.9922     0.65625    -0.71094           0           0
3.2891      2.9453     0.64844    -0.71875           0           0
3.2969      2.9297     0.59375    -0.66406           0           0
3.3281      2.8906     0.59375    -0.66406           0           0
3.3281      2.8906     0.51563    -0.59375           0           0
3.3594      2.8594     0.51563    -0.59375           0           0
3.3203      2.8984     0.39844    -0.44531           0           0
3.2969      2.9219     0.32813    -0.36719           0           0
3.3516      2.8516     0.38281    -0.44531           0           0
3.375      2.8125     0.39063    -0.46875           0           0
3.3984      2.7813     0.38281    -0.46875           0           0
3.4219        2.75     0.38281    -0.46875           0           0
3.4063      2.7578     0.32813    -0.39844           0           0
3.4297      2.7344     0.32813    -0.39844           0           0
3.4297        2.75     0.28906    -0.35938           0           0
3.4531      2.7344     0.28906    -0.35938           0           0
3.4453      2.7266     0.25781    -0.32813           0           0
3.4531      2.7422     0.23438    -0.29688           0           0
3.5      2.7031     0.27344    -0.35156           0           0
3.5156      2.6875     0.27344    -0.35156           0           0
3.5313      2.6641     0.27344    -0.35156           0           0
3.5469      2.6406     0.27344    -0.35156           0           0
3.5625       2.625     0.27344    -0.35156           0           0
3.5859      2.6016     0.27344    -0.35156           0           0
3.5703      2.6953     0.20313    -0.24219           0           0
3.5859      2.6875     0.20313    -0.24219           0           0
3.5938      2.6719     0.20313    -0.24219           0           0
-0.19531      6.5938    -0.65625  -0.0078125           0           0
-0.23438      6.5938    -0.65625  -0.0078125           0           0
-0.22656      6.5859    -0.54688   -0.015625           0           0
-0.25781      6.5859    -0.54688   -0.015625           0           0
-0.17969      6.5859    -0.33594           0           0           0
-0.125      6.5781     -0.1875           0           0           0
-0.13281      6.5781     -0.1875           0           0           0
-0.03125      6.5781    0.015625           0           0           0
0.023438      6.5781     0.11719           0           0           0
0.03125      6.5781     0.11719           0           0           0
0.10156      6.5703     0.23438           0           0           0
0.125      6.5703     0.24219           0           0           0
0.14844      6.5625     0.26563           0           0           0
0.1875      6.5625     0.29688  -0.0078125           0           0
0.20313      6.5625     0.29688  -0.0078125           0           0
0.21875      6.5625     0.29688  -0.0078125           0           0
0.24219      6.5547     0.29688  -0.0078125           0           0
0.25781      6.5547     0.29688  -0.0078125           0           0
0.09375      6.5547   0.0078125           0           0           0
-0.039063      6.5547    -0.20313           0           0           0
-0.09375      6.5469    -0.28125           0           0           0
-0.10938      6.5469    -0.28125           0           0           0
-0.21875      6.5469     -0.4375  -0.0078125           0           0
-0.25781      6.5391    -0.46094   -0.015625           0           0
-0.23438      6.5391    -0.36719  -0.0078125           0           0
-0.25781      6.5391    -0.36719  -0.0078125           0           0
-0.22656      6.5391    -0.28125  -0.0078125           0           0
-0.25      6.5391    -0.28125  -0.0078125           0           0
-0.26563      6.5391    -0.28125  -0.0078125           0           0
-0.29688      6.6484    -0.30469           0           0           0
-0.32031      6.6484    -0.30469           0           0           0
-0.53906      6.7656    -0.64063    -0.03125           0           0
-0.66406       6.875    -0.77344     -0.0625           0           0
-0.71094       6.875    -0.77344     -0.0625           0           0
-0.75781      6.8672    -0.77344     -0.0625           0           0
-0.80469      6.8594    -0.77344     -0.0625           0           0
-0.85156      6.8594    -0.77344     -0.0625           0           0
-0.89844      6.8516    -0.77344     -0.0625           0           0
-0.94531      6.8516    -0.77344     -0.0625           0           0
-1.3203      7.0391       -1.25    -0.17969           0           0
-1.4297      7.2734     -1.2656    -0.23438           0           0
-1.5078      7.2578     -1.2656    -0.23438           0           0
-1.5859      7.2422     -1.2656    -0.23438           0           0
-1.6641      7.2266     -1.2656    -0.23438           0           0
-1.7344      7.2188     -1.2656    -0.23438           0           0
-1.8125      7.2031     -1.2656    -0.23438           0           0
-1.8906      7.1875     -1.2656    -0.23438           0           0
-1.9688      7.1719     -1.2656    -0.23438           0           0
-2.0391      7.1563     -1.2656    -0.23438           0           0
-2.1172      7.1406     -1.2656    -0.23438           0           0
-2.1953      7.1328     -1.2656    -0.23438           0           0
-2.7031      7.6484     -2.2422    -0.78125           0           0
-2.8125      7.6328     -2.1875    -0.79688           0           0
-2.8984      7.6094     -2.0938    -0.78906           0           0
-3.0234      7.5625     -2.0938    -0.78906           0           0
-3.1484      7.5156     -2.0938    -0.78906           0           0
-3.2813      7.4688     -2.0938    -0.78906           0           0
-2.7813      8.1953    -0.51563    -0.17188           0           0
-2.7813      8.1953    -0.46875    -0.15625           0           0
-2.7578      8.2109    -0.39063      -0.125           0           0
-2.7422      8.2188    -0.32031    -0.10156           0           0
-2.7344      8.2266    -0.27344   -0.085938           0           0
-2.75      8.2188    -0.27344   -0.085938           0           0
-2.7188      8.2344    -0.17969   -0.054688           0           0
-2.7031      8.2422      -0.125   -0.039063           0           0
-2.6875        8.25   -0.085938   -0.023438           0           0
-2.6797        8.25     -0.0625   -0.015625           0           0
-2.6641      8.2578    -0.03125  -0.0078125           0           0
-2.6484      8.2656           0           0           0           0
-2.6406      8.2734    0.023438   0.0078125           0           0
-2.6328      8.2734     0.03125   0.0078125           0           0
-2.625      8.2734     0.03125   0.0078125           0           0
-2.6328      8.2813     0.03125   0.0078125           0           0
-2.625      8.2813     0.03125   0.0078125           0           0
-2.6172      8.2813    0.039063   0.0078125           0           0
-2.6172      8.2891    0.046875   0.0078125           0           0
-2.6016      8.2891      0.0625    0.015625           0           0
-2.5859      8.2969    0.085938    0.023438           0           0
-2.5781      8.2969     0.09375    0.023438           0           0
-2.5703      8.3047     0.09375    0.023438           0           0
-2.5625      8.3047     0.09375    0.023438           0           0
-2.5547      8.3125     0.10156     0.03125           0           0
-2.5469      8.3125     0.10156     0.03125           0           0
-2.5469      8.3125     0.09375    0.023438           0           0
-2.5547      8.3125      0.0625    0.015625           0           0
-2.5859      8.3047           0           0           0           0
-2.5859      8.3047           0           0           0           0
-2.6328      8.2891   -0.078125   -0.023438           0           0
-2.6719      8.2734    -0.14063   -0.039063           0           0
-2.6875      8.2734    -0.15625   -0.046875           0           0
-2.7188      8.2656     -0.1875     -0.0625           0           0
-2.7422      8.2578    -0.21094   -0.070313           0           0
-2.7578        8.25    -0.21875   -0.070313           0           0
-2.7656        8.25    -0.21875   -0.070313           0           0
-2.7734      8.2422    -0.19531     -0.0625           0           0
-2.7656        8.25    -0.16406   -0.054688           0           0
-2.7734      8.2422    -0.16406   -0.054688           0           0
-2.7891      8.2422    -0.16406   -0.054688           0           0
-2.7969      8.2344    -0.16406   -0.054688           0           0
-2.8125      8.2344    -0.16406   -0.054688           0           0
-2.8047      8.2344    -0.14844   -0.046875           0           0
-2.8359      8.2266    -0.17188   -0.054688           0           0
-2.8281      8.2266    -0.15625   -0.054688           0           0
-2.8125      8.2344    -0.10938    -0.03125           0           0
-2.7969      8.2422     -0.0625   -0.015625           0           0
-2.7969      8.2422     -0.0625   -0.015625           0           0
-2.8047      8.2344     -0.0625   -0.015625           0           0
-2.7266      8.2656    0.070313    0.023438           0           0
-2.6641      8.2891     0.17188    0.054688           0           0
-2.6172      8.3047     0.23438    0.070313           0           0
-2.5703      8.3203     0.28906    0.085938           0           0
-2.5234      8.3359     0.34375     0.10156           0           0
-2.4688      8.3516     0.39844     0.11719           0           0
-2.4688      8.3516     0.35938     0.10156           0           0
-2.4531      8.3516     0.35156     0.10156           0           0
-2.4375      8.3594     0.34375     0.10156           0           0
-2.4141      8.3672     0.34375     0.09375           0           0
-2.3906       8.375     0.34375     0.09375           0           0
-2.3984      8.3672     0.29688    0.085938           0           0
-2.3984      8.3672     0.25781    0.070313           0           0
-2.4141      8.3672     0.19531    0.054688           0           0
-2.3984      8.3672     0.19531    0.054688           0           0
-2.3906       8.375     0.19531    0.054688           0           0
-2.375       8.375     0.19531    0.054688           0           0
-2.4922      8.3438   -0.015625           0           0           0
-2.5781      8.3203    -0.16406   -0.046875           0           0
-2.6797      8.2891     -0.3125    -0.09375           0           0
-2.7031      8.2813     -0.3125    -0.09375           0           0
-2.7188      8.2734     -0.3125    -0.09375           0           0
-2.7344      8.2734     -0.3125    -0.09375           0           0
-2.7578      8.2656     -0.3125    -0.09375           0           0
-2.7734      8.2578     -0.3125    -0.09375           0           0
-2.7969        8.25     -0.3125    -0.09375           0           0
-2.8125      8.2422     -0.3125    -0.09375           0           0
-2.8359      8.2422     -0.3125    -0.09375           0           0
-2.8516      8.2344     -0.3125    -0.09375           0           0
-2.875      8.2266     -0.3125    -0.09375           0           0
-1.1797      7.9453     0.30469    0.046875           0           0
-1.1953      7.9688     0.24219     0.03125           0           0
-1.2266      7.9922     0.15625    0.023438           0           0
-1.2188      7.9922     0.15625    0.023438           0           0
-1.2031      8.0156     0.17969    0.023438           0           0
-1.1484      8.0391     0.25781     0.03125           0           0
-1.1953      8.0469     0.14844    0.023438           0           0
-1.1875      8.0547     0.14844    0.023438           0           0
-1.1797      8.0547     0.14844    0.023438           0           0
-0.85938      2.3281     0.21875    0.078125           0           0
-0.82813      2.3438     0.25781     0.09375           0           0
-0.78906      2.3516     0.29688     0.10156           0           0
-0.76563      2.3594      0.3125     0.10156           0           0
-0.75      2.3672      0.3125     0.09375           0           0
-0.72656       2.375     0.32031     0.09375           0           0
-0.71094       2.375      0.3125     0.09375           0           0
-0.69531      2.3828     0.30469    0.085938           0           0
-0.67969      2.3906     0.30469    0.085938           0           0
-0.65625      2.3906     0.30469    0.078125           0           0
-0.64063      2.3984     0.30469    0.078125           0           0
-0.65625      2.3906     0.24219      0.0625           0           0
-0.63281      2.3984        0.25      0.0625           0           0
-0.60156      2.4063     0.28125    0.070313           0           0
-0.58594      2.4141     0.27344      0.0625           0           0
-0.59375      2.4141     0.24219    0.054688           0           0
-0.58594      2.4141     0.22656    0.054688           0           0
-0.57031      2.4141     0.22656    0.054688           0           0
-0.57813      2.4141     0.19531    0.046875           0           0
-0.5625      2.4141     0.19531    0.046875           0           0
-0.57813      2.4141     0.14844     0.03125           0           0
-0.59375      2.4141     0.10938    0.023438           0           0
-0.58594      2.4141     0.10938    0.023438           0           0
-0.59375      2.4141    0.085938    0.015625           0           0
-0.60938      2.4063    0.046875   0.0078125           0           0
-0.60156      2.4063    0.046875   0.0078125           0           0
-0.61719      2.4063    0.015625           0           0           0
-0.60938      2.4063    0.023438           0           0           0
-0.61719      2.4063    0.015625           0           0           0
-0.61719      2.4063    0.015625           0           0           0
-0.59375      2.4141    0.054688   0.0078125           0           0
-0.58594      2.4141    0.054688   0.0078125           0           0
-0.59375      2.4063     0.03125   0.0078125           0           0
-0.59375      2.4141     0.03125   0.0078125           0           0
-0.57031      2.4141    0.070313    0.015625           0           0
-0.57031      2.4141    0.070313    0.015625           0           0
-0.60156      2.4063           0           0           0           0
-0.625      2.3984    -0.03125  -0.0078125           0           0
-0.64063      2.3984   -0.054688   -0.015625           0           0
-0.63281      2.3984    -0.03125  -0.0078125           0           0
-0.65625      2.3984   -0.070313   -0.015625           0           0
-0.64844      2.3984   -0.054688   -0.015625           0           0
-0.64844      2.3984   -0.039063  -0.0078125           0           0
-0.64063      2.3984   -0.023438           0           0           0
-0.63281      2.3984  -0.0078125           0           0           0
-0.64844      2.3906   -0.039063  -0.0078125           0           0
-0.65625      2.3906   -0.046875  -0.0078125           0           0
-0.65625      2.3906   -0.039063  -0.0078125           0           0
-0.66406      2.3906   -0.039063  -0.0078125           0           0
-0.65625      2.3906    -0.03125  -0.0078125           0           0
-0.66406      2.3906   -0.046875  -0.0078125           0           0
-0.67969      2.3828     -0.0625   -0.015625           0           0
-0.65625      2.3906   -0.015625           0           0           0
-0.67188      2.3906   -0.046875  -0.0078125           0           0
-0.67969      2.3828   -0.046875  -0.0078125           0           0
-0.67969      2.3828   -0.039063  -0.0078125           0           0
-0.67969      2.3828   -0.046875  -0.0078125           0           0
-0.66406      2.3906    0.015625           0           0           0
-0.64063      2.3984    0.054688    0.015625           0           0
-0.63281      2.3984      0.0625    0.015625           0           0
-0.64063      2.3984    0.039063   0.0078125           0           0
-0.64844      2.3984    0.023438           0           0           0
-0.64844      2.3984    0.023438           0           0           0
-0.60156      2.4063     0.10938    0.023438           0           0
-0.60156      2.4063     0.10156    0.023438           0           0
-0.59375      2.4063     0.09375    0.023438           0           0
-0.625      2.3984    0.015625           0           0           0
-0.625      2.3984    0.015625           0           0           0
-0.63281      2.3984   0.0078125           0           0           0
-0.63281      2.3984   0.0078125           0           0           0
-0.625      2.3984   0.0078125           0           0           0
-0.60938      2.4063    0.046875   0.0078125           0           0
-0.60156      2.4063    0.046875   0.0078125           0           0
-0.625      2.3984           0           0           0           0
-0.64063      2.3984   -0.015625           0           0           0
-0.64063      2.3984   -0.023438           0           0           0
-0.64063      2.3984   -0.015625           0           0           0
-0.625      2.3984   0.0078125           0           0           0
-0.61719      2.4063    0.023438   0.0078125           0           0
-0.59375      2.4063    0.054688   0.0078125           0           0
-0.57813      2.4141    0.085938    0.015625           0           0
-0.5625      2.4141     0.10938    0.023438           0           0
-0.55469      2.4141     0.10156    0.023438           0           0
-0.54688      2.4219     0.10938    0.023438           0           0
-0.53906      2.4219     0.11719    0.023438           0           0
-0.53906      2.4219     0.10156    0.023438           0           0
-0.52344      2.4219     0.11719    0.023438           0           0
-0.51563      2.4297     0.10938    0.023438           0           0
-0.51563      2.4297     0.10938    0.023438           0           0
-0.5      2.4297     0.11719    0.023438           0           0
-0.50781      2.4297     0.09375    0.015625           0           0
-0.51563      2.4297    0.070313    0.015625           0           0
-0.50781      2.4297    0.070313   0.0078125           0           0
-0.5      2.4297    0.078125    0.015625           0           0
-0.49219      2.4297    0.078125    0.015625           0           0
-0.48438      2.4297     0.10156    0.015625           0           0
-0.47656      2.4375     0.10156    0.015625           0           0
-0.46094      2.4375     0.11719    0.023438           0           0
-0.45313      2.4375     0.11719    0.015625           0           0
-0.4375      2.4453     0.13281    0.023438           0           0
-0.42969      2.4453       0.125    0.015625           0           0
-0.42969      2.4453     0.11719    0.015625           0           0
-0.42188      2.4453     0.10938    0.015625           0           0
-0.42188      2.4453     0.10156    0.015625           0           0
-0.40625      2.4453     0.11719    0.015625           0           0
-0.39063      2.4531     0.13281    0.015625           0           0
-0.38281      2.4531     0.13281    0.015625           0           0
-0.36719      2.4531     0.14844    0.015625           0           0
-0.35938      2.4531     0.14844    0.015625           0           0
-0.33594      2.4609     0.16406    0.023438           0           0
-0.35156      2.4766     0.13281    0.015625           0           0
-0.32813      2.4922     0.15625    0.015625           0           0
-0.3125      2.5078     0.17188    0.015625           0           0
-0.30469      2.5234     0.17969    0.015625           0           0
-0.28906      2.5234     0.17969    0.015625           0           0
-0.28125      2.5391     0.17969    0.015625           0           0
-0.27344      2.5547     0.17188    0.015625           0           0
-0.25      2.5703     0.19531    0.015625           0           0
-0.25      2.5859     0.17969    0.015625           0           0
-0.25781      2.5938     0.14844   0.0078125           0           0
-0.25      2.6016     0.14063   0.0078125           0           0
-0.25      2.6172       0.125   0.0078125           0           0
-0.25       2.625     0.11719   0.0078125           0           0
-0.23438      2.6406     0.13281     0.46094           0           0
-0.24219      2.6719     0.10156         0.5           0           0
-0.25      2.7031      0.0625     0.50781           0           0
-0.25      2.7344      0.0625     0.50781           0           0
-0.23438      2.7734    0.078125     0.50781           0           0
-0.21094      2.8047     0.10938     0.50781           0           0
-0.20313      2.8359     0.10938     0.50781           0           0
-0.17188      2.8828     0.17188     0.50781           0           0
-0.15625      2.9141     0.17188     0.50781           0           0
-0.10938      2.9609     0.23438     0.50781           0           0
-0.09375      2.9922     0.23438     0.50781           0           0
-0.039063      3.0391     0.30469         0.5           0           0
-0.023438      3.0703     0.30469         0.5           0           0
0      3.1094     0.32813         0.5           0           0
0.015625      3.1406     0.32031     0.49219           0           0
0.03125      3.1719     0.32031     0.49219           0           0
0.0625      3.2031     0.33594     0.49219           0           0
0.10156      3.2344       0.375     0.48438           0           0
0.14844      3.2578     0.42188     0.47656           0           0
0.17969      3.2891     0.42188     0.47656           0           0
0.20313      3.3203     0.42188     0.47656           0           0
0.27344      3.3359         0.5     0.45313           0           0
0.29688       3.375     0.49219     0.45313           0           0
0.32813      3.3984     0.49219     0.45313           0           0
0.39063      3.4375     0.53906      0.4375           0           0
0.42188      3.4609     0.53906      0.4375           0           0
0.45313      3.4844     0.53906      0.4375           0           0
0.49219      3.5156     0.54688     0.42188           0           0
0.51563      3.5391     0.53125     0.42188           0           0
0.54688      3.5703     0.52344     0.42188           0           0
0.60156      3.5703     0.58594     0.40625           0           0
0.64063      3.5938     0.60156     0.39844           0           0
0.67969      3.6172     0.60156     0.39063           0           0
0.71094      3.6406     0.60156     0.39063           0           0
0.75      3.6641     0.60156     0.39063           0           0
0.8125      3.6719     0.66406     0.35938           0           0
0.84375      3.6875     0.64844     0.35938           0           0
0.88281      3.6953     0.65625     0.35156           0           0
0.92188      3.7188     0.65625     0.35156           0           0
0.97656      3.7422     0.67969     0.33594           0           0
0.98438      3.7734     0.60938     0.35156           0           0
0.98438      3.7969     0.52344   -0.078125           0           0
1.0156      3.7969     0.50781      -0.125           0           0
1.0391      3.7891     0.50781    -0.13281           0           0
1.0703      3.7813     0.50781    -0.13281           0           0
1.0469      3.7891     0.40625    -0.10938           0           0
1.0703      3.7813     0.40625    -0.10938           0           0
1.0938      3.7734     0.40625    -0.10938           0           0
1.1172      3.7734     0.40625    -0.10938           0           0
1.1484      3.7656     0.40625    -0.10938           0           0
1.0469      3.8359     0.21094   -0.039063           0           0
1.0625      3.8281     0.21094   -0.039063           0           0
1.0703      3.8281     0.21094   -0.039063           0           0
1.0859      3.8281     0.21094   -0.039063           0           0
1.0938      3.8203     0.21094   -0.039063           0           0
1.1094      3.8203     0.21094   -0.039063           0           0
1.125      3.8203     0.21094   -0.039063           0           0
1.1328      3.8125     0.21094   -0.039063           0           0
1.1484      3.8125     0.21094   -0.039063           0           0
1.1094      3.9063     0.17188     0.46094           0           0
1.1172      3.9375     0.17188     0.46094           0           0
1.2344      3.8203     0.30469     0.42188           0           0
1.2578      3.8359      0.3125     0.41406           0           0
1.2969      3.8438     0.35156     0.40625           0           0
1.3281      3.8516       0.375     0.39063           0           0
1.3906      3.8828     0.44531     0.36719           0           0
1.4453      3.9063         0.5     0.34375           0           0
1.4531      3.9375     0.42188    -0.09375           0           0
1.4922      3.9297      0.4375    -0.15625           0           0
1.5234      3.9219      0.4375    -0.15625           0           0
1.5469      3.9141      0.4375    -0.15625           0           0
1.5469      3.9219       0.375    -0.14844           0           0
1.6406      3.9141         0.5    -0.20313           0           0
1.6719      3.8984         0.5    -0.20313           0           0
1.6875      3.9141     0.51563     0.28906           0           0
1.7266      3.9297     0.52344     0.30469           0           0
1.7656      3.9453     0.53906     0.29688           0           0
1.8047      3.9531      0.5625     0.28906           0           0
1.8203      3.9766     0.52344     0.30469           0           0
1.8516      3.9922     0.53125     0.29688           0           0
1.9063      3.9922     0.57813     0.27344           0           0
1.9375      4.0078      0.5625     0.27344           0           0
1.9531      4.0156     0.54688     0.28125           0           0
1.9922      4.0234      0.5625     0.27344           0           0
2.0625      4.0156     0.63281     0.23438           0           0
2.125           4     0.67969     0.19531           0           0
2.1641      4.0156     0.67969     0.19531           0           0
2.2188      4.0078     0.71094     0.17188           0           0
2.2578      4.0156     0.71094     0.17188           0           0
2.25      4.0547     0.61719     0.22656           0           0
2.2813      4.0781     0.60938     0.22656           0           0
2.2578      4.1094     0.50781     0.28906           0           0
2.2813      4.1328     0.49219     0.28906           0           0
2.3203      4.1406     0.53125     0.27344           0           0
2.3594      4.1563     0.53125     0.27344           0           0
2.3984      4.1641     0.55469        0.25           0           0
2.4297      4.1719      0.5625     0.24219           0           0
2.4688      4.1875      0.5625     0.24219           0           0
2.5      4.1953      0.5625     0.24219           0           0
2.5313      4.2109      0.5625     0.24219           0           0
2.5703      4.2266      0.5625     0.24219           0           0
2.6406      4.1953     0.64063     0.17969           0           0
2.6797      4.2031     0.64063     0.17969           0           0
2.6484      4.2578     0.52344     0.25781           0           0
2.6797      4.2734     0.52344     0.25781           0           0
2.7109      4.2891     0.52344     0.25781           0           0
2.7422      4.3047     0.52344     0.25781           0           0
2.7734      4.3203     0.52344     0.25781           0           0
2.8047      4.3359     0.52344     0.25781           0           0
2.9141      4.2813     0.63281     0.17188           0           0
2.9688      4.2578     0.65625     0.14063           0           0
3.0078      4.2656     0.65625     0.14063           0           0
3.0469      4.2734     0.65625     0.14063           0           0
3.0859      4.2813     0.65625     0.14063           0           0
3.125      4.2891     0.65625     0.14063           0           0
3.9688      3.3984      1.1875    -0.61719           0           0
4.0391      3.3672      1.1875    -0.61719           0           0
3.25      4.3125     0.65625     0.14063           0           0
3.2891      4.3281     0.65625     0.14063           0           0
3.3281      4.3359     0.65625     0.14063           0           0
3.4531      4.3672     0.73438      0.0625           0           0
3.5      4.3672     0.73438      0.0625           0           0
3.5469       4.375     0.73438      0.0625           0           0
3.5859       4.375     0.73438      0.0625           0           0
3.6328      4.3828     0.73438      0.0625           0           0
3.6797      4.3828     0.73438      0.0625           0           0
3.7266      4.3906     0.73438      0.0625           0           0
3.7656      4.3906     0.73438      0.0625           0           0
3.8125      4.3984     0.73438      0.0625           0           0
3.8672      4.1875     0.78906   -0.054688           0           0
3.9141      4.1875     0.78906   -0.054688           0           0
3.9609      4.1797     0.78906   -0.054688           0           0
4.0078      4.1797     0.78906   -0.054688           0           0
4.0547      4.1719     0.78906   -0.054688           0           0
4.1016      4.1719     0.78906   -0.054688           0           0
4.1484      4.1641     0.78906   -0.054688           0           0
4.1953      4.1641     0.78906   -0.054688           0           0
4.2422      4.1563     0.78906   -0.054688           0           0
4.2891      4.1563     0.78906   -0.054688           0           0
4.3438      4.1563     0.78906   -0.054688           0           0
-1.3828      7.3359    -0.40625   -0.070313           0           0
-1.4141      7.3359    -0.42969   -0.078125           0           0
-1.4453      7.3438    -0.42969   -0.078125           0           0
-1.4766      7.3359    -0.42969   -0.078125           0           0
-1.5      7.3359    -0.42969   -0.078125           0           0
-1.5156      7.3438    -0.41406   -0.078125           0           0
-1.4922      7.3516    -0.32031     -0.0625           0           0
-1.4766      7.3672    -0.25781   -0.046875           0           0
-1.4922      7.3672    -0.25781   -0.046875           0           0
-1.5547      7.3594    -0.34375   -0.070313           0           0
-1.5547      7.3672    -0.30469     -0.0625           0           0
-1.5703      7.3594    -0.30469     -0.0625           0           0
-1.5938      7.3594    -0.30469     -0.0625           0           0
-1.6797      7.3438    -0.41406    -0.09375           0           0
-1.7188      7.3438     -0.4375    -0.10156           0           0
-1.7578      7.3359    -0.46094    -0.10938           0           0
-1.7969      7.3281    -0.48438    -0.11719           0           0
-1.8047      7.3281    -0.44531    -0.10938           0           0
-1.8203      7.3281    -0.42188    -0.10156           0           0
-1.8672      7.3203    -0.45313    -0.10938           0           0
-1.9375      7.3125    -0.53125    -0.13281           0           0
-2.0234      7.2891    -0.63281    -0.17188           0           0
-2.0781      7.2734    -0.66406     -0.1875           0           0
-2.1016      7.2656    -0.64063    -0.17969           0           0
-2.1406      7.2578    -0.63281    -0.17969           0           0
-2.1953        7.25    -0.66406    -0.19531           0           0
-2.2422      7.2344    -0.67188    -0.20313           0           0
-2.2578      7.2266    -0.63281    -0.19531           0           0
-2.2969      7.2188    -0.63281    -0.19531           0           0
-2.2422      7.2344    -0.45313    -0.13281           0           0
-2.2109        7.25    -0.34375    -0.10156           0           0
-2.2344      7.2422    -0.34375    -0.10156           0           0
-2.2109        7.25    -0.26563   -0.078125           0           0
-2.2109      7.2578    -0.22656   -0.070313           0           0
-2.1953      7.2578     -0.1875   -0.054688           0           0
-2.2031      7.2578    -0.17969   -0.054688           0           0
-2.1953      7.2656    -0.14844   -0.039063           0           0
-2.2031      7.2578    -0.14063   -0.039063           0           0
-2.2344        7.25     -0.1875   -0.054688           0           0
-2.2734      7.2422    -0.22656   -0.070313           0           0
-2.2891      7.2344    -0.23438   -0.070313           0           0
-2.3125      7.2266    -0.25781   -0.078125           0           0
-2.3281      7.2266       -0.25   -0.078125           0           0
-2.3281      7.2266    -0.21875   -0.070313           0           0
-2.3203      7.2344    -0.17969   -0.054688           0           0
-2.2969      7.2344      -0.125   -0.039063           0           0
-2.3047      7.2344      -0.125   -0.039063           0           0
-2.2891      7.2422   -0.078125   -0.023438           0           0
-2.2734        7.25   -0.039063  -0.0078125           0           0
-2.25      7.2578           0           0           0           0
-2.2422      7.2578    0.015625           0           0           0
-2.2344      7.2578     0.03125   0.0078125           0           0
-2.25      7.2578   0.0078125           0           0           0
-2.2344      7.2656     0.03125   0.0078125           0           0
-2.2266      7.2656     0.03125   0.0078125           0           0
-2.1641      7.2813     0.14844    0.046875           0           0
-2.0781      7.3125     0.28906    0.078125           0           0
-2.0625      7.3125     0.28906    0.078125           0           0
-1.9844      7.3359     0.39844     0.10938           0           0
-1.9609      7.3438     0.39844     0.10938           0           0
-1.9375      7.3516     0.39844     0.10938           0           0
-1.9141      7.3594     0.39844     0.10938           0           0
-1.8906      7.3672     0.39844     0.10938           0           0
-1.7734      7.3984     0.53906       0.125           0           0
-1.7422      7.4063     0.53906       0.125           0           0
-1.7813      7.3906     0.42969     0.10156           0           0
-1.7656      7.3984     0.41406     0.09375           0           0
-1.7422      7.4063     0.41406     0.09375           0           0
-1.6797      7.4141     0.46094     0.10156           0           0
-1.6797      7.4141     0.42188     0.09375           0           0
-1.6563      7.4219     0.42188     0.09375           0           0
-1.625      7.4297     0.42188     0.09375           0           0
-1.6016      7.4375     0.42188     0.09375           0           0
-1.5781      7.4375     0.42188     0.09375           0           0
-1.5547      7.4453     0.42188     0.09375           0           0
-1.5234      7.4531     0.42188     0.09375           0           0
-1.5      7.4609     0.42188     0.09375           0           0
-1.7734      7.3984    0.023438    0.015625           0           0
-1.8047      7.3906   -0.023438           0           0           0
-1.8047      7.3906   -0.023438           0           0           0
-1.9219      7.3672    -0.17969   -0.039063           0           0
-1.9297      7.3594    -0.17969   -0.039063           0           0
-1.9375      7.3594    -0.16406   -0.039063           0           0
-1.875      7.4219   -0.039063  -0.0078125           0           0
-1.875      7.4219   -0.039063  -0.0078125           0           0
-1.8672      7.4141    -0.03125  -0.0078125           0           0
-1.8672      7.4141    -0.03125  -0.0078125           0           0
-1.9375      7.4375      -0.125    -0.03125           0           0
-1.9453      7.4297      -0.125    -0.03125           0           0
-1.9531      7.4219      -0.125    -0.03125           0           0
-1.9531      7.4141    -0.11719    -0.03125           0           0
-1.9688      7.4063    -0.13281    -0.03125           0           0
-2      7.3906    -0.17969   -0.046875           0           0
-2.0234      7.3828    -0.19531   -0.054688           0           0
-2.0313       7.375    -0.19531   -0.054688           0           0
-2.0469       7.375    -0.19531   -0.054688           0           0
-2.0547       7.375    -0.19531   -0.054688           0           0
-2.0703      7.3672    -0.19531   -0.054688           0           0
-1.875      7.4609     0.14063    0.046875           0           0
-1.8672      7.4688     0.14063    0.046875           0           0
-1.8594      7.4688     0.14063    0.046875           0           0
-1.8516      7.4688     0.14063    0.046875           0           0
-1.8438      7.4766     0.14063    0.046875           0           0
-1.8359      7.4766     0.14063    0.046875           0           0
-1.8203      7.4844     0.14063    0.046875           0           0
-1.8125      7.4844     0.14063    0.046875           0           0
-1.8438      7.4531     0.09375    0.015625           0           0
-1.8359      7.4531     0.09375    0.015625           0           0
-1.8359      7.4531     0.09375    0.015625           0           0
-1.8281      7.4531     0.09375    0.015625           0           0
-1.8203      7.4531     0.09375    0.015625           0           0
-1.9141      7.4141   -0.015625           0           0           0
-1.9297      7.3984    -0.03125  -0.0078125           0           0
-1.9297      7.3984    -0.03125  -0.0078125           0           0
-1.9609      7.3828   -0.078125   -0.015625           0           0
-1.9688      7.3828   -0.078125   -0.015625           0           0
-1.9766      7.3828   -0.078125   -0.015625           0           0
-1.9766      7.3828   -0.078125   -0.015625           0           0
-1.9844      7.3828   -0.078125   -0.015625           0           0
-2.0078      7.3672    -0.10938   -0.023438           0           0
-1.9844      7.3672   -0.070313   -0.015625           0           0
-1.9531       7.375   -0.015625           0           0           0
-1.9453       7.375           0           0           0           0
-1.9219       7.375    0.039063   0.0078125           0           0
-2      7.3906    -0.09375   -0.023438           0           0
-1.9688      7.3984   -0.023438           0           0           0
-1.9375      7.3984     0.03125   0.0078125           0           0
-1.9453      7.3906           0           0           0           0
-1.9688      7.3828    -0.03125  -0.0078125           0           0
-1.9766      7.3828   -0.039063  -0.0078125           0           0
-1.9766       7.375   -0.039063  -0.0078125           0           0
-1.9453      7.3828    0.015625           0           0           0
-1.9375      7.3828     0.03125   0.0078125           0           0
-1.9375      7.3828     0.03125   0.0078125           0           0
-1.9297      7.3828     0.03125   0.0078125           0           0
-1.9297      7.3828     0.03125   0.0078125           0           0
-1.9297      7.3828     0.03125   0.0078125           0           0
-1.9297      7.3828     0.03125   0.0078125           0           0
-1.9219      7.3828     0.03125   0.0078125           0           0
-2.0625      7.3438    -0.19531   -0.046875           0           0
-2.125      7.3203    -0.28125   -0.078125           0           0
-2.1328      7.3203    -0.26563   -0.070313           0           0
-2.1094      7.3281    -0.19531   -0.054688           0           0
-2.1094      7.3203    -0.17188   -0.046875           0           0
-2.1172      7.3203    -0.17188   -0.046875           0           0
-2.125      7.3203    -0.17188   -0.046875           0           0
-2.1406      7.3125    -0.17188   -0.046875           0           0
-2.1484      7.3125    -0.17188   -0.046875           0           0
-2.1563      7.3047    -0.17188   -0.046875           0           0
-2.1719      7.3047    -0.17188   -0.046875           0           0
-2.1797      7.3047    -0.17188   -0.046875           0           0
-2.1953      7.2969    -0.17188   -0.046875           0           0
-2.2031      7.2969    -0.17188   -0.046875           0           0
-2.2109      7.2891    -0.17188   -0.046875           0           0
-2.0469      7.3438    0.039063    0.015625           0           0
-1.9688      7.3594       0.125     0.03125           0           0
-1.9609      7.3672       0.125     0.03125           0           0
-2.1719      7.3828    -0.14063    -0.03125           0           0
-2.2813      7.3984    -0.27344   -0.078125           0           0
-2.3281      7.4219     -0.3125    -0.09375           0           0
-2.3672      7.4375    -0.33594    -0.10156           0           0
-2.3984      7.4453    -0.34375    -0.10938           0           0
-2.4219      7.4375    -0.34375    -0.10938           0           0
-2.4609      7.4453      -0.375    -0.11719           0           0
-2.4922      7.4453    -0.39063      -0.125           0           0
-2.4688      7.4688    -0.28906    -0.09375           0           0
-2.4844      7.4609    -0.28906    -0.09375           0           0
-2.5      7.4531    -0.28906    -0.09375           0           0
-2.5156      7.4531    -0.28906    -0.09375           0           0
-2.5313      7.4453    -0.28906    -0.09375           0           0
-2.5547      7.4375    -0.28906    -0.09375           0           0
-2.5703      7.4375    -0.28906    -0.09375           0           0
-2.5859      7.4297    -0.28906    -0.09375           0           0
-2.6016      7.4219    -0.28906    -0.09375           0           0
-2.625      7.4141    -0.28906    -0.09375           0           0
-2.6406      7.4141    -0.28906    -0.09375           0           0
-1.6484      7.4219           0           0           0           0
-1.6719      7.4219   -0.046875  -0.0078125           0           0
-1.6328      7.4297    0.039063   0.0078125           0           0
-1.6172      7.4297    0.054688   0.0078125           0           0
0.875      2.8125    -0.75781    -0.28125           0           0
0.82031      2.7891    -0.76563    -0.28906           0           0
0.77344      2.7734    -0.76563    -0.29688           0           0
0.73438        2.75    -0.76563    -0.30469           0           0
0.6875      2.7344    -0.75781    -0.32031           0           0
0.64063      2.7188    -0.75781    -0.32031           0           0
0.64844      2.6875    -0.66406    -0.34375           0           0
0.60938      2.6719    -0.66406    -0.34375           0           0
0.63281      2.6484    -0.55469      -0.375           0           0
0.59375       2.625    -0.55469      -0.375           0           0
0.61719      2.6016    -0.46875    -0.39063           0           0
0.61719      2.5859    -0.42969    -0.40625           0           0
0.57031      2.5781    -0.46875    -0.40625           0           0
0.5625      2.5703    -0.44531    -0.40625           0           0
0.53906      2.5547     -0.4375    -0.41406           0           0
0.51563      2.5313     -0.4375    -0.41406           0           0
0.5         2.5    -0.41406    -0.42188           0           0
0.46875      2.4766    -0.42188    -0.42188           0           0
0.44531      2.4453    -0.42188    -0.42188           0           0
0.42969      2.4219    -0.40625    -0.42969           0           0
0.42188      2.3984      -0.375     -0.4375           0           0
0.39844       2.375      -0.375     -0.4375           0           0
0.39063      2.3516    -0.34375    -0.44531           0           0
0.36719      2.3281    -0.35938    -0.44531           0           0
0.33594      2.3125      -0.375    -0.44531           0           0
0.32031      2.2969      -0.375    -0.44531           0           0
0.29688      2.2813      -0.375    -0.45313           0           0
0.27344      2.2578      -0.375    -0.45313           0           0
0.24219      2.2422    -0.40625    -0.45313           0           0
0.21094      2.2344    -0.42188    -0.45313           0           0
0.17969      2.2188    -0.42969    -0.46094           0           0
0.15625      2.2031    -0.42969   -0.015625           0           0
0.11719      2.2188    -0.45313    0.015625           0           0
0.10156      2.2109     -0.4375    0.015625           0           0
0.0625      2.2266    -0.46094   0.0078125           0           0
0.03125      2.2266    -0.46094   0.0078125           0           0
0.0078125      2.2188    -0.46094           0           0           0
-0.015625      2.2188    -0.46094           0           0           0
-0.015625      2.2031    -0.41406    -0.46875           0           0
-0.03125      2.1719    -0.39063        -0.5           0           0
-0.039063      2.1406    -0.35156        -0.5           0           0
-0.046875      2.1094    -0.34375    -0.50781           0           0
-0.054688      2.0781    -0.32031    -0.50781           0           0
-0.0625      2.0547    -0.29688    -0.50781           0           0
-0.070313      2.0313    -0.28906   -0.054688           0           0
-0.09375      2.0234    -0.28906   -0.054688           0           0
-0.14844      2.0313    -0.35938   -0.023438           0           0
-0.15625      2.0313    -0.33594   -0.023438           0           0
-0.17188      2.0391    -0.32813   -0.023438           0           0
-0.1875      2.0313    -0.32813   -0.023438           0           0
-0.21094      2.0313    -0.32813   -0.023438           0           0
-0.23438      2.0313    -0.32813   -0.023438           0           0
-0.25      2.0313    -0.32813   -0.023438           0           0
-0.27344      2.0234    -0.32813   -0.023438           0           0
-0.33594      2.0547     -0.1875   -0.023438           0           0
-0.32031      2.0703    -0.15625   -0.015625           0           0
-0.32813      2.0625    -0.15625   -0.015625           0           0
-0.33594      2.0703    -0.15625   -0.023438           0           0
-0.35156      2.0703    -0.15625   -0.023438           0           0
-0.35938      2.0625    -0.15625   -0.023438           0           0
-0.32031      2.0156    -0.09375   -0.015625           0           0
-0.32813      2.0156    -0.09375   -0.015625           0           0
-0.3125      2.0391   -0.054688  -0.0078125           0           0
-0.3125      2.0391   -0.054688  -0.0078125           0           0
-0.32031      2.0391     -0.0625  -0.0078125           0           0
-0.32813      2.0391     -0.0625  -0.0078125           0           0
-0.28906      2.0547           0           0           0           0
-0.26563      2.0625    0.039063           0           0           0
-0.25781      2.0313    0.046875           0           0           0
-0.24219      2.0391    0.070313   0.0078125           0           0
-0.25      2.0469    0.046875           0           0           0
-0.24219      2.0469      0.0625   0.0078125           0           0
-0.25      2.0547     0.03125           0           0           0
-0.25781      2.0313   0.0078125           0           0           0
-0.26563      2.0313           0           0           0           0
-0.27344      2.0078  -0.0078125           0           0           0
-0.27344      2.0156  -0.0078125           0           0           0
-0.26563      2.0234           0           0           0           0
-0.25781      2.0234    0.015625           0           0           0
-0.26563      2.0078           0           0           0           0
-0.26563      2.0078           0           0           0           0
-0.28906      1.9844   -0.046875  -0.0078125           0           0
-0.28906      1.9844   -0.046875  -0.0078125           0           0
-0.3125      1.9688   -0.078125  -0.0078125           0           0
-0.32031      1.9531   -0.085938   -0.015625           0           0
-0.32813      1.9531   -0.085938   -0.015625           0           0
-0.34375      1.9375    -0.11719   -0.015625           0           0
-0.35938      1.9219    -0.14063   -0.023438           0           0
-0.38281      1.9063    -0.15625    -0.03125           0           0
-0.39063      1.8906    -0.15625    -0.03125           0           0
-0.40625      1.8828    -0.16406    -0.03125           0           0
-0.42188      1.8672    -0.17969   -0.039063           0           0
-0.4375      1.8594     -0.1875   -0.039063           0           0
-0.44531      1.8438    -0.19531   -0.046875           0           0
-0.46875      1.8359    -0.21094   -0.046875           0           0
-0.48438      1.8203    -0.22656   -0.054688           0           0
-0.5      1.8125    -0.22656     -0.0625           0           0
-0.50781      1.8047    -0.21875   -0.054688           0           0
-0.53125      1.8047    -0.23438     -0.0625           0           0
-0.53906      1.7969    -0.23438   -0.070313           0           0
-0.55469      1.8047    -0.22656     -0.0625           0           0
-0.58594      1.8047    -0.24219   -0.078125           0           0
-0.58594      1.8125    -0.21094     -0.0625           0           0
-0.59375      1.8125    -0.21094     -0.0625           0           0
-0.61719      1.7969    -0.22656   -0.078125           0           0
-0.64063      1.7969    -0.23438   -0.078125           0           0
-0.63281      1.8125    -0.20313   -0.070313           0           0
-0.64844      1.8047    -0.20313   -0.070313           0           0
-0.66406      1.8047    -0.20313   -0.070313           0           0
-0.67188      1.7969    -0.20313   -0.070313           0           0
-0.72656      1.7891    -0.27344    -0.10156           0           0
-0.73438      1.7969       -0.25    -0.10156           0           0
-0.76563      1.7969    -0.27344    -0.11719           0           0
-0.78125      1.7891    -0.27344    -0.11719           0           0
-0.79688      1.7813    -0.27344    -0.11719           0           0
-0.85156      1.8047    -0.36719     0.34375           0           0
-0.875      1.8203    -0.36719     0.34375           0           0
-0.89844      1.8438    -0.36719     0.34375           0           0
-0.92188      1.8672    -0.36719     0.34375           0           0
-0.99219      1.8672    -0.44531     0.32813           0           0
-1.0156      1.8828    -0.44531     0.32813           0           0
-1.0391      1.9063    -0.44531     0.32813           0           0
-1.0703      1.9219    -0.44531     0.32813           0           0
-1.0938      1.9453    -0.44531     0.32813           0           0
-1.125      1.9609    -0.44531     0.32813           0           0
-1.1484      1.9844    -0.44531     0.32813           0           0
-1.1797           2    -0.44531     0.32813           0           0
-1.2031      2.0234    -0.44531     0.32813           0           0
-1.2344      2.0469    -0.44531     0.32813           0           0
-1.2578      2.0625    -0.44531     0.32813           0           0
-2.2969      7.7578    -0.25781   -0.070313           0           0
-2.2734      7.7813    -0.17969   -0.046875           0           0
-2.2813      7.7891    -0.16406   -0.046875           0           0
-2.3359      7.7891    -0.24219   -0.070313           0           0
-2.3516      7.7969    -0.24219   -0.070313           0           0
-2.3594      7.8047    -0.21875     -0.0625           0           0
-2.375      7.8047    -0.22656     -0.0625           0           0
-2.3828      7.8125    -0.21094     -0.0625           0           0
-2.3906      7.8203     -0.1875   -0.054688           0           0
-2.3906      7.8281    -0.16406   -0.046875           0           0
-2.3906      7.8359    -0.14844   -0.046875           0           0
-2.3984      7.8438    -0.14063   -0.039063           0           0
-2.4063      7.8438    -0.14063   -0.039063           0           0
-2.4141      7.8438    -0.14063   -0.039063           0           0
-2.4375      7.8438    -0.15625   -0.046875           0           0
-2.4531      7.8516    -0.16406   -0.046875           0           0
-2.4531      7.8516    -0.15625   -0.046875           0           0
-2.4375      7.8594    -0.09375   -0.023438           0           0
-2.4063       7.875    -0.03125  -0.0078125           0           0
-2.3594      7.8984    0.070313    0.023438           0           0
-2.3516      7.8984    0.070313    0.023438           0           0
-2.1953      7.9531     0.35156     0.10156           0           0
-2.1797      7.9609     0.35156     0.10156           0           0
-1.9844      8.0156     0.65625     0.17188           0           0
-1.9453      8.0313     0.65625     0.17188           0           0
-1.7109      8.1016      1.0078     0.21875           0           0
-1.5703      8.1328      1.1328     0.21875           0           0
-1.5234      8.1563      1.1094     0.20313           0           0
-1.4531      8.1719      1.1094     0.20313           0           0
-1.4766      8.1641     0.92188     0.16406           0           0
-1.4219      8.1719     0.92188     0.16406           0           0
-1.3672      8.1875     0.92188     0.16406           0           0
-1.3125      8.1953     0.92188     0.16406           0           0
-1.2578      8.2031     0.92188     0.16406           0           0
-1.2031      8.2188     0.92188     0.16406           0           0
-1.1484      8.2266     0.92188     0.16406           0           0
-1.0938      8.2344     0.92188     0.16406           0           0
-1.0313        8.25     0.92188     0.16406           0           0
-2.3594           8    -0.58594    -0.17188           0           0
-2.3516           8    -0.50781    -0.14844           0           0
-2.3438      8.0078    -0.42969      -0.125           0           0
-2.3438      8.0078    -0.38281    -0.10938           0           0
-2.3594           8    -0.35938    -0.10156           0           0
-2.3672           8    -0.33594    -0.09375           0           0
-2.3672           8    -0.29688   -0.085938           0           0
-2.375           8    -0.26563   -0.078125           0           0
-2.3594           8    -0.21875     -0.0625           0           0
-2.3438      8.0078    -0.15625   -0.039063           0           0
-2.3359      8.0078      -0.125    -0.03125           0           0
-2.3203      8.0156   -0.078125   -0.015625           0           0
-2.2969      8.0234    -0.03125  -0.0078125           0           0
-2.2734      8.0234   0.0078125           0           0           0
-2.25      8.0313    0.054688   0.0078125           0           0
-2.2266      8.0391     0.09375    0.023438           0           0
-2.1719      8.0547      0.1875    0.046875           0           0
-2.0938      8.0781     0.32031    0.078125           0           0
-2.0234      8.1016     0.42188     0.10156           0           0
-1.9219       8.125     0.55469     0.13281           0           0
-1.8906      8.1328     0.55469     0.13281           0           0
-1.5469      8.2109      1.1328     0.23438           0           0
-1.4766      8.2266      1.1328     0.23438           0           0
-1.4063      8.2422      1.1328     0.23438           0           0
-1.3438      8.2578      1.1328     0.23438           0           0
-1.3047      8.2109      1.0625     0.15625           0           0
-1.3203      7.9766     0.85938     0.13281           0           0
-1.2891      7.9609      0.8125       0.125           0           0
-1.2422      7.9688      0.8125       0.125           0           0
-1.1875      7.9766      0.8125       0.125           0           0
-1.2422      7.9844     0.58594     0.09375           0           0
-1.2813      7.9922     0.44531    0.070313           0           0
-1.2969           8     0.35938    0.054688           0           0
-1.2344      8.0781     0.45313    0.070313           0           0
-1.2031      8.1172     0.46094    0.070313           0           0
-1.1875      8.1484     0.44531      0.0625           0           0
-1.1797      8.1563     0.40625    0.054688           0           0
-1.1484      8.1641     0.40625    0.054688           0           0
