-0.67969      1.4219    0.023438   0.0078125           0           0
-0.67188      1.4063    0.039063    0.015625           0           0
-0.66406      1.4141    0.039063    0.015625           0           0
-0.66406      1.3984     0.03125   0.0078125           0           0
-0.65625      1.3828     0.03125   0.0078125           0           0
-0.65625       1.375    0.023438   0.0078125           0           0
-0.65625      1.3594   0.0078125           0           0           0
-0.65625      1.3672   0.0078125           0           0           0
-0.66406      1.3516           0           0           0           0
-0.66406      1.3438  -0.0078125           0           0           0
-0.66406      1.3281   -0.015625  -0.0078125           0           0
-0.66406      1.3281   -0.015625  -0.0078125           0           0
-0.6875      1.3125   -0.054688   -0.023438           0           0
-0.69531      1.3125   -0.054688   -0.023438           0           0
-0.69531      1.3047   -0.054688    -0.03125           0           0
-0.6875      1.2969   -0.046875   -0.023438           0           0
-0.6875      1.2969   -0.039063   -0.015625           0           0
-0.67188      1.2969   -0.015625  -0.0078125           0           0
-0.67188      1.2969   -0.015625  -0.0078125           0           0
-0.66406      1.2969           0           0           0           0
-0.66406      1.2891           0           0           0           0
-0.66406      1.2891           0           0           0           0
-0.66406      1.2891           0           0           0           0
-0.64063      1.2969    0.023438   0.0078125           0           0
-0.64844      1.2891   0.0078125           0           0           0
-0.64063      1.2891    0.015625   0.0078125           0           0
-0.64063      1.2813    0.015625   0.0078125           0           0
-0.63281      1.2813    0.023438   0.0078125           0           0
-0.63281      1.2813    0.023438   0.0078125           0           0
-0.63281      1.2891    0.023438   0.0078125           0           0
-0.60156      1.2969      0.0625     0.03125           0           0
-0.60156      1.3203    0.078125     0.03125           0           0
-0.60156      1.3359    0.070313     0.03125           0           0
-0.59375      1.3359    0.070313     0.03125           0           0
-0.625      1.3438    0.023438   0.0078125           0           0
-0.64063      1.3516           0           0           0           0
-0.64063      1.3516           0           0           0           0
-0.625      1.3984           0     0.51563           0           0
-0.64844      1.4219  -0.0078125    0.054688           0           0
-0.64844      1.4297  -0.0078125    0.054688           0           0
-0.65625      1.4531   -0.046875     0.49219           0           0
-0.65625      1.4844   -0.046875     0.49219           0           0
-0.67188      1.4922   -0.039063    0.015625           0           0
-0.67969      1.4922   -0.039063    0.015625           0           0
-0.67969         1.5   -0.039063    0.015625           0           0
-0.67969         1.5   -0.039063    0.015625           0           0
-0.6875         1.5   -0.039063    0.015625           0           0
-0.6875         1.5   -0.039063    0.015625           0           0
-0.6875         1.5   -0.039063    0.015625           0           0
-0.67969      1.6641    -0.03125     0.53125           0           0
-0.67188      1.7422  -0.0078125     0.53125           0           0
-0.67188      1.7734  -0.0078125     0.53125           0           0
-0.64063      1.7969     0.03125     0.53906           0           0
-0.61719      1.8125    0.046875     0.54688           0           0
-0.61719      1.8438    0.046875     0.54688           0           0
-0.61719       1.875    0.046875     0.54688           0           0
-0.60938      1.9141    0.046875     0.54688           0           0
-0.60938      1.9453    0.046875     0.54688           0           0
-0.60156      1.9766    0.046875     0.54688           0           0
-0.5625      2.0234     0.10938     0.54688           0           0
-0.55469      2.0547     0.10938     0.54688           0           0
-0.54688      2.0938     0.10938     0.54688           0           0
-0.53906       2.125     0.10938     0.54688           0           0
-0.53125      2.1563     0.10938     0.54688           0           0
-0.5      2.1719     0.14063     0.53906           0           0
-0.49219      2.2031     0.14063     0.53906           0           0
-0.40625      2.2891        0.25     0.55469           0           0
-0.39063      2.3203        0.25     0.55469           0           0
-0.375      2.3516        0.25     0.55469           0           0
-0.39844      2.4141     0.21094    0.054688           0           0
-0.40625      2.4219     0.17969     0.03125           0           0
-0.39844      2.4219     0.17969     0.03125           0           0
-0.42969      2.4219     0.10938    0.015625           0           0
-0.42188      2.4219     0.10938    0.015625           0           0
-0.41406      2.4219     0.10938    0.015625           0           0
-0.40625      2.4219     0.10938    0.015625           0           0
-0.39844      2.4219     0.10938    0.015625           0           0
-0.47656      2.4688  -0.0078125   0.0078125           0           0
-0.46094      2.5234           0     0.45313           0           0
-0.46094      2.5547           0     0.45313           0           0
-0.46094      2.5781           0     0.45313           0           0
-0.46094      2.6094           0     0.45313           0           0
-0.40625      2.6719     0.09375     0.51563           0           0
-0.39844      2.7031     0.09375     0.51563           0           0
-0.39063      2.7344     0.09375     0.51563           0           0
-0.39063      2.7656     0.09375     0.51563           0           0
-0.375      2.8047     0.10938     0.51563           0           0
-0.40625       2.875    0.054688     0.50781           0           0
-0.40625      2.9063    0.054688     0.50781           0           0
-0.375      2.9688     0.10156     0.51563           0           0
-0.36719           3     0.10156     0.51563           0           0
-0.30469      3.0547      0.1875     0.52344           0           0
-0.29688      3.0859      0.1875     0.52344           0           0
-0.28125      3.1172      0.1875     0.52344           0           0
-0.27344      3.1484      0.1875     0.52344           0           0
-0.25781      3.1797      0.1875     0.52344           0           0
-0.25      3.2109      0.1875     0.52344           0           0
-0.23438        3.25      0.1875     0.52344           0           0
-0.13281      3.2734      0.3125     0.51563           0           0
-0.125      3.2891     0.29688     0.50781           0           0
-0.11719      3.2969     0.28125     0.50781           0           0
-0.10938      3.3125     0.27344     0.50781           0           0
-0.085938      3.3281     0.28125     0.50781           0           0
-0.046875      3.3828      0.3125         0.5           0           0
-0.015625      3.4297     0.33594         0.5           0           0
0.023438      3.4688     0.39063     0.49219           0           0
0.070313      3.5078     0.42188     0.48438           0           0
0.10156      3.5391      0.4375     0.48438           0           0
0.125      3.5703     0.42969     0.48438           0           0
0.3125      3.7422     0.46875     0.46875           0           0
0.35156      3.7813     0.48438     0.45313           0           0
0.38281      3.8125     0.48438     0.45313           0           0
0.4375      3.8359     0.54688     0.92188           0           0
0.46875      3.8906     0.54688     0.92188           0           0
0.52344      3.9219     0.57813     0.45313           0           0
0.5625      3.9531     0.57813     0.45313           0           0
0.59375      3.9766     0.57813     0.45313           0           0
0.72656      4.0391     0.74219       0.875           0           0
0.78906      4.0938     0.76563       0.875           0           0
0.83594      4.1484     0.76563       0.875           0           0
0.89063      4.2031     0.78125     0.85938           0           0
0.9375        4.25     0.78125     0.85938           0           0
0.98438      4.2969     0.78125     0.85156           0           0
1.0313      4.3359     0.79688     0.84375           0           0
1.1016      4.3672     0.82813     0.82813           0           0
1.1797      4.4141       0.875     0.80469           0           0
1.25      4.4688     0.89844     0.78906           0           0
1.3047      4.5156     0.89844     0.78906           0           0
1.3594      4.5625     0.89844     0.78906           0           0
1.4453      4.5859     0.96094        0.75           0           0
1.5      4.6328     0.96094        0.75           0           0
1.6328      4.6172      1.0547      0.1875           0           0
1.7031       4.625      1.0547      0.1875           0           0
1.8359      4.6094      1.2266      0.5625           0           0
1.9141      4.6406      1.2266      0.5625           0           0
2.0156      4.6328      1.2813     0.53125           0           0
2.0938      4.6641      1.2813     0.53125           0           0
2.1641      4.6953      1.2813     0.53125           0           0
2.3047      4.6875      1.3828      0.4375           0           0
2.3906      4.7109      1.3828      0.4375           0           0
2.4766      4.7344      1.3828      0.4375           0           0
2.5547      4.7656      1.3828      0.4375           0           0
2.6094      4.7969      1.3359     0.41406           0           0
2.7031      4.7891      1.3047    -0.09375           0           0
2.7891      4.7813      1.3047    -0.09375           0           0
2.8984      4.7031      1.3672       -0.25           0           0
2.9844      4.6875      1.3672       -0.25           0           0
3.0625      4.6719      1.3672       -0.25           0           0
3.1484      4.6563      1.3672       -0.25           0           0
3.375         4.5      1.5781    -0.54688           0           0
3.4766      4.4688      1.5781    -0.54688           0           0
3.6328      4.3516      1.6719    -0.73438           0           0
3.75      4.2656      1.6953    -0.82031           0           0
3.8359      4.1875      1.6875    -0.85938           0           0
3.9531      4.0938      1.7188    -0.96094           0           0
4.0703      3.9922        1.75     -1.0625           0           0
4.1719      3.9063      1.7422     -1.1172           0           0
4.2969      3.7813      1.7891     -1.2578           0           0
4.3516      3.7266      1.7109     -1.2188           0           0
4.4531      3.6563      1.7109     -1.2188           0           0
4.5625      3.5781      1.7109     -1.2188           0           0
4.5938      3.5313      1.5938       -1.25           0           0
4.6484      3.4766      1.5391     -1.2109           0           0
4.6719      3.4531      1.4453     -1.1094           0           0
4.7344      3.4063      1.4063     -1.0938           0           0
4.8203      3.3438      1.4063     -1.0938           0           0
4.9063      3.2734      1.4063     -1.0938           0           0
4.8594      3.3906      1.2031     -0.8125           0           0
4.9297      3.3438      1.2031     -0.8125           0           0
4.9063      3.4297      1.0547    -0.60938           0           0
4.9688      3.3906      1.0547    -0.60938           0           0
5.0313      3.3516      1.0547    -0.60938           0           0
5.0313      3.3828     0.96094    -0.53125           0           0
5.0859      3.3516     0.96094    -0.53125           0           0
5.1484      3.3203     0.96094    -0.53125           0           0
5.2031      3.2891     0.96094    -0.53125           0           0
5.2578      3.2578     0.96094    -0.53125           0           0
5.3203      3.2266     0.96094    -0.53125           0           0
5.375      3.1953     0.96094    -0.53125           0           0
5.4375      3.1563     0.96094    -0.53125           0           0
5.4922       3.125     0.96094    -0.53125           0           0
5.5469      3.0938     0.96094    -0.53125           0           0
5.6094      3.0625     0.96094    -0.53125           0           0