0       -2.75      7.4844   -0.023438  -0.0078125           1
0       -2.75      7.4844   -0.023438  -0.0078125           2
226     -4.015625      53.83594     0.0078125             0             2
0     -2.7578      7.4766   -0.039063  -0.0078125           2
24     -4.08594      53.8438    -0.140625   -0.0078125            2
0     -2.7578      7.4766   -0.023438  -0.0078125           2
102     -4.195313      53.85156    -0.3515625    -0.0234375             2
0     -2.7578      7.4766   -0.015625  -0.0078125           2
8     -4.02344       53.875       0.0625            0            2
0     -2.7578      7.4766   -0.023438  -0.0078125           2
47     -3.97656      53.8828      0.15625    0.0078125            2
0     -2.7578      7.4766  -0.0078125           0           2
111     -4.023438      53.88281     0.0390625             0             2
0       -2.75      7.4844           0           0           2
158     -4.015625      53.88281     0.0390625             0             2
0       -2.75      7.4844           0           0           2
141     -4.140625      53.88281     -0.203125    -0.0078125             2
0       -2.75      7.4844           0           0           2
171      -4.15625      53.88281     -0.203125    -0.0078125             2
0       -2.75      7.4844           0           0           2
21     -4.14844      53.8828    -0.171875   -0.0078125            2
0       -2.75      7.4844  -0.0078125           0           2
255     -4.164063      53.88281     -0.171875    -0.0078125             2
0       -2.75      7.4844           0           0           2
30     -4.17188      53.8828    -0.171875   -0.0078125            2
0       -2.75      7.4844           0           0           2
157            -4      53.90625      0.140625     0.0078125             2
0       -2.75      7.4844           0           0           2
26     -3.99219      53.9063     0.140625    0.0078125            2
0     -2.7578      7.4766  -0.0078125           0           2
105     -4.273438      53.88281    -0.3359375    -0.0234375             2
0     -2.7578      7.4766   -0.015625  -0.0078125           2
204     -4.296875      53.88281    -0.3359375    -0.0234375             2
0     -2.7656      7.4766   -0.015625  -0.0078125           2
90     -4.32031      53.8828    -0.335938   -0.0234375            2
0     -2.7656      7.4766   -0.015625           0           2
188     -4.265625      53.89063    -0.2265625     -0.015625             2
0     -2.7578      7.4766           0           0           2
98     -4.28125      53.8906    -0.226563    -0.015625            2
0     -2.7578      7.4766           0           0           2
196     -4.296875      53.89063    -0.2265625     -0.015625             2
0     -2.7578      7.4766           0           0           2
27     -3.91406      53.9219     0.359375      0.03125            2
0     -2.7578      7.4766           0           0           2
184     -4.140625      53.91406     -0.015625             0             2
0     -2.7578      7.4766           0           0           2
98     -4.14844      53.9141   -0.0234375            0            2
0     -2.7578      7.4766           0           0           2
156     -4.132813      53.92188     0.0078125             0             2
0     -2.7578      7.4844           0           0           2
146     -4.101563      53.92188      0.046875             0             2
0       -2.75      7.4844           0           0           2
162     -4.273438      53.91406         -0.25     -0.015625             2
0     -2.7578      7.4766           0           0           2
65     -4.28906      53.9141        -0.25    -0.015625            2
0       -2.75      7.4844   0.0078125           0           2
190     -4.242188      53.92188     -0.140625    -0.0078125             2
0       -2.75      7.4844           0           0           2
142     -3.992188       53.9375      0.328125     0.0234375             2
0       -2.75      7.4844           0           0           2
250     -3.882813      53.95313           0.5       0.03125             2
0     -2.7578      7.4844           0           0           2
127     -3.851563      53.95313           0.5       0.03125             2
0     -2.7578      7.4766  -0.0078125           0           2
128      -4.03125       53.9375     0.1171875     0.0078125             2
0     -2.7656      7.4766   -0.015625           0           2
2     -4.32813      53.9219      -0.4375     -0.03125            2
0     -2.7656      7.4766  -0.0078125           0           2
44     -4.32031      53.9219    -0.367188   -0.0234375            2
0     -2.7578      7.4766           0           0           2
130     -4.359375      53.92188      -0.40625      -0.03125             2
0     -2.7578      7.4766  -0.0078125           0           2
102      -4.46875      53.91406       -0.5625    -0.0390625             2
0     -2.7656      7.4766   -0.015625  -0.0078125           2
215     -4.523438      53.90625    -0.6015625     -0.046875             2
0     -2.7578      7.4766           0           0           2
205       -4.5625      53.90625    -0.6015625     -0.046875             2
0     -2.7578      7.4766           0           0           2
98     -4.59375      53.9063    -0.585938    -0.046875            2
0       -2.75      7.4844    0.015625   0.0078125           2
142     -4.429688      53.92188     -0.203125     -0.015625             2
0       -2.75      7.4844    0.015625           0           2
98     -4.49219      53.9141    -0.296875   -0.0234375            2
0       -2.75      7.4844    0.015625   0.0078125           2
14     -4.46094      53.9141    -0.203125    -0.015625            2
0       -2.75      7.4844    0.015625           0           2
61     -4.44531      53.9219    -0.148438   -0.0078125            2
0       -2.75      7.4844   0.0078125           0           2
151     -4.726563      53.89844     -0.671875    -0.0546875             2
0     -2.7422      7.4844    0.015625   0.0078125           2
47     -4.73438      53.8984    -0.609375    -0.046875            2
0     -2.7422      7.4844    0.015625           0           2
116     -4.570313      53.91406    -0.2109375     -0.015625             2
0     -2.7422      7.4844   0.0078125           0           2
243      -4.40625      53.92969     0.1484375     0.0078125             2
0     -2.7422      7.4844   0.0078125           0           2
84     -4.39844      53.9297     0.148438    0.0078125            2
0     -2.7422      7.4844   0.0078125           0           2
21     -4.14063      53.9453     0.632813     0.046875            2
0     -2.7422      7.4844   0.0078125           0           2
102      -4.03125      53.96094     0.7734375     0.0546875             2
0     -2.7422      7.4844   0.0078125           0           2
85     -3.78125      53.9766      1.16406     0.078125            2
0     -2.7422      7.4844           0           0           2
169       -3.8125      53.97656     0.9765625        0.0625             2
0       -2.75      7.4844           0           0           2
152        -3.625      53.99219       1.21875      0.078125             2
0     -2.7422      7.4844           0           0           2
38     -3.69531      53.9844     0.945313       0.0625            2
0     -2.7422      7.4844   0.0078125           0           2
191     -3.632813      53.99219     0.9453125        0.0625             2
0     -2.7422      7.4844   0.0078125           0           2
167     -3.703125      53.98438       0.71875      0.046875             2
0     -2.7422      7.4844   0.0078125           0           2
112     -3.742188      53.98438     0.5703125     0.0390625             2
0     -2.7422      7.4844           0           0           2
173     -3.703125      53.98438     0.5703125     0.0390625             2
0     -2.7422      7.4844           0           0           2
167       -4.1875      53.95313      -0.34375     -0.015625             2
0     -2.7422      7.4844   0.0078125           0           2
50     -4.21094      53.9531     -0.34375    -0.015625            2
0     -2.7422      7.4844   0.0078125           0           2
217     -4.015625      53.96094     0.0234375             0             2
0     -2.7422      7.4844           0           0           2
84     -4.01563      53.9609    0.0234375            0            2
0     -2.7422      7.4844           0           0           2
223     -4.039063      53.96094     -0.015625             0             2
0       -2.75      7.4844  -0.0078125           0           2
243     -4.289063      53.94531    -0.4453125      -0.03125             2
0     -2.7578      7.4844   -0.015625  -0.0078125           2
48     -4.32813      53.9375    -0.453125     -0.03125            2
0       -2.75      7.4844  -0.0078125           0           2
233     -4.132813      53.95313    -0.0703125             0             2
0       -2.75      7.4844  -0.0078125           0           2
32     -4.13281      53.9531   -0.0703125            0            2
0       -2.75      7.4844           0           0           2
44     -4.14844      53.9531   -0.0859375            0            2
0     -2.7578      7.4766   -0.015625  -0.0078125           2
67     -4.15625      53.9531   -0.0859375            0            2
0     -2.7578      7.4766   -0.023438  -0.0078125           2
100     -4.054688      53.96094      0.078125             0             2
0       -2.75      7.4844  -0.0078125           0           2
139      -4.15625      53.95313    -0.0859375             0             2
0       -2.75      7.4844           0           0           2
227     -4.164063      53.95313    -0.0859375             0             2
0       -2.75      7.4844           0           0           2
168     -4.359375       53.9375    -0.4140625      -0.03125             2
0       -2.75      7.4844           0           0           2
172     -4.359375       53.9375        -0.375    -0.0234375             2
0       -2.75      7.4844   0.0078125           0           2
55     -4.10156      53.9609     0.109375    0.0078125            2
0       -2.75      7.4844           0           0           2
63      -4.3125      53.9453    -0.273438    -0.015625            2
0     -2.7422      7.4844   0.0078125           0           2
131        -4.125      53.95313      0.078125             0             2
0     -2.7344      7.4922     0.03125   0.0078125           2
88       -4.125      53.9531     0.078125            0            2
0     -2.7344      7.4844    0.015625   0.0078125           2
248     -4.117188      53.96094      0.078125             0             2
0     -2.7344      7.4844    0.015625   0.0078125           2
146     -4.023438      53.96094      0.234375      0.015625             2
0     -2.7422      7.4844   0.0078125           0           2
245     -3.976563      53.96875      0.296875      0.015625             2
0     -2.7422      7.4844           0           0           2
254     -4.226563      53.94531     -0.171875    -0.0078125             2
0     -2.7422      7.4844           0           0           2
144      -4.21875      53.95313    -0.1328125    -0.0078125             2
0     -2.7422      7.4844           0           0           2
79     -4.21875      53.9531    -0.109375   -0.0078125            2
0     -2.7422      7.4844           0           0           2
176      -4.21875      53.95313     -0.109375    -0.0078125             2
0     -2.7422      7.4844           0           0           2
97     -4.17188      53.9531            0            0            2
0     -2.7344      7.4844    0.015625           0           2
80     -4.14063      53.9531      0.03125            0            2
0     -2.7344      7.4922    0.015625           0           2
38     -3.91406      53.9766     0.445313      0.03125            2
0     -2.7422      7.4844           0           0           2
48     -4.39844      53.9375    -0.484375     -0.03125            2
0     -2.7266      7.4922     0.03125   0.0078125           2
2      -4.3125      53.9453    -0.257813    -0.015625            2
0     -2.7266      7.4922    0.015625   0.0078125           2
2     -4.32813      53.9453    -0.257813    -0.015625            2
0     -2.7266      7.4922    0.015625           0           2
7     -4.52344      53.9297       -0.625    -0.046875            2
0     -2.7266      7.4922    0.023438   0.0078125           2
184     -4.414063       53.9375     -0.328125    -0.0234375             2
0     -2.7266      7.4922    0.023438   0.0078125           2
141     -4.414063       53.9375    -0.2890625    -0.0234375             2
0     -2.7188      7.4922     0.03125   0.0078125           2
32     -4.32813      53.9375   -0.0859375            0            2
0     -2.7266      7.4922   0.0078125           0           2
24     -4.58594      53.9219    -0.578125    -0.046875            2
0     -2.7266      7.4922           0           0           2
220       -4.4375      53.92969    -0.2109375     -0.015625             2
0     -2.7188      7.4922    0.015625           0           2
181     -4.242188      53.94531     0.1796875      0.015625             2
0     -2.7188      7.4922    0.015625           0           2
251     -4.109375      53.96094     0.4140625       0.03125             2
0     -2.7266      7.4922           0           0           2
68     -4.01563      53.9688     0.554688    0.0390625            2
0     -2.7188      7.4922    0.015625           0           2
69     -4.05469      53.9609     0.414063      0.03125            2
0     -2.7344      7.4844   -0.015625           0           2
39      -4.0625      53.9609      0.34375    0.0234375            2
0     -2.7266      7.4922           0           0           2
211     -4.289063      53.94531        -0.125    -0.0078125             2
0     -2.7344      7.4844   -0.015625  -0.0078125           2
19     -4.16406      53.9531     0.132813    0.0078125            2
0       -2.75      7.4844   -0.046875   -0.015625           2
40     -4.15625      53.9531     0.132813    0.0078125            2
0     -2.7266      7.4922   0.0078125           0           2
108     -4.015625      53.96875         0.375     0.0234375             2
0     -2.7031         7.5    0.054688    0.015625           2
238     -3.992188      53.96875         0.375     0.0234375             2
0     -2.6797      7.5078     0.10156     0.03125           2
7     -3.84375      53.9766     0.609375    0.0390625            2
0     -2.6641      7.5156       0.125    0.039063           2
90     -3.82813      53.9766       0.5625    0.0390625            2
0     -2.6172      7.5313     0.21094    0.070313           3
23     -3.95313      53.9688     0.289063     0.015625            3
216        -3.625      14.48438     0.0234375             0             3
0     -2.6641      7.5156    0.085938     0.03125           3
28     -3.92969      53.9688     0.289063     0.015625            3
92     -3.64844      14.4844   -0.0078125            0            3
0     -2.6328      7.5234     0.13281    0.046875           3
46     -3.66406      53.9922     0.734375     0.046875            3
249     -3.648438      14.48438    -0.0078125             0             3
0     -2.6641      7.5156    0.039063    0.015625           3
11     -3.76563      53.9844      0.46875      0.03125            3
146      -3.65625      14.47656     -0.015625             0             3
0     -2.6641      7.5156    0.046875    0.015625           3
140     -3.742188      53.98438       0.46875       0.03125             3
10     -3.67188      14.4766   -0.0546875   -0.0078125            3
0     -2.6563      7.5156    0.046875    0.015625           3
86     -3.59375           54     0.679688    0.0390625            3
222     -3.679688      14.47656    -0.0546875    -0.0078125             3
0     -2.6563      7.5156    0.046875    0.015625           3
66     -3.55469           54     0.679688    0.0390625            3
87     -3.67969      14.4766    -0.046875   -0.0078125            3
0     -2.6641      7.5156    0.023438   0.0078125           3
3     -3.51563           54     0.679688    0.0390625            3
90     -3.66406      14.4766   -0.0078125            0            3
0     -2.6641      7.5156    0.015625   0.0078125           3
167      -3.46875      54.00781     0.6796875     0.0390625             3
76     -3.64063      14.4844     0.015625            0            3
0     -2.7188      7.4922    -0.09375    -0.03125           3
255     -3.429688      54.00781     0.6796875     0.0390625             3
55     -3.66406      14.4766   -0.0234375            0            3
0     -2.7344      7.4922    -0.11719   -0.039063           3
71     -3.61719      53.9922       0.3125     0.015625            3
27     -3.67188      14.4766   -0.0234375            0            3
0     -2.7656      7.4766    -0.16406   -0.054688           3
78     -3.59375      53.9922       0.3125     0.015625            3
145     -3.664063      14.47656     -0.015625             0             3
0     -2.7344      7.4922   -0.078125   -0.023438           3
19     -4.05469      53.9688     -0.40625   -0.0234375            3
30     -3.66406      14.4766    -0.015625            0            3
0     -2.7422      7.4844   -0.078125   -0.023438           3
137     -4.226563      53.95313    -0.6328125     -0.046875             3
13     -3.67969      14.4766     -0.03125   -0.0078125            3
0     -2.7344      7.4844     -0.0625   -0.023438           3
16     -4.13281      53.9609    -0.421875     -0.03125            3
167     -3.710938      14.46875     -0.078125     -0.015625             3
0     -2.7031         7.5           0           0           3
60       -4.125      53.9609       -0.375   -0.0234375            3
148      -3.71875      14.46094    -0.0859375     -0.015625             3
0     -2.7031         7.5   0.0078125           0           3
144       -4.0625      53.96094    -0.2265625     -0.015625             3
245     -3.734375      14.46094     -0.109375    -0.0234375             3
0     -2.6406      7.5234       0.125    0.039063           3
230     -4.070313      53.96094    -0.2265625     -0.015625             3
115     -3.757813      14.45313     -0.140625      -0.03125             3
0     -2.6094      7.5313     0.16406    0.054688           3
241     -4.140625      53.96094    -0.3203125    -0.0234375             3
96     -3.76563      14.4531    -0.140625     -0.03125            3
0     -2.5703      7.5469     0.21875    0.070313           3
127      -4.15625      53.95313    -0.3203125    -0.0234375             3
81        -3.75      14.4531     -0.09375   -0.0234375            3
0     -2.5313      7.5625     0.27344     0.09375           3
217     -3.945313      53.96875     0.0859375     0.0078125             3
36     -3.74219      14.4531   -0.0703125    -0.015625            3
0     -2.5078      7.5703     0.28906     0.09375           3
163        -3.875      53.97656        0.1875     0.0078125             3
136      -3.71875      14.46094     -0.015625             0             3
0     -2.4922      7.5781     0.28906     0.09375           3
238     -3.867188      53.97656        0.1875     0.0078125             3
104     -3.679688      14.46875     0.0390625     0.0078125             3
0     -2.4688      7.5859     0.28906     0.09375           3
45     -4.04688      53.9609    -0.132813   -0.0078125            3
187      -3.71875      14.46094    -0.0234375             0             3
0     -2.3125      7.5469     0.50781     0.14063           3
164     -4.195313      53.95313    -0.3828125    -0.0234375             3
151      -3.71875      14.46094    -0.0234375             0             3
0     -2.2813      7.5547     0.50781     0.14063           3
187      -4.21875      53.95313    -0.3828125    -0.0234375             3
133     -3.726563      14.46094    -0.0234375             0             3
0       -2.25      7.5625     0.50781     0.14063           3
156     -4.039063      53.96094    -0.0390625             0             3
118     -3.726563      14.46094    -0.0234375             0             3
0     -2.2188      7.5703     0.50781     0.14063           3
172     -4.046875      53.96094    -0.0390625             0             3
112     -3.726563      14.46094    -0.0234375             0             3
0     -2.1875      7.5859     0.50781     0.14063           3
78     -4.71875      53.9141      -1.1875   -0.0859375            3
41     -3.72656      14.4609   -0.0234375            0            3
0     -2.1563      7.5938     0.50781     0.14063           3
137     -4.789063      53.90625       -1.1875    -0.0859375             3
108     -3.726563      14.46094    -0.0234375             0             3
0     -2.1328      7.6016     0.50781     0.14063           3
12     -4.15625      53.9609            0    0.0078125            3
7     -3.73438      14.4609   -0.0234375            0            3
0     -2.1016      7.6094     0.50781     0.14063           3
186      -4.15625      53.96094             0     0.0078125             3
74     -3.73438      14.4609   -0.0234375            0            3
0     -2.0703      7.6172     0.50781     0.14063           3
22     -4.15625      53.9609            0    0.0078125            3
230     -3.734375      14.46094    -0.0234375             0             3
0     -2.0391       7.625     0.50781     0.14063           3
252      -4.15625      53.96094             0     0.0078125             3
89     -3.73438      14.4609   -0.0234375            0            3
0     -2.0078      7.6328     0.50781     0.14063           2
68     -4.15625      53.9609            0    0.0078125            2
14     -4.15625      53.9609            0    0.0078125            1
14     -4.15625      53.9609            0    0.0078125            1
14     -4.15625      53.9609            0    0.0078125            1
14     -4.15625      53.9688            0    0.0078125            1
14     -4.15625      53.9688            0    0.0078125            1
1     -4.15625      53.9688            0    0.0078125            1
27    -0.757813      1.50781      0.03125     0.015625            1
27        -0.75      1.52344     0.046875    0.0234375            1
27        -0.75      1.52344     0.046875    0.0234375            1
27        -0.75      1.52344     0.046875    0.0234375            1
27    -0.742188      1.53125     0.046875    0.0234375            1
27    -0.710938      1.54688     0.101563     0.046875            1
27    -0.703125      1.54688     0.101563     0.046875            1
27    -0.726563      1.54688       0.0625      0.03125            1
27    -0.734375      1.54688    0.0390625     0.015625            1
27    -0.726563      1.54688     0.046875     0.015625            1
27    -0.734375      1.54688    0.0234375    0.0078125            1
27    -0.742188      1.54688    0.0078125            0            1
27    -0.734375      1.55469    0.0234375    0.0078125            2
65      12.2734      13.0078    -0.164063     0.164063            2
27    -0.734375      1.55469    0.0234375    0.0078125            2
129      12.25781      13.01563    -0.1640625     0.1640625             2
27    -0.703125      1.57031    0.0859375    0.0390625            1
27    -0.710938      1.57031       0.0625    0.0234375            2
59      11.9922      13.2813         -0.5      0.46875            2
27     -0.71875      1.57031    0.0390625     0.015625            3
115      12.11719      13.14844      -0.28125      0.265625             3
153      11.14844      18.72656      2.867188     -1.695313             3
27    -0.710938      1.57031    0.0390625     0.015625            3
121      11.99219      13.27344    -0.4296875      0.390625             3
227       11.3125      18.60938      2.859375     -1.726563             3
27     -0.71875      1.57031    0.0234375    0.0078125            3
142      11.96094      13.29688    -0.4296875      0.390625             3
36      11.4844      18.5078      2.85938     -1.72656            3
27    -0.710938      1.57031     0.046875     0.015625            3
79      11.9375      13.3203    -0.429688     0.390625            3
145        11.375      18.53125         2.375       -1.4375             3
27    -0.703125      1.57813     0.046875     0.015625            3
148      11.91406      13.34375    -0.4296875      0.390625             3
101      11.51563      18.44531         2.375       -1.4375             3
27      -0.6875      1.58594     0.078125      0.03125            2
81      11.6563      18.3594        2.375      -1.4375            2
27    -0.679688      1.58594     0.078125      0.03125            2
140      11.44531      18.46094      1.835938     -1.117188             2
27    -0.695313      1.58594     0.046875     0.015625            2
101      11.55469      18.39063      1.835938     -1.117188             2
27      -0.6875      1.58594     0.046875     0.015625            3
41      11.6641      18.3281      1.83594     -1.11719            3
138      12.38281      12.89063     0.3046875    -0.2578125             3
27    -0.679688      1.59375    0.0546875    0.0234375            3
244      11.77344      18.25781      1.835938     -1.117188             3
125      12.39844        12.875     0.3046875    -0.2578125             3
27    -0.679688      1.59375       0.0625    0.0234375            1
27     -0.65625      1.60156    0.0859375      0.03125            2
136      12.78906      12.51563      0.765625         -0.75             2
27    -0.648438      1.60938      0.09375      0.03125            2
32      12.8359      12.4688     0.765625        -0.75            2
27    -0.648438      1.60938      0.09375      0.03125            1
27    -0.632813      1.61719     0.078125     0.507813            2
25      12.9766      12.3203     0.820313    -0.859375            2
27    -0.617188      1.65625     0.101563       0.5625            2
247      13.02344      12.27344     0.8203125     -0.859375             2
27    -0.609375       1.6875      0.09375       0.5625            1
27    -0.601563      1.71094      0.09375       0.5625            1
27    -0.585938      1.76563     0.117188       0.5625            1
27    -0.585938      1.78906     0.101563     0.554688            1
27    -0.585938      1.82031     0.101563     0.554688            1
27     -0.59375      1.85938       0.0625     0.546875            1
27    -0.585938      1.89844     0.078125     0.546875            1
27    -0.585938      1.92969     0.078125     0.546875            1
27     -0.59375      1.96094     0.046875      0.53125            1
27     -0.59375            2    0.0546875      0.53125            2
36      13.3906      13.3828      1.92188     -1.89063            2
27    -0.585938      2.03125     0.046875      0.53125            2
4      13.4688      13.1641       1.9375     -1.96875            2
27    -0.570313       2.0625     0.078125     0.539063            2
49      13.5859      13.0469       1.9375     -1.96875            2
27    -0.546875      2.10156     0.109375     0.546875            2
141      13.46875      13.03125      1.679688     -1.726563             2
27     -0.53125      2.13281     0.117188     0.539063            2
95      13.5703      12.9297      1.67969     -1.72656            2
27    -0.523438      2.15625        0.125     0.539063            2
160      13.29688      13.11719      1.226563      -1.21875             2
27         -0.5       2.1875     0.140625     0.546875            2
76      13.2188      13.1094      1.07813     -1.07031            2
27    -0.492188      2.21094     0.140625     0.539063            2
67      13.2578      12.9922      1.07031     -1.08594            2
27    -0.476563      2.24219     0.148438     0.539063            2
55      13.2344      12.9453     0.992188     -1.01563            2
27    -0.460938      2.28125     0.164063     0.539063            2
115      13.22656      12.89063     0.9296875     -0.953125             2
27    -0.429688      2.32031     0.203125     0.546875            2
74      13.2813      12.8359     0.929688    -0.953125            2
27    -0.421875      2.35156     0.203125     0.546875            2
88      13.2344      12.8359       0.8125    -0.835938            2
27    -0.421875      2.39063     0.179688     0.539063            2
176      13.10938      12.91406     0.6015625    -0.6015625             2
27    -0.398438      2.42188     0.203125     0.539063            2
202      13.14844        12.875     0.6015625    -0.6015625             2
27    -0.382813      2.45313     0.203125     0.539063            2
69      12.9609      13.0313       0.3125    -0.296875            2
27       -0.375      2.49219     0.203125     0.539063            2
225      12.98438      13.01563        0.3125     -0.296875             2
27    -0.351563      2.51563     0.210938      0.53125            2
137      12.83594      13.13281       0.09375    -0.0859375             2
27     -0.34375      2.54688     0.210938      0.53125            2
3      12.8359       13.125      0.09375   -0.0859375            2
27    -0.273438      2.58594     0.304688      0.53125            2
223      12.61719       13.3125       -0.1875        0.1875             2
27    -0.226563      2.60938     0.351563      0.53125            2
43      12.6094      13.3203      -0.1875       0.1875            2
27      -0.1875      2.63281        0.375     0.523438            2
115      12.59375      13.33594       -0.1875        0.1875             2
27    -0.179688      2.65625     0.351563     0.523438            2
15      12.5859      13.3438      -0.1875       0.1875            2
27    -0.164063      2.67188     0.335938     0.515625            2
41      12.5781      13.3594      -0.1875       0.1875            2
27    -0.132813      2.71094     0.367188     0.515625            2
138       12.5625      13.36719       -0.1875        0.1875             2
27    -0.109375      2.73438     0.359375     0.515625            2
19      12.5547      13.3828      -0.1875       0.1875            2
27   -0.0859375      2.76563     0.359375     0.515625            2
37      12.5391      13.3906      -0.1875       0.1875            2
27   -0.0703125      2.79688     0.359375     0.515625            2
193      12.53125      13.39844       -0.1875        0.1875             2
27   -0.0234375      2.79688     0.390625    0.0234375            2
253      12.51563      13.41406       -0.1875        0.1875             2
27            0      2.79688     0.390625    0.0234375            2
125      12.50781      13.42188       -0.1875        0.1875             2
27            0      2.80469     0.359375            0            1
27    0.0078125      2.80469      0.34375     0.445313            2
81     -11.5156      13.6563     0.078125       0.0625            2
27    0.0234375      2.83594      0.34375     0.445313            2
147     -11.59375      13.59375     -0.078125       -0.0625             2
27    0.0234375      2.86719     0.296875     0.492188            2
237     -11.60156      13.58594    -0.0859375    -0.0703125             2
27    0.0390625      2.89063     0.296875     0.492188            2
126     -11.55469        13.625      0.015625     0.0078125             2
27     0.046875      2.92188     0.289063     0.492188            2
123      -11.5625      13.61719    -0.0078125    -0.0078125             2
27       0.0625      2.94531      0.28125     0.492188            2
212     -11.57031      13.60938    -0.0078125    -0.0078125             2
27     0.101563      2.96094     0.320313     0.484375            2
125     -11.50781      13.66406     0.1015625     0.0859375             2
27     0.117188      2.98438     0.304688     0.484375            2
188         -11.5      13.67188     0.1015625     0.0859375             2
27     0.132813      3.01563     0.304688     0.484375            2
195     -11.44531      13.71094        0.1875       0.15625             2
27     0.148438      3.03906     0.304688     0.484375            3
124     -11.45313      13.71094       0.15625     0.1328125             3
46     -2.65625      7.52344     0.695313     0.242188            3
27     0.171875      3.07031     0.304688     0.484375            3
75     -11.4609      13.7031        0.125     0.101563            3
190     -2.640625       7.53125      0.640625     0.2265625             3
27     0.234375      3.10938        0.375      0.46875            3
230     -11.45313      13.71094     0.1328125      0.109375             3
242     -2.609375      7.539063         0.625     0.2109375             3
27     0.242188      3.14063     0.351563      0.46875            3
125     -11.49219      13.67969     0.0390625     0.0390625             3
154      -2.59375      7.546875     0.5859375      0.203125             3
27     0.265625      3.14844     0.359375      0.46875            3
51     -11.4922      13.6797    0.0390625      0.03125            3
4     -2.5859      7.5469     0.52344     0.17969           3
27     0.289063      3.17188     0.359375      0.46875            3
71        -11.5      13.6641    0.0078125    0.0078125            3
255     -2.601563      7.539063     0.4453125     0.1484375             3
27       0.3125      3.20313     0.359375      0.46875            3
168     -11.48438       13.6875      0.046875     0.0390625             3
116     -2.617188      7.539063      0.359375         0.125             3
27     0.335938      3.22656     0.359375      0.46875            3
117         -11.5      13.67188     0.0078125     0.0078125             3
80     -2.60938      7.53906     0.335938     0.117188            3
27     0.351563         3.25     0.359375     0.460938            3
83     -11.4766      13.6875     0.046875    0.0390625            3
131     -2.617188      7.539063       0.28125       0.09375             3
27        0.375      3.28125     0.359375     0.460938            3
243     -11.48438      13.67969       0.03125     0.0234375             3
231     -2.617188      7.539063     0.2421875     0.0859375             3
27     0.398438      3.30469     0.359375     0.460938            3
249      -11.5625      13.61719    -0.1171875      -0.09375             3
109     -2.617188       7.53125      0.203125     0.0703125             3
27     0.382813      3.35938     0.304688      0.46875            4
81     -11.5391      13.6328   -0.0546875    -0.046875            4
168     -2.601563      7.539063       0.21875     0.0703125             4
184     -3.515625      14.51563    -0.0859375     -0.015625             4
27      0.40625      3.39063     0.304688      0.46875            4
21     -11.4688      13.6953     0.078125       0.0625            4
124     -2.585938      7.546875     0.2265625      0.078125             4
58     -3.49219      14.5156   -0.0234375            0            4
27     0.421875      3.41406     0.304688      0.46875            4
208     -11.51563      13.65625    -0.0078125    -0.0078125             4
196     -2.585938      7.546875        0.1875        0.0625             4
87     -3.49219      14.5156   -0.0234375            0            4
27     0.335938      3.50781     0.148438     0.492188            4
143     -11.51563      13.65625    -0.0078125    -0.0078125             4
39     -2.61719      7.53906     0.117188    0.0390625            4
228     -3.484375      14.52344             0             0             4
27      0.34375      3.53906     0.148438     0.492188            4
239     -11.51563      13.65625    -0.0078125    -0.0078125             4
34     -2.63281      7.53125       0.0625    0.0234375            4
197      -3.46875      14.52344       0.03125             0             4
27     0.351563      3.57031     0.148438     0.492188            4
202     -11.53125      13.64844      -0.03125    -0.0234375             4
128     -2.632813       7.53125     0.0546875      0.015625             4
156     -3.445313      14.53125     0.0703125      0.015625             4
27     0.359375      3.60156     0.148438     0.492188            4
217     -11.58594      13.59375    -0.1328125     -0.109375             4
184     -2.648438      7.523438     0.0234375     0.0078125             4
211     -3.476563      14.52344             0             0             4
27        0.375        3.625     0.148438     0.492188            4
139     -11.59375      13.58594    -0.1328125     -0.109375             4
140     -2.679688      7.515625    -0.0390625    -0.0078125             4
6     -3.41406      14.5391     0.117188    0.0234375            4
27     0.382813      3.65625     0.148438     0.492188            4
21     -11.6016      13.5781    -0.132813    -0.109375            4
201     -2.695313      7.507813       -0.0625     -0.015625             4
211     -3.367188      14.54688     0.1953125     0.0390625             4
27     0.539063      3.64844     0.351563     0.453125            5
210     -11.60938      13.57031    -0.1328125     -0.109375             5
164      -2.71875           7.5      -0.09375      -0.03125             5
165     -3.382813      14.54688     0.1484375       0.03125             5
193      -3.71875      53.08594     -1.882813        -0.125             5
27       0.5625      3.67188     0.351563     0.453125            5
81     -11.6172      13.5625    -0.132813    -0.109375            5
66     -2.71875          7.5     -0.09375     -0.03125            5
131     -3.421875      14.53906      0.046875     0.0078125             5
35        -3.75      53.1563     -1.69531    -0.117188            5
27       0.6875      3.71094     0.492188     0.421875            6
223       -11.625       13.5625    -0.1328125     -0.109375             6
176     -2.734375      7.492188    -0.1015625      -0.03125             6
96     -3.45313      14.5313    -0.015625            0            6
26      6.35938      28.1406       0.0625   -0.0078125            6
199     -3.828125      53.21094     -1.632813     -0.109375             6
27      0.71875      3.74219     0.492188     0.421875            6
166     -11.63281      13.55469    -0.1328125     -0.109375             6
220         -2.75      7.484375    -0.1171875    -0.0390625             6
48     -3.47656      14.5234   -0.0546875   -0.0078125            6
139      6.328125      28.14844             0             0             6
53     -3.89844      53.2656     -1.55469    -0.109375            6
27      1.27344      3.89063      0.84375     0.257813            5
152     -4.453125      53.42188       -1.3125    -0.1015625             5
76     -2.75781      7.48438    -0.046875    -0.015625            5
96     -3.57031         14.5     -0.15625   -0.0390625            5
63      6.51563      28.1016     0.265625   -0.0546875            5
27      1.38281      3.86719       0.9375     0.195313            5
44     -4.09375      53.4922    -0.539063   -0.0234375            5
94     -2.75781      7.48438   -0.0390625    -0.015625            5
236     -3.546875      14.50781      -0.09375    -0.0234375             5
117       6.53125      28.10156      0.265625    -0.0546875             5
27      1.42188      3.86719     0.914063     0.195313            5
43           -4      53.5313    -0.320313    -0.015625            5
143     -2.757813      7.484375      -0.03125    -0.0078125             5
145     -3.507813      14.51563     -0.015625             0             5
25      6.54688      28.0938     0.265625   -0.0546875            5
27      1.47656      3.88281     0.914063     0.195313            5
187     -4.195313      53.53906        -0.625     -0.046875             5
123     -2.757813      7.484375      -0.03125    -0.0078125             5
18     -3.52344      14.5078   -0.0390625   -0.0078125            5
153        6.5625      28.09375      0.265625    -0.0546875             5
27      1.57031      3.89063      0.96875     0.148438            4
165       -4.1875      53.57031    -0.5390625    -0.0390625             4
0     -2.7578      7.4844    -0.03125  -0.0078125           4
194     -3.523438      14.50781    -0.0390625    -0.0078125             4
27      1.64844      3.89844      1.00781     0.117188            4
42     -4.21875      53.5703    -0.539063   -0.0390625            4
11     -2.75781      7.48438   -0.0234375   -0.0078125            4
157      -3.53125      14.50781    -0.0390625    -0.0078125             4
27      1.72656      3.90625      1.02344    0.0859375            4
111     -4.234375      53.59375    -0.5078125      -0.03125             4
253     -2.757813      7.484375     -0.015625             0             4
254       -3.5625          14.5    -0.1015625    -0.0234375             4
27      1.82031      3.89844      1.07813     0.046875            5
92       -4.125       53.625    -0.265625    -0.015625            5
96     -2.75781      7.48438    -0.015625            0            5
216     -3.570313          14.5    -0.1015625    -0.0234375             5
43      2.94531      39.0547      2.10938    -0.148438            5
27      1.88281      3.89844      1.07813     0.046875            5
195     -3.882813      53.66406        0.1875      0.015625             5
250         -2.75      7.484375    -0.0078125             0             5
115     -3.585938      14.49219    -0.1171875    -0.0234375             5
228      3.070313      39.04688      2.109375    -0.1484375             5
27      1.98438        3.875      1.14844   -0.0234375            4
86     -3.83594      53.6875         0.25     0.015625            4
126     -2.757813      7.484375     -0.015625             0             4
36     -3.57031         14.5    -0.078125    -0.015625            4
27      2.07813      3.85938       1.1875   -0.0703125            4
239      -3.71875        53.625      0.421875     0.0234375             4
4     -2.7578      7.4844   -0.015625           0           4
194     -3.578125          14.5     -0.078125     -0.015625             4
27      2.13281      3.85156      1.16406   -0.0703125            4
109     -3.703125      53.64844     0.4140625     0.0234375             4
81     -2.75781      7.48438    -0.015625            0            4
114     -3.617188      14.48438    -0.1328125      -0.03125             4
27      2.23438      3.82813      1.21094       -0.125            4
80     -3.67188      53.6641     0.421875    0.0234375            4
188         -2.75      7.484375             0             0             4
201        -3.625      14.48438    -0.1328125      -0.03125             4
27      2.33594      3.78906      1.27344    -0.195313            4
139     -3.554688      53.69531       0.59375     0.0390625             4
198     -2.742188      7.484375     0.0078125             0             4
93     -3.67188      14.4766    -0.195313    -0.046875            4
27      2.41406      3.77344      1.27344    -0.195313            4
43     -3.52344      53.6953      0.59375    0.0390625            4
186     -2.742188      7.484375     0.0078125             0             4
176     -3.726563      14.46094    -0.2734375    -0.0703125             4
27      2.49219         3.75      1.28125    -0.242188            5
147     -3.914063       53.6875    -0.1953125             0             5
193     -2.742188      7.484375             0             0             5
176     -3.695313      14.46875       -0.1875     -0.046875             5
109      1.203125      39.21094     -1.914063       0.09375             5
27      2.57031      3.73438      1.28125    -0.242188            5
27     -3.83594      53.7031     -0.03125            0            5
164     -2.742188      7.484375             0             0             5
189     -3.695313      14.46875    -0.1640625    -0.0390625             5
35      1.08594      39.2188     -1.91406      0.09375            5
27      2.65625       3.6875      1.30469    -0.320313            4
161     -3.882813      53.71875     -0.109375    -0.0078125             4
16        -2.75      7.48438   -0.0078125            0            4
237      -3.71875      14.46094       -0.1875     -0.046875             4
27      2.73438      3.67188      1.30469    -0.320313            4
176     -3.890625      53.71875     -0.109375    -0.0078125             4
1       -2.75      7.4844           0           0           4
32     -3.70313      14.4688    -0.148438   -0.0390625            4
27      2.78906      3.67188      1.25781    -0.320313            4
248      -3.65625      53.74219     0.3203125     0.0234375             4
95     -2.74219      7.48438    0.0078125            0            4
140     -3.679688      14.47656    -0.0859375     -0.015625             4
27      2.86719      3.64844      1.25781    -0.320313            4
64     -3.33594      53.7813     0.867188    0.0546875            4
164     -2.734375      7.492188       0.03125     0.0078125             4
28     -3.67188      14.4766   -0.0546875    -0.015625            4
27      3.05469      3.53906      1.42969      -0.5625            4
156      -3.28125      53.78125     0.8671875     0.0546875             4
221     -2.734375      7.492188      0.015625     0.0078125             4
17     -3.67969      14.4766      -0.0625    -0.015625            4
27      3.09375      3.53906      1.35156    -0.515625            4
162     -3.273438      53.71875       0.78125     0.0390625             4
108     -2.742188      7.484375             0             0             4
76     -3.67188      14.4766    -0.046875   -0.0078125            4
27      3.15625      3.52344      1.32031    -0.507813            4
99     -3.22656      53.7188      0.78125    0.0390625            4
143     -2.734375      7.484375     0.0078125             0             4
234     -3.664063      14.47656    -0.0234375             0             4
27      3.21875          3.5      1.28125    -0.492188            5
65     -3.26563      53.7344     0.640625    0.0390625            5
122     -2.742188      7.484375             0             0             5
42     -3.66406      14.4766    -0.015625            0            5
134      1.070313      38.94531      -0.78125     0.0234375             5
27      3.27344      3.47656      1.25781    -0.492188            5
77     -3.32031        53.75     0.484375    0.0234375            5
47     -2.74219      7.48438            0            0            5
162     -3.664063      14.47656     -0.015625             0             5
100      1.023438      38.94531      -0.78125     0.0234375             5
27      3.33594      3.45313      1.23438         -0.5            4
251      -3.53125         53.75        0.0625             0             4
217     -2.742188      7.484375             0             0             4
84     -3.66406      14.4766    -0.015625            0            4
27      3.39844      3.42969      1.21094    -0.492188            5
183       -3.5625      53.75781     0.0078125             0             5
58        -2.75      7.48438   -0.0078125            0            5
26     -3.66406      14.4766   -0.0078125            0            5
193        0.3125       38.9375     -1.820313     0.0234375             5
27      3.47656        3.375      1.22656    -0.539063            5
204     -3.351563      53.78125     0.3828125     0.0234375             5
249     -2.734375      7.484375     0.0078125             0             5
5     -3.65625      14.4766            0            0            5
244      0.203125      38.94531     -1.820313     0.0234375             5
27      3.50781        3.375      1.16406    -0.484375            4
209     -3.554688      53.78906    -0.0234375             0             4
153     -2.734375      7.484375     0.0078125             0             4
241     -3.632813      14.48438     0.0390625     0.0078125             4
27      3.58594      3.32031      1.17969    -0.539063            4
215         -3.75      53.78906     -0.390625    -0.0234375             4
57     -2.74219      7.48438            0            0            4
59     -3.63281      14.4844    0.0390625    0.0078125            4
27      3.65625      3.28906      1.17969    -0.539063            4
129       -3.8125      53.78906    -0.4609375      -0.03125             4
132         -2.75      7.484375     -0.015625             0             4
84       -3.625      14.4844    0.0390625    0.0078125            4
27      3.74219         3.25       1.1875     -0.59375            4
192     -4.078125      53.78125      -0.90625       -0.0625             4
8     -2.7422      7.4844  -0.0078125           0           4
225        -3.625      14.48438     0.0390625     0.0078125             4
27      3.82031      3.20313       1.1875    -0.632813            4
89     -4.20313      53.7813     -1.05469    -0.078125            4
38        -2.75      7.48438    -0.015625   -0.0078125            4
62     -3.64063      14.4844            0            0            4
27      3.85938      3.20313      1.13281    -0.570313            5
152     -4.273438      53.77344     -1.054688     -0.078125             5
238     -2.765625      7.476563    -0.0390625     -0.015625             5
217      -3.65625      14.47656     -0.015625             0             5
193      -0.09375      38.84375     -1.398438             0             5
27      3.89844      3.20313      1.08594    -0.523438            5
223      -4.09375      53.79688      -0.59375    -0.0390625             5
153     -2.765625      7.476563    -0.0390625    -0.0078125             5
157     -3.640625      14.48438             0             0             5
174       -0.0625      38.83594     -1.195313             0             5
27      3.96875      3.17188      1.08594    -0.523438            5
158       -3.9375      53.82031     -0.234375    -0.0078125             5
33     -2.75781      7.47656    -0.015625   -0.0078125            5
40     -3.64844      14.4766   -0.0078125            0            5
16    -0.148438      38.8359     -1.23438            0            5
27      4.03125      3.14063      1.08594    -0.523438            5
233     -4.148438       53.8125     -0.609375    -0.0390625             5
195     -2.757813      7.484375    -0.0078125             0             5
156      -3.65625      14.47656     -0.015625             0             5
206    -0.0859375      38.82813    -0.9609375             0             5
27      3.99219      3.24219      0.90625    -0.304688            5
107     -4.398438      53.79688            -1     -0.078125             5
118     -2.757813      7.476563    -0.0078125             0             5
25     -3.65625      14.4766   -0.0234375            0            5
96    -0.140625      38.8281    -0.960938            0            5
27      4.04688      3.21875      0.90625    -0.304688            5
33     -4.46094      53.7891           -1    -0.078125            5
233     -2.765625      7.476563    -0.0234375    -0.0078125             5
127     -3.664063      14.47656    -0.0234375             0             5
60    -0.195313      38.8281    -0.960938            0            5
27      4.10156      3.20313      0.90625    -0.304688            5
140     -4.382813      53.80469    -0.7421875    -0.0546875             5
105     -2.765625      7.476563    -0.0234375    -0.0078125             5
24     -3.65625      14.4766   -0.0078125            0            5
205        0.0625      38.82031     -0.328125             0             5
27      4.03125      3.33594      0.71875      -0.0625            5
196     -4.421875      53.80469    -0.7421875    -0.0546875             5
241     -2.765625      7.476563    -0.0234375    -0.0078125             5
48     -3.64844      14.4844            0            0            5
218     0.1484375      38.82031        -0.125             0             5
27      4.10938      3.25781      0.78125    -0.171875            5
88     -4.01563      53.8438    0.0546875    0.0078125            5
192     -2.773438      7.476563    -0.0234375    -0.0078125             5
154     -3.664063      14.47656     -0.015625             0             5
195      0.265625       38.8125       0.09375             0             5
27      4.10156      3.32813     0.695313      -0.0625            5
44     -3.73438       53.875     0.546875    0.0390625            5
231     -2.765625      7.476563    -0.0234375    -0.0078125             5
141     -3.664063      14.47656     -0.015625             0             5
149     0.2734375       38.8125       0.09375             0             5
27      4.19531      3.27344     0.765625    -0.164063            5
239            -4      53.85938     0.0234375             0             5
186     -2.789063       7.46875    -0.0546875     -0.015625             5
220     -3.664063      14.47656     -0.015625             0             5
173     0.2734375       38.8125       0.09375             0             5
27      4.24219      3.25781     0.765625    -0.164063            5
226     -3.976563      53.86719     0.0546875             0             5
91     -2.76563      7.47656   -0.0078125            0            5
65     -3.64063      14.4844    0.0234375            0            5
38      0.28125      38.8125      0.09375            0            5
27      4.28906         3.25     0.765625    -0.164063            5
182     -3.851563      53.88281     0.2734375      0.015625             5
129     -2.765625      7.476563    -0.0078125             0             5
87     -3.64063      14.4844    0.0234375            0            5
78     0.914063      38.8047      1.15625   -0.0078125            5
27      4.33594      3.24219     0.765625    -0.164063            5
218      -3.78125      53.89063         0.375     0.0234375             5
23     -2.75781      7.48438     0.015625    0.0078125            5
8       -3.625      14.4844     0.046875    0.0078125            5
209     0.9453125      38.79688       1.09375    -0.0234375             5
27        4.375      3.23438     0.765625    -0.164063            5
176     -3.757813      53.89844         0.375     0.0234375             5
250         -2.75      7.484375     0.0234375     0.0078125             5
114        -3.625      14.48438       0.03125     0.0078125             5
169      1.015625      38.79688       1.09375    -0.0234375             5
27      4.42188      3.21875     0.765625    -0.164063            6
203     -4.132813        53.875    -0.3828125    -0.0234375             6
59     -2.76563      7.47656            0            0            6
186     -3.601563      14.49219      0.078125      0.015625             6
125      0.828125      38.79688     0.6796875    -0.0078125             6
243       7.59375      20.14063     0.2578125      -0.09375             6
27      4.46875      3.21094     0.765625    -0.164063            6
154      -4.15625        53.875    -0.3828125    -0.0234375             6
166     -2.757813      7.484375     0.0078125             0             6
108      -3.59375      14.49219      0.078125      0.015625             6
120       0.84375      38.78906      0.640625    -0.0078125             6
248      7.609375      20.14063     0.2578125      -0.09375             6
27      4.51563      3.20313     0.765625    -0.164063            5
24     -4.07813      53.8828    -0.179688   -0.0078125            5
120     -2.742188      7.484375     0.0390625     0.0078125             5
103        -3.625      14.48438      0.015625             0             5
158     0.8828125      38.78906      0.640625    -0.0078125             5
27       4.5625       3.1875     0.765625    -0.164063            6
207     -3.945313      53.89844       0.09375     0.0078125             6
49     -2.74219      7.48438      0.03125    0.0078125            6
254        -3.625      14.48438      0.015625             0             6
78      1.49219      38.7734      1.59375    -0.046875            6
8        7.625      20.1328     0.234375   -0.0859375            6
27      4.60938      3.17969     0.765625    -0.164063            6
214     -3.890625      53.90625        0.1875     0.0078125             6
131         -2.75      7.484375      0.015625     0.0078125             6
104        -3.625      14.48438      0.015625             0             6
76      1.59375      38.7656      1.59375    -0.046875            6
9      7.64063       20.125     0.234375   -0.0859375            6
27      4.65625      3.17188     0.765625    -0.164063            5
241      -4.09375      53.89844    -0.2109375    -0.0078125             5
146     -2.734375      7.484375     0.0390625      0.015625             5
160      -3.65625      14.47656      -0.03125    -0.0078125             5
35      1.19531      38.7734     0.773438   -0.0078125            5
27     -4.10156      53.8906    -0.210938   -0.0078125            4
150     -2.734375      7.484375       0.03125     0.0078125             4
155     -3.648438      14.48438     -0.015625             0             4
197       1.28125      38.76563       0.84375    -0.0234375             4
27     -3.74219      53.9219     0.492188    0.0390625            4
49        -2.75      7.48438            0            0            4
187     -3.648438      14.48438     -0.015625             0             4
114      1.328125      38.76563       0.84375    -0.0234375             4
27     -3.71094      53.9297     0.492188    0.0390625            4
56     -2.75781      7.47656    -0.015625            0            4
122     -3.648438      14.47656     -0.015625             0             4
154      1.382813      38.76563       0.84375    -0.0234375             4
67      1.42969      38.7656      0.84375   -0.0234375            4
12     -3.67969      53.9297     0.492188    0.0390625            4
33     -2.75781      7.47656   -0.0234375   -0.0078125            4
228     -3.648438      14.48438    -0.0078125             0             4
67      1.48438      38.7578      0.84375   -0.0234375            4
139     -3.648438      53.92969     0.4921875     0.0390625             4
148     -2.773438      7.476563    -0.0390625    -0.0078125             4
99     -3.64844      14.4766   -0.0078125            0            4
67      1.53125      38.7578      0.84375   -0.0234375            4
183        -3.625       53.9375     0.4921875     0.0390625             4
216     -2.765625      7.476563      -0.03125    -0.0078125             4
169     -3.632813      14.48438      0.015625             0             4
67      1.41406      38.9063     0.578125            0            4
17     -3.10156      53.9766      1.26563     0.078125            4
169     -2.757813      7.476563             0             0             4
235        -3.625      14.48438      0.015625             0             4
67      1.44531      38.9063     0.578125            0            4
128      -3.03125      53.98438      1.265625      0.078125             4
112         -2.75      7.484375     0.0078125             0             4
172        -3.625      14.48438      0.015625             0             4
67      1.21875      38.8906     0.195313            0            4
200     -2.734375      54.00781      1.601563      0.078125             4
138         -2.75      7.484375             0             0             4
128        -3.625      14.48438      0.015625             0             4
67      1.22656      38.8906     0.195313            0            4
218     -2.640625      54.00781      1.601563      0.078125             4
89     -2.74219      7.48438    0.0234375    0.0078125            4
117        -3.625      14.48438      0.015625             0             4
67      1.24219      38.8906     0.195313            0            4
85     -2.78125       53.875      1.23438    0.0546875            4
215         -2.75      7.484375     0.0078125             0             4
220        -3.625      14.48438      0.015625             0             4
67      1.79688      38.8516     0.984375     -0.03125            4
3     -2.71094       53.875      1.23438    0.0546875            4
103         -2.75      7.484375      0.015625             0             4
54     -3.65625      14.4766   -0.0234375            0            4
67      1.79688      38.7969     0.898438   -0.0390625            4
139     -2.632813      53.88281      1.234375     0.0546875             4
249     -2.742188      7.484375     0.0078125             0             4
147     -3.703125      14.46875    -0.1015625    -0.0234375             4
67      1.70313      38.7969      0.65625   -0.0234375            4
253     -2.367188      53.77344      1.515625     0.0546875             4
0       -2.75      7.4844   0.0078125           0           4
220     -3.703125      14.46875      -0.09375    -0.0234375             4
67      1.88281      38.7813      0.90625   -0.0390625            4
181     -2.273438      53.77344      1.515625     0.0546875             4
154     -2.742188      7.484375     0.0078125             0             4
42     -3.71094      14.4688   -0.0859375    -0.015625            4
67       1.9375      38.7734      0.90625   -0.0390625            4
205     -2.804688      53.77344       0.59375     0.0390625             4
220     -2.742188      7.484375      0.015625             0             4
162     -3.726563      14.46094    -0.1015625    -0.0234375             4
67      1.99219      38.7734      0.90625   -0.0390625            4
100     -2.765625      53.78125       0.59375     0.0390625             4
173         -2.75      7.484375             0             0             4
97     -3.71875      14.4609    -0.078125    -0.015625            4
