38     -3.73438      53.9531     0.195313    0.0078125            3
228     -2.796875       7.46875             0             0             3
124        -3.625      14.48438       0.15625     0.0390625             3
38     -3.55469      53.9688      0.53125      0.03125            3
69     -2.79688      7.46875            0            0            3
231     -3.609375      14.49219     0.1640625     0.0390625             3
38     -3.70313      53.9609       0.1875    0.0078125            3
238     -2.789063       7.46875     0.0078125             0             3
120     -3.601563      14.49219     0.1640625     0.0390625             3
38      -3.6875      53.9609       0.1875    0.0078125            3
115     -2.789063       7.46875             0             0             3
12     -3.58594      14.4922     0.164063    0.0390625            3
38     -3.88281      53.9531      -0.1875   -0.0078125            3
131     -2.796875       7.46875             0             0             3
27     -3.60156      14.4922        0.125      0.03125            3
38     -3.71875      53.9609     0.132813    0.0078125            4
247     -2.796875       7.46875             0             0             4
173     -8.195313      72.35938     0.3984375     0.0546875             4
40     -3.60156      14.4922     0.101563    0.0234375            4
38     -3.71094      53.9609     0.132813    0.0078125            4
165     -2.796875       7.46875             0             0             4
125     -8.234375      72.35938      0.296875       0.03125             4
134     -3.632813      14.48438      0.046875     0.0078125             4
38     -3.75781      53.9609    0.0234375            0            4
164     -2.789063       7.46875             0             0             4
88     -3.60156      14.4922      0.09375    0.0234375            4
32     -8.21094      72.3594     0.296875      0.03125            4
38     -3.97656      53.9453     -0.34375   -0.0234375            4
46     -2.79688      7.46094   -0.0078125            0            4
118      -3.59375      14.49219       0.09375     0.0234375             4
89     -8.19531      72.3594     0.296875      0.03125            4
38           -4      53.9453     -0.34375   -0.0234375            4
120     -2.796875      7.460938    -0.0078125             0             4
35     -3.58594      14.4922      0.09375    0.0234375            4
69      -7.8125      72.3984     0.914063     0.101563            4
38     -4.19531      53.9297     -0.65625    -0.046875            4
225     -2.796875      7.460938    -0.0078125             0             4
28     -3.59375      14.4922    0.0703125     0.015625            4
21     -7.75781      72.4063     0.914063     0.101563            4
38     -4.36719      53.9219    -0.890625   -0.0703125            4
212     -2.796875       7.46875             0             0             4
157        -3.625      14.48438     0.0078125             0             4
129     -7.703125      72.41406     0.9140625     0.1015625             4
38     -4.42188      53.9141    -0.890625   -0.0703125            4
152     -2.796875       7.46875             0             0             4
203     -3.632813      14.48438             0             0             4
155     -7.539063      72.42969      1.101563      0.109375             4
38     -4.42969      53.9141      -0.8125      -0.0625            4
214     -2.789063       7.46875             0             0             4
161     -3.648438      14.48438    -0.0078125             0             4
43     -7.46875      72.4375      1.10156     0.109375            4
38     -4.48438      53.9141      -0.8125      -0.0625            4
113     -2.796875       7.46875             0             0             4
4       -3.625      14.4844    0.0234375            0            4
62     -7.40625      72.4453      1.10156     0.109375            4
38     -4.41406      53.9219    -0.617188    -0.046875            3
197     -2.789063       7.46875     0.0078125             0             3
94     -3.61719      14.4844    0.0234375            0            3
38     -4.39063      53.9219    -0.507813   -0.0390625            3
45     -2.78906      7.46875    0.0078125            0            3
134     -3.632813      14.48438             0             0             3
38       -4.125      53.9453   -0.0078125            0            3
62     -2.78906      7.46875            0            0            3
133      -3.65625      14.47656    -0.0390625    -0.0078125             3
38       -4.125      53.9453   -0.0078125            0            3
219     -2.789063       7.46875             0             0             3
195      -3.65625      14.47656    -0.0234375             0             3
38     -4.40625      53.9219    -0.492188     -0.03125            3
250     -2.789063       7.46875             0             0             3
219      -3.65625      14.47656      -0.03125    -0.0078125             3
38     -4.32813      53.9297    -0.296875   -0.0234375            3
78     -2.79688      7.46875            0            0            3
74     -3.65625      14.4766   -0.0234375            0            3
38     -4.34375      53.9297    -0.296875   -0.0234375            3
249     -2.804688      7.460938     -0.015625    -0.0078125             3
243     -3.632813      14.48438      0.015625             0             3
38     -4.01563      53.9531      0.34375    0.0234375            3
143     -2.796875      7.460938    -0.0078125             0             3
136     -3.648438      14.47656     -0.015625             0             3
38     -3.95313      53.9609     0.429688      0.03125            3
199     -2.796875      7.460938    -0.0078125             0             3
81     -3.64063      14.4844            0            0            3
38     -3.92969      53.9609     0.429688      0.03125            3
133     -2.796875       7.46875             0             0             3
175        -3.625      14.48438       0.03125     0.0078125             3
38     -3.89844      53.9688     0.429688      0.03125            3
160     -2.796875       7.46875             0             0             3
40     -3.64844      14.4766    -0.015625            0            3
38       -3.875      53.9688     0.429688      0.03125            3
80     -2.79688      7.46875            0            0            3
111     -3.664063      14.47656      -0.03125    -0.0078125             3
38     -3.85156      53.9688     0.429688      0.03125            3
52     -2.79688      7.46875            0            0            3
2     -3.66406      14.4766   -0.0390625   -0.0078125            3
38     -3.82031      53.9688     0.429688      0.03125            3
93     -2.79688      7.46875            0            0            3
113     -3.664063      14.47656      -0.03125    -0.0078125             3
38      -3.9375      53.9609     0.210938     0.015625            3
7     -2.7969      7.4688           0           0           3
212     -3.664063      14.47656      -0.03125    -0.0078125             3
38     -4.17969      53.9453    -0.171875   -0.0078125            3
245     -2.804688      7.460938     -0.015625             0             3
50     -3.67188      14.4766   -0.0390625   -0.0078125            3
38      -4.1875      53.9453    -0.171875   -0.0078125            3
10     -2.79688      7.46094   -0.0078125            0            3
173      -3.65625      14.47656    -0.0078125             0             3
38     -4.20313      53.9453      -0.1875   -0.0078125            3
30     -2.79688      7.46094            0            0            3
215     -3.664063      14.47656     -0.015625             0             3
38     -4.21875      53.9453      -0.1875   -0.0078125            3
129     -2.804688      7.460938    -0.0078125             0             3
23     -3.67188      14.4766     -0.03125   -0.0078125            3
38     -4.48438      53.7734    -0.585938    -0.046875            3
188     -2.796875      7.460938             0             0             3
17     -3.66406      14.4766   -0.0078125            0            3
38     -4.00781      53.8438     0.210938     0.015625            3
117     -2.796875      7.460938             0             0             3
41     -3.66406      14.4766            0            0            3
38     -3.99219      53.8438     0.210938     0.015625            3
75     -2.79688      7.46094            0            0            3
24     -3.66406      14.4766            0            0            3
38     -3.89844      53.8594     0.359375    0.0234375            3
241     -2.796875      7.460938             0             0             3
136     -3.664063      14.47656             0             0             3
38      -3.6875      53.8828     0.695313     0.046875            3
169     -2.804688      7.460938    -0.0078125             0             3
113     -3.640625      14.48438       0.03125     0.0078125             3
38     -3.51563      53.9063     0.929688    0.0546875            3
119     -2.804688      7.460938    -0.0078125             0             3
55     -3.63281      14.4844      0.03125    0.0078125            3
38     -3.45313      53.9063     0.929688    0.0546875            3
247     -2.804688      7.460938    -0.0078125             0             3
9     -3.63281      14.4844      0.03125    0.0078125            3
38     -3.64844      53.8984      0.46875      0.03125            3
209     -2.804688      7.460938             0             0             3
242     -3.632813      14.48438     0.0234375             0             3
38      -3.6875      53.9063     0.351563    0.0234375            3
20     -2.80469      7.46094   -0.0078125            0            3
163     -3.648438      14.47656             0             0             3
38     -3.71094      53.9063     0.273438     0.015625            3
254     -2.804688      7.460938    -0.0078125             0             3
114     -3.640625      14.48438     0.0078125             0             3
38     -3.83594      53.9063     0.015625            0            3
194     -2.804688      7.460938    -0.0078125             0             3
213     -3.640625      14.48438      0.015625             0             3
38     -3.83594      53.9063     0.015625            0            3
64     -2.80469      7.46094            0            0            3
35     -3.64063      14.4844    0.0078125            0            3
38     -3.82813      53.9063     0.015625            0            3
18     -2.80469      7.46094            0            0            3
29     -3.64063      14.4844            0            0            3
38     -3.71875      53.9219     0.203125    0.0078125            3
237     -2.804688      7.460938             0             0             3
150      -3.65625      14.47656    -0.0234375             0             3
38     -3.90625      53.9141    -0.132813   -0.0078125            3
157     -2.804688      7.460938             0             0             3
176     -3.648438      14.48438             0             0             3
38     -4.26563      53.8984    -0.757813   -0.0546875            3
240     -2.796875       7.46875      0.015625             0             3
161        -3.625      14.48438     0.0390625     0.0078125             3
38     -4.19531      53.9063    -0.539063   -0.0390625            3
144     -2.796875       7.46875      0.015625             0             3
147     -3.640625      14.48438     0.0078125             0             3
38     -4.03125      53.9219    -0.148438   -0.0078125            3
245     -2.796875       7.46875     0.0078125             0             3
200     -3.640625      14.48438     0.0078125             0             3
38     -4.03906      53.9219    -0.148438   -0.0078125            3
205     -2.796875      7.460938             0             0             3
33       -3.625      14.4844    0.0234375            0            3
38     -3.89063      53.9375     0.171875    0.0078125            3
128     -2.796875      7.460938             0             0             3
150     -3.671875      14.47656     -0.046875    -0.0078125             3
38     -3.95313      53.9375     0.015625            0            3
55     -2.79688      7.46094            0            0            3
228     -3.671875      14.47656     -0.046875    -0.0078125             3
38     -3.95313      53.9375     0.015625            0            3
191     -2.804688      7.460938             0             0             3
96     -3.65625      14.4766    -0.015625            0            3
38        -3.75      53.9531     0.429688      0.03125            3
116     -2.796875      7.460938             0             0             3
38     -3.65625      14.4766   -0.0078125            0            3
38     -3.73438      53.9609      0.40625    0.0234375            3
108     -2.796875      7.460938             0             0             3
215      -3.65625      14.47656    -0.0078125             0             3
38     -3.74219      53.9609      0.34375    0.0234375            3
154     -2.789063       7.46875      0.015625             0             3
145     -3.648438      14.47656             0             0             3
38     -3.74219      53.9609     0.304688     0.015625            3
159     -2.796875      7.460938             0             0             3
132     -3.632813      14.48438     0.0234375             0             3
38      -3.8125      53.9531     0.109375    0.0078125            3
55     -2.79688      7.46094            0            0            3
39     -3.63281      14.4844    0.0234375            0            3
38     -3.85156      53.9531     0.015625            0            3
47     -2.79688      7.46094            0            0            3
48     -3.61719      14.4844     0.046875    0.0078125            3
38     -3.79688      53.9609        0.125    0.0078125            3
254     -2.796875      7.460938             0             0             3
93       -3.625      14.4844    0.0234375            0            3
38     -3.78906      53.9609        0.125    0.0078125            3
196     -2.804688      7.460938    -0.0078125             0             3
239     -3.585938      14.49219       0.09375     0.0234375             3
38     -3.78125      53.9609        0.125    0.0078125            3
109     -2.804688      7.460938             0             0             3
46     -3.61719      14.4922      0.03125    0.0078125            3
38     -3.71875      53.9688     0.226563     0.015625            3
20     -2.80469      7.46094    -0.015625            0            3
224     -3.640625      14.48438    -0.0078125             0             3
38        -3.75      53.9609     0.148438    0.0078125            3
148       -2.8125      7.460938     -0.015625    -0.0078125             3
49     -3.61719      14.4922      0.03125    0.0078125            3
38     -3.74219      53.9609     0.148438    0.0078125            3
57     -2.80469      7.46094   -0.0078125            0            3
245     -3.640625      14.48438    -0.0078125             0             3
38     -3.95313      53.9531    -0.226563   -0.0078125            3
74     -2.80469      7.46094            0            0            3
57     -3.64063      14.4844   -0.0078125            0            3
38     -3.74219      53.9688      0.15625    0.0078125            3
132     -2.804688      7.460938    -0.0078125             0             3
5     -3.64844      14.4766     -0.03125   -0.0078125            3
38     -3.72656      53.9688      0.15625    0.0078125            3
121     -2.804688      7.460938             0             0             3
26     -3.66406      14.4766    -0.046875   -0.0078125            3
38     -3.72656      53.9688     0.140625    0.0078125            3
37     -2.80469      7.46094            0            0            3
181     -3.640625      14.48438             0             0             3
38     -3.82813      53.9609   -0.0390625            0            3
51      -2.8125      7.46094    -0.015625            0            3
226     -3.617188      14.49219      0.046875     0.0078125             3
38     -4.04688      53.9453    -0.429688   -0.0234375            3
211     -2.820313      7.453125      -0.03125    -0.0078125             3
95       -3.625      14.4844     0.015625            0            3
38     -4.07813      53.9453    -0.429688   -0.0234375            3
54     -2.82031      7.45313   -0.0234375   -0.0078125            3
207        -3.625      14.48438      0.015625             0             3
38     -4.23438      53.9375    -0.671875    -0.046875            3
71     -2.82031      7.45313     -0.03125   -0.0078125            3
216     -3.617188      14.49219       0.03125     0.0078125             3
38     -4.27344      53.9297    -0.671875    -0.046875            3
4     -2.8203      7.4531   -0.015625  -0.0078125           3
82       -3.625      14.4844    0.0078125            0            3
38     -4.35938      53.9297    -0.742188   -0.0546875            3
19     -2.82031      7.45313    -0.015625            0            3
63       -3.625      14.4844    0.0078125            0            3
38     -4.42969      53.9219    -0.789063      -0.0625            3
145     -2.820313      7.453125     -0.015625             0             3
44       -3.625      14.4844    0.0078125            0            3
38     -4.07813      53.9531    -0.046875            0            3
96     -2.82031      7.45313   -0.0078125            0            3
9       -3.625      14.4844    0.0078125            0            3
38      -4.0625      53.9531    -0.015625            0            3
132     -2.828125      7.453125     -0.015625    -0.0078125             3
255     -3.609375      14.49219       0.03125     0.0078125             3
38      -3.8125      53.9766     0.484375      0.03125            3
19     -2.82813      7.45313    -0.015625   -0.0078125            3
144     -3.609375      14.49219       0.03125     0.0078125             3
38     -3.74219      53.9766     0.554688    0.0390625            3
159     -2.828125      7.453125     -0.015625             0             3
204     -3.609375      14.49219       0.03125     0.0078125             3
38     -3.78906      53.9766     0.398438    0.0234375            3
218     -2.828125      7.453125     -0.015625             0             3
177     -3.609375      14.49219       0.03125     0.0078125             3
38     -3.82031      53.9766     0.273438     0.015625            3
3     -2.8203      7.4531           0           0           3
138     -3.601563      14.49219       0.03125     0.0078125             3
38     -3.80469      53.9766      0.28125     0.015625            3
40     -2.82813      7.45313    -0.015625            0            3
14     -3.60156      14.4922      0.03125    0.0078125            3
38     -3.83594      53.9766     0.171875    0.0078125            3
40     -2.83594      7.45313   -0.0234375   -0.0078125            3
118      -3.59375      14.49219       0.03125     0.0078125             3
38     -3.92188      53.9688     -0.03125            0            3
202      -2.84375      7.445313     -0.046875     -0.015625             3
90     -3.59375      14.4922      0.03125    0.0078125            3
38     -3.92969      53.9688     -0.03125            0            3
83     -2.85156      7.44531   -0.0546875    -0.015625            3
92     -3.59375      14.4922      0.03125    0.0078125            3
38     -4.13281      53.9531    -0.453125     -0.03125            3
101      -2.84375      7.445313      -0.03125    -0.0078125             3
182      -3.59375      14.49219       0.03125     0.0078125             3
38     -4.16406      53.9531    -0.453125     -0.03125            3
115     -2.835938      7.445313     -0.015625             0             3
4     -3.55469      14.5078     0.078125     0.015625            3
38     -4.01563      53.9609    -0.117188            0            3
155     -2.835938      7.453125    -0.0078125             0             3
145     -3.546875      14.50781      0.078125      0.015625             3
38     -4.02344      53.9609    -0.117188            0            3
98     -2.82813      7.45313    0.0078125            0            3
244     -3.546875      14.50781      0.078125      0.015625             3
38     -4.03125      53.9609    -0.117188            0            3
127       -2.8125      7.460938       0.03125     0.0078125             3
123     -3.539063      14.50781      0.078125      0.015625             3
38     -4.25781      53.9453    -0.515625   -0.0390625            3
148       -2.8125      7.460938     0.0390625     0.0078125             3
223      -3.53125      14.50781      0.078125      0.015625             3
38     -4.28906      53.9375    -0.515625   -0.0390625            3
111     -2.820313      7.453125     0.0078125             0             3
160      -3.53125      14.50781      0.078125      0.015625             3
38     -4.32031      53.9375    -0.515625   -0.0390625            3
131     -2.828125      7.453125    -0.0078125             0             3
55     -3.55469         14.5    0.0390625    0.0078125            3
38     -4.35156      53.9375    -0.515625   -0.0390625            3
194     -2.820313      7.453125             0             0             3
30     -3.55469         14.5    0.0390625    0.0078125            3
38        -4.25      53.9453      -0.3125   -0.0234375            3
198     -2.828125      7.453125             0             0             3
174     -3.554688      14.50781     0.0390625     0.0078125             3
38     -4.27344      53.9453      -0.3125   -0.0234375            3
249     -2.820313      7.460938      0.015625             0             3
245     -3.546875      14.50781     0.0390625     0.0078125             3
38     -4.05469      53.9609    0.0390625            0            3
42     -2.82031      7.45313            0            0            3
86     -3.54688      14.5078    0.0390625    0.0078125            3
38     -4.05469      53.9609    0.0390625            0            3
89     -2.82031      7.45313            0            0            3
154     -3.546875      14.50781     0.0390625     0.0078125             3
38     -4.05469      53.9609    0.0390625            0            3
236     -2.828125      7.453125             0             0             3
86       -3.625      14.4844   -0.0546875   -0.0078125            3
38     -4.04688      53.9609    0.0390625            0            3
25     -2.82813      7.45313    -0.015625            0            3
191     -3.695313      14.46875    -0.1328125      -0.03125             3
38     -4.04688      53.9609    0.0390625            0            3
22     -2.82813      7.45313            0            0            3
205     -3.703125      14.46875    -0.1328125      -0.03125             3
38     -4.78125      53.8984    -0.984375   -0.0703125            3
31     -2.83594      7.44531   -0.0234375   -0.0078125            3
214     -3.710938      14.46875    -0.1328125      -0.03125             3
38     -4.84375      53.8984    -0.984375   -0.0703125            3
150     -2.820313      7.453125      0.015625             0             3
245       -3.6875      14.46875    -0.0859375     -0.015625             3
38     -4.42969      53.9297    -0.335938    -0.015625            3
147     -2.828125      7.453125             0             0             3
70      -3.6875      14.4688   -0.0859375    -0.015625            3
38        -4.25      53.9453    -0.046875            0            3
227       -2.8125      7.460938     0.0234375     0.0078125             3
143     -3.695313      14.46875    -0.0859375     -0.015625             3
38     -4.25781      53.9453    -0.046875            0            3
12     -2.83594      7.45313   -0.0234375   -0.0078125            3
252     -3.695313      14.46875    -0.0859375     -0.015625             3
38     -4.57813      53.9219     -0.53125   -0.0390625            3
61     -2.83594      7.45313    -0.015625            0            3
217     -3.703125      14.46875    -0.0859375     -0.015625             3
38     -4.60938      53.9141     -0.53125   -0.0390625            3
162     -2.796875       7.46875     0.0703125     0.0234375             3
21     -3.71094      14.4609   -0.0859375    -0.015625            3
38     -4.83594      53.8984    -0.835938   -0.0703125            3
180      -2.78125       7.46875     0.1015625       0.03125             3
58     -3.71094      14.4609   -0.0859375    -0.015625            3
38     -4.89063      53.8906    -0.835938   -0.0703125            3
241     -2.742188      7.484375      0.171875        0.0625             3
88     -3.71875      14.4609   -0.0859375    -0.015625            3
38     -4.63281      53.9141     -0.34375   -0.0234375            3
35     -2.70313          7.5     0.234375    0.0859375            3
148     -3.726563      14.46094    -0.0859375     -0.015625             3
38     -4.64844      53.9141     -0.34375   -0.0234375            3
26     -2.67188      7.50781     0.265625      0.09375            3
13     -3.72656      14.4609   -0.0859375    -0.015625            3
38     -4.41406      53.9375    0.0703125    0.0078125            3
185     -2.679688      7.507813       0.21875      0.078125             3
168     -3.734375      14.46094    -0.0859375     -0.015625             3
38     -4.46875      53.9297   -0.0234375            0            3
111     -2.679688      7.507813        0.1875        0.0625             3
32     -3.74219      14.4531   -0.0859375    -0.015625            3
38        -4.25      53.9453     0.359375    0.0234375            2
62     -2.67188      7.51563     0.179688       0.0625            2
38     -4.22656      53.9531     0.359375    0.0234375            2
235     -2.710938           7.5     0.0703125     0.0234375             2
38     -4.01563      53.7031     0.679688      0.03125            2
178     -2.703125           7.5      0.078125     0.0234375             2
38     -3.97656      53.7031     0.679688      0.03125            2
117      -2.71875      7.492188       0.03125     0.0078125             2
38     -3.76563      53.7344      1.03906    0.0703125            2
183     -2.742188      7.484375    -0.0234375    -0.0078125             2
38     -3.70313      53.7422      1.03906    0.0703125            2
22     -2.71875      7.49219     0.015625    0.0078125            2
38     -3.64063      53.7422      1.03906    0.0703125            2
59     -2.72656      7.49219    0.0078125            0            2
38     -3.78125        53.75     0.640625     0.046875            2
157     -2.765625      7.476563     -0.078125    -0.0234375             2
38     -3.70313      53.7734      0.71875     0.046875            2
121       -2.8125      7.460938      -0.15625    -0.0546875             2
38     -3.65625      53.7734      0.71875     0.046875            2
255     -2.851563      7.445313     -0.234375    -0.0859375             2
38     -3.70313      53.7891     0.578125    0.0390625            2
92     -2.85938      7.44531    -0.203125    -0.078125            2
38     -3.66406      53.7891     0.578125    0.0390625            2
67       -2.875       7.4375    -0.210938    -0.078125            2
38     -3.32813      53.8281      1.08594    0.0703125            2
94     -2.90625      7.42188    -0.257813    -0.101563            2
38     -3.26563      53.8281      1.08594    0.0703125            2
95       -2.875       7.4375    -0.164063      -0.0625            2
38     -3.89844      53.7969   -0.0703125    0.0078125            2
228     -2.828125      7.453125     -0.046875     -0.015625             2
38     -3.90625      53.8047   -0.0703125    0.0078125            2
191     -2.828125      7.453125     -0.046875     -0.015625             2
38     -3.91406      53.8047   -0.0703125    0.0078125            2
103       -2.6875      7.507813       0.21875     0.0859375             2
38     -4.27344      53.7891    -0.632813   -0.0390625            2
121        -2.625       7.53125     0.3046875      0.109375             2
38     -4.66406      53.7734     -1.19531     -0.09375            2
250     -2.539063        7.5625     0.4296875      0.140625             2
38     -4.73438      53.7656     -1.19531     -0.09375            2
169     -2.476563      7.585938     0.4921875     0.1640625             2
38      -4.8125      53.7656     -1.19531     -0.09375            2
151     -2.445313       7.59375     0.4921875     0.1640625             2
38     -4.76563      53.7734     -1.00781   -0.0859375            2
32     -2.41406      7.60938     0.492188     0.164063            2
38     -4.82813      53.7734     -1.00781   -0.0859375            2
165     -2.265625      7.570313     0.6953125     0.1953125             2
38     -4.80469      53.7969    -0.882813   -0.0703125            2
143     -2.226563      7.578125     0.6953125     0.1953125             2
38     -4.86719      53.7969    -0.898438    -0.078125            2
117       -2.1875       7.59375     0.6953125     0.1953125             2
38     -4.64844      53.8203    -0.429688     -0.03125            2
72     -2.14063      7.60156     0.695313     0.195313            2
38     -4.67969      53.8203    -0.429688     -0.03125            2
78     -2.10156      7.61719     0.695313     0.195313            2
38     -4.29688      53.6563         0.25    0.0078125            2
130       -2.0625         7.625     0.6953125     0.1953125             2
38     -4.32813      53.6641     0.171875    0.0078125            2
28     -2.01563      7.64063     0.695313     0.195313            2
38     -4.32031      53.6719     0.171875    0.0078125            2
40     -1.97656      7.64844     0.695313     0.195313            2
38     -4.30469      53.6719     0.171875    0.0078125            2
10      -1.9375      7.66406     0.695313     0.195313            2
38     -4.29688      53.6719     0.171875    0.0078125            2
39     -1.89063      7.67188     0.695313     0.195313            2
38     -4.28906      53.6719     0.171875    0.0078125            2
236     -1.851563        7.6875     0.6953125     0.1953125             2
38     -4.27344      53.6719     0.171875    0.0078125            1
38     -4.26563      53.6719     0.171875    0.0078125            1
38     -4.25781      53.6719     0.171875    0.0078125            1
38     -4.24219      53.6719     0.171875    0.0078125            1
38     -4.23438      53.6719     0.171875    0.0078125            2
13      -0.6875       1.4375    0.0390625     0.015625            2
38     -4.21875      53.6719     0.171875    0.0078125            2
232       -0.6875        1.4375     0.0390625      0.015625             2
109    -0.6796875      1.421875     0.0234375     0.0078125             1
109     -0.671875       1.40625     0.0390625      0.015625             1
109    -0.6640625      1.414063     0.0390625      0.015625             1
109    -0.6640625      1.398438       0.03125     0.0078125             1
109      -0.65625      1.382813       0.03125     0.0078125             1
109      -0.65625         1.375     0.0234375     0.0078125             1
109      -0.65625      1.359375     0.0078125             0             1
109      -0.65625      1.367188     0.0078125             0             1
109    -0.6640625      1.351563             0             0             1
109    -0.6640625       1.34375    -0.0078125             0             1
109    -0.6640625      1.328125     -0.015625    -0.0078125             1
109    -0.6640625      1.328125     -0.015625    -0.0078125             1
109       -0.6875        1.3125    -0.0546875    -0.0234375             1
109    -0.6953125        1.3125    -0.0546875    -0.0234375             1
109    -0.6953125      1.304688    -0.0546875      -0.03125             1
109       -0.6875      1.296875     -0.046875    -0.0234375             1
109       -0.6875      1.296875    -0.0390625     -0.015625             1
109     -0.671875      1.296875     -0.015625    -0.0078125             1
109     -0.671875      1.296875     -0.015625    -0.0078125             1
109    -0.6640625      1.296875             0             0             1
109    -0.6640625      1.289063             0             0             1
109    -0.6640625      1.289063             0             0             1
109    -0.6640625      1.289063             0             0             1
109     -0.640625      1.296875     0.0234375     0.0078125             1
109    -0.6484375      1.289063     0.0078125             0             1
109     -0.640625      1.289063      0.015625     0.0078125             1
109     -0.640625       1.28125      0.015625     0.0078125             1
109    -0.6328125       1.28125     0.0234375     0.0078125             1
109    -0.6328125       1.28125     0.0234375     0.0078125             1
109    -0.6328125      1.289063     0.0234375     0.0078125             1
109    -0.6015625      1.296875        0.0625       0.03125             1
109    -0.6015625      1.320313      0.078125       0.03125             1
109    -0.6015625      1.335938     0.0703125       0.03125             1
109      -0.59375      1.335938     0.0703125       0.03125             1
109        -0.625       1.34375     0.0234375     0.0078125             1
109     -0.640625      1.351563             0             0             1
109     -0.640625      1.351563             0             0             1
109        -0.625      1.398438             0      0.515625             1
109    -0.6484375      1.421875    -0.0078125     0.0546875             1
109    -0.6484375      1.429688    -0.0078125     0.0546875             1
109      -0.65625      1.453125     -0.046875     0.4921875             1
109      -0.65625      1.484375     -0.046875     0.4921875             1
109     -0.671875      1.492188    -0.0390625      0.015625             1
109    -0.6796875      1.492188    -0.0390625      0.015625             1
109    -0.6796875           1.5    -0.0390625      0.015625             1
109    -0.6796875           1.5    -0.0390625      0.015625             1
109       -0.6875           1.5    -0.0390625      0.015625             1
109       -0.6875           1.5    -0.0390625      0.015625             1
109       -0.6875           1.5    -0.0390625      0.015625             1
109    -0.6796875      1.664063      -0.03125       0.53125             1
109     -0.671875      1.742188    -0.0078125       0.53125             1
109     -0.671875      1.773438    -0.0078125       0.53125             1
109     -0.640625      1.796875       0.03125     0.5390625             1
109    -0.6171875        1.8125      0.046875      0.546875             1
109    -0.6171875       1.84375      0.046875      0.546875             1
109    -0.6171875         1.875      0.046875      0.546875             1
109     -0.609375      1.914063      0.046875      0.546875             1
109     -0.609375      1.945313      0.046875      0.546875             1
109    -0.6015625      1.976563      0.046875      0.546875             1
109       -0.5625      2.023438      0.109375      0.546875             1
109    -0.5546875      2.054688      0.109375      0.546875             1
109     -0.546875       2.09375      0.109375      0.546875             1
109    -0.5390625         2.125      0.109375      0.546875             1
109      -0.53125       2.15625      0.109375      0.546875             1
109          -0.5      2.171875      0.140625     0.5390625             1
109    -0.4921875      2.203125      0.140625     0.5390625             1
109      -0.40625      2.289063          0.25     0.5546875             1
109     -0.390625      2.320313          0.25     0.5546875             1
109        -0.375      2.351563          0.25     0.5546875             1
109    -0.3984375      2.414063     0.2109375     0.0546875             1
109      -0.40625      2.421875     0.1796875       0.03125             1
109    -0.3984375      2.421875     0.1796875       0.03125             1
109    -0.4296875      2.421875      0.109375      0.015625             1
109     -0.421875      2.421875      0.109375      0.015625             1
109    -0.4140625      2.421875      0.109375      0.015625             1
109      -0.40625      2.421875      0.109375      0.015625             1
109    -0.3984375      2.421875      0.109375      0.015625             2
100      2.414063      37.72656     0.0390625             0             2
109    -0.4765625       2.46875    -0.0078125     0.0078125             2
10      2.41406      37.7344    0.0390625            0            2
109    -0.4609375      2.523438             0      0.453125             1
109    -0.4609375      2.554688             0      0.453125             1
109    -0.4609375      2.578125             0      0.453125             1
109    -0.4609375      2.609375             0      0.453125             1
109      -0.40625      2.671875       0.09375      0.515625             1
109    -0.3984375      2.703125       0.09375      0.515625             1
109     -0.390625      2.734375       0.09375      0.515625             1
109     -0.390625      2.765625       0.09375      0.515625             2
239      -3.09375      7.351563       0.40625     0.1640625             2
109        -0.375      2.804688      0.109375      0.515625             2
255     -3.007813      7.382813       0.53125     0.2109375             2
109      -0.40625         2.875     0.0546875     0.5078125             3
218     -2.976563      7.398438     0.5234375     0.2109375             3
4     -11.4297      13.6094    -0.664063    -0.554688            3
109      -0.40625       2.90625     0.0546875     0.5078125             3
125     -2.945313       7.40625      0.515625      0.203125             3
169     -11.38281      13.65625    -0.4921875      -0.40625             3
109        -0.375       2.96875     0.1015625      0.515625             3
3     -2.9063      7.4219     0.53906     0.21094           3
26     -11.5156      13.5156    -0.710938    -0.601563            3
109    -0.3671875             3     0.1015625      0.515625             3
121     -2.859375      7.445313     0.5703125       0.21875             3
119     -11.44531      13.58594     -0.484375      -0.40625             3
109    -0.3046875      3.054688        0.1875     0.5234375             3
231     -11.45313      13.59375    -0.4296875     -0.359375             3
239     -2.804688      7.460938     0.6015625     0.2265625             3
109     -0.296875      3.085938        0.1875     0.5234375             3
202     -11.44531      13.60156    -0.3671875       -0.3125             3
195     -2.773438      7.476563     0.6015625       0.21875             3
109      -0.28125      3.117188        0.1875     0.5234375             3
31     -11.4688      13.5859    -0.367188      -0.3125            3
2     -2.7422      7.4922     0.58594     0.21094           3
109    -0.2734375      3.148438        0.1875     0.5234375             3
87     -11.5156      13.5547     -0.40625     -0.34375            3
50     -2.70313          7.5     0.585938     0.210938            3
109    -0.2578125      3.179688        0.1875     0.5234375             3
24     -11.5469      13.5313    -0.414063    -0.351563            3
156       -2.6875      7.507813        0.5625     0.1953125             3
109         -0.25      3.210938        0.1875     0.5234375             3
121     -11.48438      13.59375         -0.25    -0.2109375             3
80      -2.6875      7.50781     0.484375     0.171875            3
109     -0.234375          3.25        0.1875     0.5234375             3
168         -11.5      13.57813         -0.25    -0.2109375             3
72     -2.71094          7.5     0.382813     0.140625            3
109    -0.1328125      3.273438        0.3125      0.515625             3
206     -11.51563       13.5625         -0.25    -0.2109375             3
92     -2.71094          7.5     0.351563        0.125            3
109        -0.125      3.289063      0.296875     0.5078125             3
67     -11.5313      13.5547        -0.25    -0.210938            3
202     -2.695313           7.5      0.328125     0.1171875             3
109    -0.1171875      3.296875       0.28125     0.5078125             3
73     -11.5469      13.5391        -0.25    -0.210938            3
68     -2.69531          7.5     0.289063     0.101563            3
109     -0.109375        3.3125     0.2734375     0.5078125             3
11     -11.5703      13.5234    -0.265625    -0.226563            3
54     -2.69531      7.50781     0.257813      0.09375            3
109    -0.0859375      3.328125       0.28125     0.5078125             3
221     -11.47656      13.61719     -0.078125       -0.0625             3
166     -2.703125           7.5     0.2265625      0.078125             3
109     -0.046875      3.382813        0.3125           0.5             4
247     -11.47656      13.61719     -0.078125       -0.0625             4
191     -2.703125           7.5     0.1953125     0.0703125             4
80     -3.57031         14.5   -0.0234375            0            4
109     -0.015625      3.429688     0.3359375           0.5             4
254     -11.48438      13.60938     -0.078125       -0.0625             4
222     -2.734375      7.492188      0.109375     0.0390625             4
194     -3.585938          14.5     -0.046875    -0.0078125             4
109     0.0234375       3.46875      0.390625     0.4921875             4
36     -11.4922      13.6094    -0.078125      -0.0625            4
26        -2.75      7.48438       0.0625    0.0234375            4
111     -3.585938          14.5     -0.046875    -0.0078125             4
109     0.0703125      3.507813      0.421875      0.484375             4
203     -11.42969      13.66406             0     0.0078125             4
42     -2.75781      7.48438    0.0390625     0.015625            4
130     -3.609375      14.49219      -0.09375    -0.0234375             4
109     0.1015625      3.539063        0.4375      0.484375             4
53     -11.5156      13.5938    -0.109375     -0.09375            4
247     -2.757813      7.484375       0.03125     0.0078125             4
225     -3.617188      14.48438    -0.1015625    -0.0234375             4
109         0.125      3.570313     0.4296875      0.484375             4
25     -11.4922      13.6172   -0.0703125   -0.0546875            4
122     -2.765625      7.476563      0.015625     0.0078125             4
147     -3.640625      14.48438    -0.1328125      -0.03125             4
109        0.3125      3.742188       0.46875       0.46875             5
165     -11.51563      13.60938       -0.0625    -0.0546875             5
30     -2.79688      7.46875   -0.0234375   -0.0078125            5
72         -3.5      14.5156     0.109375    0.0234375            5
16      6.42969       28.125       0.4375     -0.09375            5
109     0.3515625       3.78125      0.484375      0.453125             6
110     -11.52344      13.60938       -0.0625    -0.0546875             6
170     -2.796875       7.46875     -0.015625    -0.0078125             6
138     -3.492188      14.51563     0.1171875     0.0234375             6
106      6.539063      28.09375       0.59375    -0.1328125             6
126     -3.648438       53.3125     -1.429688      -0.09375             6
109     0.3828125        3.8125      0.484375      0.453125             6
10     -11.5234      13.6094      -0.0625   -0.0546875            6
199       -2.8125      7.460938     -0.046875     -0.015625             6
209     -3.507813      14.51563      0.078125      0.015625             6
11      6.49219      28.1094       0.4375    -0.101563            6
79     -3.76563      53.3594     -1.49219    -0.101563            6
109        0.4375      3.835938      0.546875      0.921875             6
72     -11.5313      13.6016      -0.0625   -0.0546875            6
29     -2.82031      7.46094   -0.0546875    -0.015625            6
79     -3.46094      14.5234     0.148438      0.03125            6
87      6.61719      28.0781     0.617188    -0.140625            6
5     -3.85156      53.3516     -1.49219    -0.101563            6
109       0.46875      3.890625      0.546875      0.921875             6
113     -11.53125      13.60156       -0.0625    -0.0546875             6
213       -2.8125      7.460938      -0.03125    -0.0078125             6
247     -3.453125      14.53125     0.1484375       0.03125             6
240      6.703125      28.05469     0.7109375    -0.1640625             6
215     -3.734375      53.40625     -1.023438       -0.0625             6
109     0.5234375      3.921875      0.578125      0.453125             6
46     -11.5391      13.5938      -0.0625   -0.0546875            6
226     -2.804688       7.46875    -0.0078125             0             6
23     -3.46875      14.5234     0.109375    0.0234375            6
230          6.75      28.04688     0.7109375    -0.1640625             6
104     -3.796875      53.39844     -1.023438       -0.0625             6
109        0.5625      3.953125      0.578125      0.453125             6
14     -11.5391      13.5938      -0.0625   -0.0546875            6
173     -2.804688       7.46875    -0.0078125             0             6
11     -3.46094      14.5234     0.109375    0.0234375            6
63      6.78906      28.0391     0.710938    -0.164063            6
233       -3.8125       53.4375       -0.9375       -0.0625             6
109       0.59375      3.976563      0.578125      0.453125             6
101     -11.54688      13.58594       -0.0625    -0.0546875             6
165     -2.804688      7.460938     -0.015625    -0.0078125             6
198     -3.453125      14.53125      0.109375     0.0234375             6
125      6.835938      28.02344     0.7109375    -0.1640625             6
111     -4.109375      53.47656     -1.398438    -0.1015625             6
109     0.7265625      4.039063     0.7421875         0.875             6
180     -11.54688      13.58594       -0.0625    -0.0546875             6
43      -2.8125      7.46094   -0.0234375   -0.0078125            6
205     -3.445313      14.53125      0.109375     0.0234375             6
18        6.875      28.0156     0.710938    -0.164063            6
140     -4.148438          53.5     -1.296875      -0.09375             6
109     0.7890625       4.09375      0.765625         0.875             5
152     -4.226563      53.49219     -1.296875      -0.09375             5
170       -2.8125      7.460938      -0.03125    -0.0078125             5
80     -3.44531      14.5313     0.109375    0.0234375            5
32      6.92188      28.0078     0.710938    -0.164063            5
109     0.8359375      4.148438      0.765625         0.875             4
90     -4.30469      53.4922     -1.29688     -0.09375            4
75      -2.8125      7.46094   -0.0234375   -0.0078125            4
100       -3.4375      14.53125      0.109375     0.0234375             4
109      0.890625      4.203125       0.78125      0.859375             5
153     -3.898438      53.55469    -0.4296875     -0.015625             5
73      -2.8125      7.46094    -0.015625            0            5
89     -3.42969      14.5313     0.109375    0.0234375            5
190      6.679688      28.07031     0.2265625    -0.0390625             5
109        0.9375          4.25       0.78125      0.859375             5
243     -3.945313      53.57813    -0.4765625      -0.03125             5
1     -2.8125      7.4609   -0.023438  -0.0078125           5
58     -3.42188      14.5391     0.109375    0.0234375            5
49       6.6875      28.0703     0.226563   -0.0390625            5
109      0.984375      4.296875       0.78125     0.8515625             5
229     -3.976563      53.57813    -0.4765625      -0.03125             5
125       -2.8125      7.460938    -0.0078125             0             5
33     -3.41406      14.5391     0.109375    0.0234375            5
99      6.78906      28.0469      0.34375    -0.078125            5
109       1.03125      4.335938      0.796875       0.84375             6
77     -4.35938      53.4766     -1.08594   -0.0859375            6
238     -2.820313      7.453125      -0.03125    -0.0078125             6
12     -3.40625      14.5391     0.109375    0.0234375            6
131       6.84375      28.03125     0.3984375      -0.09375             6
228     -8.328125      72.32031     -0.734375     -0.078125             6
109      1.101563      4.367188      0.828125      0.828125             6
200     -4.273438      53.50781     -0.828125       -0.0625             6
127     -2.828125      7.453125      -0.03125    -0.0078125             6
177     -3.398438      14.53906      0.109375     0.0234375             6
244       6.84375      28.03125     0.3515625    -0.0859375             6
92     -8.36719      72.3203    -0.734375    -0.078125            6
109      1.179688      4.414063         0.875     0.8046875             4
203     -4.398438      53.53125    -0.9453125    -0.0703125             4
160     -2.820313      7.460938    -0.0078125             0             4
34      6.85938      28.0234     0.351563   -0.0859375            4
109          1.25       4.46875     0.8984375     0.7890625             4
142     -4.453125      53.52344    -0.9453125    -0.0703125             4
167     -2.820313      7.460938    -0.0078125             0             4
179      6.882813      28.01563     0.3515625    -0.0859375             4
109      1.304688      4.515625     0.8984375     0.7890625             4
192     -4.140625      53.57813    -0.3046875     -0.015625             4
186       -2.8125      7.460938             0             0             4
143       6.90625      28.01563     0.3515625    -0.0859375             4
109      1.359375        4.5625     0.8984375     0.7890625             4
11     -4.15625      53.5781    -0.304688    -0.015625            4
144       -2.8125      7.460938             0             0             4
174      6.929688      28.00781     0.3515625    -0.0859375             4
109      1.445313      4.585938     0.9609375          0.75             3
216     -4.140625      53.60156    -0.2421875     -0.015625             3
212     -2.820313      7.460938    -0.0078125             0             3
109           1.5      4.632813     0.9609375          0.75             3
230     -4.210938        53.625    -0.3359375    -0.0234375             3
250     -2.820313      7.453125    -0.0078125             0             3
109      1.632813      4.617188      1.054688        0.1875             3
215     -4.234375      53.61719    -0.3359375    -0.0234375             3
76     -2.82031      7.46094   -0.0078125            0            3
109      1.703125         4.625      1.054688        0.1875             3
157         -4.25      53.61719    -0.3359375    -0.0234375             3
131     -2.820313      7.460938    -0.0078125             0             3
109      1.835938      4.609375      1.226563        0.5625             3
6     -4.27344      53.6172    -0.335938   -0.0234375            3
159     -2.820313      7.460938             0             0             3
109      1.914063      4.640625      1.226563        0.5625             3
19     -4.35938      53.6406    -0.445313     -0.03125            3
63     -2.82031      7.46094            0            0            3
109      2.015625      4.632813       1.28125       0.53125             3
31     -4.29688      53.6641    -0.304688    -0.015625            3
145     -2.820313      7.453125    -0.0078125             0             3
109       2.09375      4.664063       1.28125       0.53125             3
224     -4.320313      53.66406    -0.3046875     -0.015625             3
53     -2.82031      7.45313   -0.0078125            0            3
109      2.164063      4.695313       1.28125       0.53125             3
222     -4.421875      53.67969       -0.4375      -0.03125             3
94     -2.82813      7.45313    -0.015625   -0.0078125            3
109      2.304688        4.6875      1.382813        0.4375             3
157       -4.1875      53.71875     -0.015625             0             3
177     -2.828125      7.453125     -0.015625    -0.0078125             3
109      2.390625      4.710938      1.382813        0.4375             3
222     -4.195313      53.71875     -0.015625             0             3
26     -2.82813      7.45313   -0.0078125            0            3
109      2.476563      4.734375      1.382813        0.4375             3
54     -4.19531      53.7188    -0.015625            0            3
5     -2.8281      7.4531  -0.0078125           0           3
109      2.554688      4.765625      1.382813        0.4375             3
67     -3.44531      53.7969      1.20313      0.09375            3
3     -2.8203      7.4531           0           0           3
109      2.609375      4.796875      1.335938     0.4140625             3
153        -3.375      53.80469      1.203125       0.09375             3
149     -2.828125      7.453125    -0.0078125             0             3
109      2.703125      4.789063      1.304688      -0.09375             3
134     -3.476563      53.69531       0.90625     0.0546875             3
140     -2.820313      7.453125             0             0             3
109      2.789063       4.78125      1.304688      -0.09375             3
44     -3.42188      53.6953      0.90625    0.0546875            3
182     -2.820313      7.453125             0             0             3
109      2.898438      4.703125      1.367188         -0.25             3
90     -3.64063      53.7031     0.476563      0.03125            3
158     -2.820313      7.453125             0             0             3
109      2.984375        4.6875      1.367188         -0.25             3
104     -3.609375      53.71094     0.4765625       0.03125             3
63     -2.82813      7.45313    -0.015625            0            3
109        3.0625      4.671875      1.367188         -0.25             3
29      -3.4375      53.7422     0.710938     0.046875            3
68     -2.82813      7.45313   -0.0078125            0            3
109      3.148438       4.65625      1.367188         -0.25             3
232     -3.398438      53.74219     0.7109375      0.046875             3
5     -2.8281      7.4531  -0.0078125           0           3
109         3.375           4.5      1.578125     -0.546875             3
115     -3.148438      53.80469       1.03125        0.0625             3
231     -2.828125      7.453125    -0.0078125             0             3
109      3.476563       4.46875      1.578125     -0.546875             3
139     -3.085938      53.80469       1.03125        0.0625             3
130     -2.828125      7.453125    -0.0078125             0             3
109      3.632813      4.351563      1.671875     -0.734375             3
89     -3.30469      53.8125       0.5625      0.03125            3
189     -2.828125      7.453125    -0.0078125             0             3
109          3.75      4.265625      1.695313    -0.8203125             3
236     -3.273438       53.8125        0.5625       0.03125             3
73     -2.83594      7.45313    -0.015625            0            3
109      3.835938        4.1875        1.6875     -0.859375             3
92     -3.23438      53.8125       0.5625      0.03125            3
227     -2.828125      7.453125             0             0             3
109      3.953125       4.09375       1.71875    -0.9609375             3
238     -3.265625      53.82813     0.4609375     0.0234375             3
18     -2.84375      7.44531   -0.0390625   -0.0078125            3
109      4.070313      3.992188          1.75       -1.0625             3
143     -3.234375      53.82813     0.4609375     0.0234375             3
113     -2.859375      7.445313    -0.0546875     -0.015625             3
109      4.171875       3.90625      1.742188     -1.117188             3
249       -3.5625      53.71094    -0.1328125    -0.0078125             3
119     -2.859375      7.445313     -0.046875     -0.015625             3
109      4.296875       3.78125      1.789063     -1.257813             3
240     -3.960938      53.73438     -0.765625     -0.046875             3
191     -2.859375      7.445313    -0.0390625     -0.015625             3
109      4.351563      3.726563      1.710938      -1.21875             3
29     -3.77344      53.7578    -0.359375   -0.0234375            3
143     -2.859375        7.4375    -0.0390625     -0.015625             3
109      4.453125       3.65625      1.710938      -1.21875             3
145     -4.195313      53.76563      -1.09375     -0.078125             3
85     -2.85938       7.4375   -0.0390625   -0.0078125            3
109        4.5625      3.578125      1.710938      -1.21875             3
36     -4.15625      53.7734    -0.882813      -0.0625            3
97     -2.85156      7.44531   -0.0234375   -0.0078125            3
109       4.59375       3.53125       1.59375         -1.25             3
182     -4.210938      53.77344    -0.8828125       -0.0625             3
248      -2.84375      7.445313             0             0             3
109      4.648438      3.476563      1.539063     -1.210938             3
145     -4.265625      53.76563    -0.8828125       -0.0625             3
18     -2.84375      7.44531            0            0            3
109      4.671875      3.453125      1.445313     -1.109375             3
132     -4.320313      53.77344        -0.875       -0.0625             3
25     -2.85156      7.44531   -0.0078125            0            3
109      4.734375       3.40625       1.40625      -1.09375             3
250     -4.296875      53.79688     -0.734375    -0.0546875             3
83     -2.85156      7.44531    -0.015625            0            3
109      4.820313       3.34375       1.40625      -1.09375             3
207     -4.054688      53.83594    -0.1796875    -0.0078125             3
98     -2.85156      7.44531   -0.0078125            0            3
109       4.90625      3.273438       1.40625      -1.09375             3
76     -4.07031      53.8359    -0.179688   -0.0078125            3
221     -2.851563      7.445313    -0.0078125             0             3
109      4.859375      3.390625      1.203125       -0.8125             3
252     -4.101563      53.84375      -0.21875    -0.0078125             3
29     -2.83594      7.45313    0.0234375    0.0078125            3
109      4.929688       3.34375      1.203125       -0.8125             3
87     -4.19531      53.8516    -0.390625   -0.0234375            3
235     -2.835938      7.453125     0.0234375     0.0078125             3
109       4.90625      3.429688      1.054688     -0.609375             3
8     -4.05469      53.8672   -0.0390625            0            3
116     -2.828125      7.453125       0.03125     0.0078125             3
109       4.96875      3.390625      1.054688     -0.609375             3
201     -4.195313      53.85938    -0.3359375    -0.0234375             3
242     -2.851563      7.445313    -0.0078125             0             3
109       5.03125      3.351563      1.054688     -0.609375             3
1      -4.1875      53.8672    -0.265625    -0.015625            3
175     -2.859375        7.4375      -0.03125    -0.0078125             3
109       5.03125      3.382813     0.9609375      -0.53125             3
161     -3.976563      53.88281        0.1875      0.015625             3
115     -2.859375        7.4375    -0.0234375    -0.0078125             3
109      5.085938      3.351563     0.9609375      -0.53125             3
13     -3.96875      53.8828       0.1875     0.015625            3
44     -2.85156      7.44531   -0.0078125            0            3
109      5.148438      3.320313     0.9609375      -0.53125             3
145     -4.148438        53.875    -0.1953125    -0.0078125             3
73     -2.85156      7.44531   -0.0078125            0            3
109      5.203125      3.289063     0.9609375      -0.53125             3
234     -4.210938        53.875    -0.2890625     -0.015625             3
38     -2.85156      7.44531   -0.0078125            0            3
109      5.257813      3.257813     0.9609375      -0.53125             3
5     -4.23438       53.875    -0.289063    -0.015625            3
83     -2.84375      7.44531            0            0            3
109      5.320313      3.226563     0.9609375      -0.53125             3
34        -4.25       53.875    -0.289063    -0.015625            3
27     -2.84375      7.44531    0.0078125            0            3
109         5.375      3.195313     0.9609375      -0.53125             3
9     -4.17969      53.8828    -0.132813   -0.0078125            3
43     -2.84375      7.44531            0            0            3
109        5.4375       3.15625     0.9609375      -0.53125             3
34     -4.02344      53.8984     0.140625    0.0078125            3
133      -2.84375      7.445313     0.0078125             0             3
109      5.492188         3.125     0.9609375      -0.53125             3
176     -4.242188      53.88281    -0.2421875     -0.015625             3
244     -2.835938      7.453125     0.0234375     0.0078125             3
109      5.546875       3.09375     0.9609375      -0.53125             3
36     -4.53125      53.8672     -0.71875   -0.0546875            3
185     -2.835938      7.453125     0.0234375     0.0078125             3
109      5.609375        3.0625     0.9609375      -0.53125             3
125     -4.546875      53.86719    -0.6796875    -0.0546875             3
101     -2.835938      7.453125      0.015625             0             3
109      -4.59375      53.85938    -0.6796875    -0.0546875             2
36     -2.82813      7.45313      0.03125    0.0078125            2
139     -2.820313      7.453125       0.03125     0.0078125             2
206         -4.75      53.85156    -0.8828125    -0.0703125             2
139       -2.8125      7.460938     0.0546875      0.015625             2
45     -4.79688      53.8516    -0.882813   -0.0703125            2
139       -2.8125      7.460938      0.046875      0.015625             2
71     -4.85156      53.8438    -0.882813   -0.0703125            2
139       -2.8125      7.460938     0.0390625      0.015625             2
215     -4.710938      53.85938    -0.5546875    -0.0390625             2
139     -2.820313      7.453125     0.0078125             0             2
227     -4.492188      53.88281        -0.125    -0.0078125             2
139     -2.820313      7.460938      0.015625     0.0078125             2
34     -4.48438      53.8828    -0.101563   -0.0078125            2
139     -2.828125      7.453125             0             0             2
183      -4.40625      53.89844     0.0390625             0             2
139     -2.820313      7.453125     0.0078125             0             2
233     -3.976563       53.9375       0.78125        0.0625             2
139     -2.820313      7.453125             0             0             2
254     -3.992188       53.9375      0.671875      0.046875             2
139     -2.820313      7.453125     0.0078125             0             2
54       -3.875      53.9453       0.8125    0.0546875            2
139     -2.820313      7.453125     0.0078125             0             2
187     -3.601563      53.96875      1.257813     0.0859375             2
139     -2.820313      7.453125             0             0             2
23     -3.54688      53.9766      1.21875     0.078125            2
