-2.4529      5.6149     0.30164    -0.69047           0           0
-2.4382      5.5807     0.29424    -0.67911  -0.0026666     0.22487
-2.4241      5.5521      0.2874    -0.55814   -0.013029      1.5211
-2.4082      5.5245     0.29742      -0.521   -0.005584      1.0448
-2.3965       5.498     0.28087    -0.49045   -0.014616     0.82765
-2.3969      5.4663     0.21659     -0.6269   -0.054582     -1.8958
-2.3898      5.4364     0.19879     -0.4967   -0.086978      2.0671
-2.3962       5.408     0.13736    -0.38866    -0.15279      2.5418
-2.3808      5.3872     0.15959    -0.54192   -0.092763     -2.6399
-2.3277      5.3801     0.29419    -0.50506    0.085419    -0.69802
-2.3598      5.3392     0.16017    -0.40133     -0.1176      2.7581
-2.3191       5.334     0.25015    -0.29506    0.030094      1.4911
-2.2441       5.342     0.42612     -0.3659     0.29945     -2.4333
-2.2041       5.332     0.49407    -0.35908     0.37897    -0.57037
-2.2124      5.3056      0.4196    -0.14351     0.21948      4.3801
-2.184      5.2978     0.45511    -0.22971     0.28423     -1.2862
-2.2168      5.2653     0.31605    -0.15702     0.03836      2.1496
-2.1983      5.2551     0.32954    -0.20553    0.073227    -0.65349
-2.287      5.2008    0.039538    -0.29865    -0.38301     0.14771
-2.2336      5.2056     0.16537    -0.24598    -0.16054    0.024981
-2.1648      5.2166     0.32445    -0.17754    0.090089    0.029927
-2.1449      5.2054     0.33558    -0.23843    0.099149     -1.0648
-2.0817      5.2104     0.46583    -0.17596     0.27766     0.13364
-1.922      5.2575     0.85853    0.072554     0.83163      2.0097
-2.0088      5.2046     0.52315   -0.083953     0.26993    -0.24909
-1.9512        5.21     0.62088   -0.045993      0.3894     0.24153
-1.8793      5.2193     0.75146   -0.060566     0.55271    -0.82802
-1.8061      5.2301     0.88163    0.063063     0.70183      1.3868
-1.7959      5.2166     0.81853    0.026263       0.564     0.11672
-1.821      5.1913     0.66058   -0.034566     0.30034    -0.17773
-1.7656      5.1929     0.74016   -0.074258     0.39813     -0.9396
-1.8491      5.1498      0.4254   -0.042843   -0.078495      1.7583
-1.736      5.1703     0.69239   -0.073241     0.33159     -1.4989
-1.5468      5.2241      1.1675     0.41846     0.99505       5.659
-1.4979      5.2325      1.1581     0.32316      0.8823    -0.15353
-1.3358      5.2732      1.4931     0.36611      1.2967     -0.2232
-1.2643      5.2869      1.5449     0.34046      1.2788    -0.41741
-1.1672      5.3021      1.6621     0.23142      1.3571     -1.8488
-0.94002      5.3509      2.1407     0.45842      1.9495      2.2917
-0.74011      5.3873      2.4795     0.39619      2.2725    -0.76466
-0.7412      5.3786      2.2465     0.32411      1.7973     -1.0086
-0.63153      5.3924       2.326     0.31624      1.7863    -0.34195
-0.51398      5.4035       2.415      0.2348      1.7872     -1.2024
-0.47645      5.4034      2.2877     0.18191      1.5056     -1.2222
-0.41604      5.4047      2.2278     0.14798       1.336    -0.94469
-0.28215      5.4097      2.3554     0.16755      1.4212     0.10946
-0.09229      5.4141      2.6068     0.13702      1.6536    -0.12992
-0.14186      5.4138      2.2586     0.23786      1.1165      0.7735
-0.21196       5.417      1.8843     0.13106     0.57915     -2.7325
-0.17114      5.4138      1.7839     0.01803     0.40608     -2.6258
-0.25034      5.4181        1.38     0.19536    -0.16228      1.6241
0.037787      5.4046      1.9469     0.11421     0.60971   -0.075115
0.12463      5.4017      1.9381     0.12457      0.5374     0.18407
0.082433      5.4058      1.5653     0.19858   -0.044894     0.62376
0.24645      5.3981      1.7977    0.069038     0.27363     -1.4557
0.37959      5.3835       1.911   -0.070533     0.38907     -2.1668
0.40565      5.3801      1.7172    0.033004    0.082655     0.79859
0.35253      5.3814       1.288     0.12504    -0.55646      0.6269
0.31298      5.3818     0.93241    0.086041     -1.0422     -1.4372
-0.014669      5.4095     -0.2634     0.15859     -2.7042       -1.66
0.15111      5.3843     0.11321    0.071296     -1.9936    -0.66907
0.10728      5.3736    -0.16925     0.17473     -2.2782      1.5561
0.0094865      5.3647    -0.59461    0.097627     -2.7561     -1.1735
-0.16797       5.367     -1.2066    0.077878     -3.4748    -0.52745
-0.023565      5.3505    -0.75432    0.056971     -2.5443    -0.76445
-0.092573      5.3425    -0.99551     0.12997     -2.7193       1.349
-0.40308      5.3297     -1.9767    -0.01785     -4.0073     -1.3854
-0.5458      5.3045      -2.343    -0.14598     -4.2618     -2.2085
-0.66676      5.2734     -2.6009    -0.24022     -4.3399     -1.8298
-0.81221      5.2372      -2.895    -0.35437     -4.4636     -1.9703
-0.88618      5.2052     -2.9124    -0.42714     -4.1343     -2.5487
-0.69844      5.2271     -2.0477   -0.091065     -2.4348    -0.36832
-0.67467      5.2223     -1.7967    -0.12171     -1.8374      -2.961
-0.61025      5.2344     -1.3885   -0.061508     -1.0132      -1.535
-0.63356      5.2311     -1.2879   -0.013092    -0.74688    0.082783
-0.53035       5.257     -0.7684    0.069102     0.17749    -0.39166
-0.58067       5.238    -0.79866    -0.01303     0.15411     -1.3177
-0.4341      5.2617    -0.17509      0.1548      1.1791      1.3031
-0.42169      5.2508   -0.037514     0.13308      1.3566    -0.34709
-0.48438      5.2426    -0.16464     0.17149      1.0607     0.96935
-0.13307      5.2898      1.0604      0.1952      2.9701    -0.84868
-0.10317      5.2867      1.1349     0.13213      2.8708     -1.0754
-0.017292      5.2832      1.3825     0.12179      3.0693    -0.27732
0.21909      5.2957      2.0763     0.30803      3.9635      3.4823
0.35487      5.2914      2.3486   -0.011533      4.0402     -4.7844
0.262      5.2746      1.9222    -0.10262      3.0958     -3.8567
0.32608      5.2529      2.0021     -0.1786      3.0103     -2.1412
0.44793      5.2344       2.232    -0.15424      3.1572     0.28551
0.62867      5.2057      2.6111    -0.21376      3.5089    -0.27011
0.75932      5.1894      2.7867    -0.21534      3.5165   -0.081444
0.86238      5.1723       2.856    -0.32561      3.3465     -2.4551
0.96834      5.1476      2.9195    -0.51003      3.1852      -4.035
0.96969      5.1554      2.6575    -0.34652      2.5734    -0.37821
1.0183      5.1539      2.5409    -0.30732      2.2026    -0.98715
1.0081      5.1699      2.2516    -0.19512      1.5972    -0.70569
1.0382      5.2016      2.0727    -0.05177      1.2218     0.75135
1.279      5.1728      2.5278    -0.28609      1.8408     -1.7494
1.391      5.1794      2.5706     -0.3359      1.7952     -1.4184
1.4752      5.1693      2.5158    -0.45064      1.5533     -3.1312
1.4891      5.1852      2.2423     -0.3074      1.0137    -0.47689
1.6594      5.1556      2.4748    -0.44199       1.309      -1.103
1.8131      5.1146      2.6186    -0.65627      1.4067     -3.2898
1.9345      5.0649      2.6395    -0.94414      1.2928     -5.6373
1.9198      5.0678      2.2427    -0.81509     0.59214     -2.6348
1.9936      5.0294      2.1435    -0.78445     0.38881     -1.0522
2.1233      4.9603      2.2174    -0.92268     0.45024     -1.7952
2.2478      4.8925      2.2724     -0.9662     0.49672    -0.66078
2.3343      4.8387      2.2035     -1.0348     0.33685     -1.9187
2.3167      4.8352      1.8435    -0.90398    -0.21931     -1.7686
2.3385      4.8109      1.6213    -0.72839    -0.52362     0.46773
2.2824      4.8288      1.1979    -0.55679     -1.1142    -0.90244
2.2641      4.8244     0.91383    -0.45912     -1.4526    -0.63234
2.4631       4.695      1.2591    -0.50677    -0.84771      2.9024
2.4899      4.6656      1.0792    -0.49182     -1.1072    -0.31006
2.4712      4.6563     0.80172    -0.23865     -1.4286      2.1634
2.4784      4.6417      0.6287   -0.089394     -1.5829        1.97
2.7807      4.4608      1.3547    -0.51173    -0.36089     0.79706
2.678      4.5025     0.78776    -0.31311      -1.245     -1.2538
2.7503       4.447     0.82376    -0.38434     -1.0844    -0.26458
2.9508      4.3251       1.271    -0.62804    -0.28596      1.0946
2.8906      4.3501     0.88024    -0.34501    -0.85541      1.0474
2.8564      4.3642     0.61809    -0.18791     -1.1717     0.29418
2.8063      4.3904     0.33046    0.028174     -1.4973      1.0241
2.9526       4.299     0.67085    -0.11376    -0.84423      2.3064
3.0447      4.2361     0.81913    -0.27318     -0.5614     0.13602
3.1745      4.1463      1.0727    -0.57479    -0.14133     -1.7619
3.2331      4.1064      1.1023    -0.57527   -0.050509    -0.15116
3.2789      4.0724      1.0923    -0.57155   -0.042256   -0.034216
3.3221       4.035      1.0838    -0.61449   -0.034617    -0.69836
3.5373      3.8612      1.5706     -1.1183     0.69701     -1.4805
3.7982      3.6419      2.1557     -1.7093      1.5297     -2.0556
3.9915      3.4581      2.4654     -2.3046      1.8017     -5.8132
3.9979      3.4376      2.2332     -2.1792      1.3241     -5.3167
3.9611      3.4679      1.9136     -1.8141      0.7803     -4.2234
3.8822      3.5647      1.4859     -1.1828     0.10765     -2.4234
3.9905      3.4428      1.6293     -1.4663      0.3467     -1.8641
4.0792       3.342      1.6988     -1.6473     0.43633     -2.1716
4.0634      3.3924      1.4172     -1.1489  -0.0096982     0.83009
4.1592      3.2832       1.531     -1.3305     0.17554     -0.1099
4.1638      3.2918      1.3143     -1.1467    -0.24767     -1.6177
4.2656      3.1594      1.4593     -1.4759    0.011862     -2.0211
4.3007      3.1155      1.3689      -1.377    -0.13059    -0.95075
4.3769      3.0441      1.4074     -1.1393    0.034311       3.888
4.4257      3.0014      1.3277      -1.157    -0.18657   -0.038575
4.3526      3.1458     0.84647    -0.55101     -1.0061     -1.1624
4.3501      3.1786     0.66055    -0.38028     -1.2268    -0.89864
4.3765      3.1565     0.58951    -0.47647     -1.2544     -1.6916
4.3598      3.2011      0.3965   -0.094948     -1.4254      1.7223
4.3451      3.2361     0.22873     0.21233     -1.5783      3.0249
4.3521      3.2426     0.14896     0.11241     -1.6079    -0.29951
4.2913      3.3435    -0.13501     0.46825     -1.9207      1.1451
4.3205      3.3119    -0.11452     0.41832     -1.7396      1.5219
4.4118      3.1979    0.097088     0.24226     -1.2743      2.3947
4.4335      3.1811    0.092305     0.33295     -1.1816      2.8219
4.318      3.3463    -0.31121     0.78622     -1.7249      1.7064
4.3217      3.3482    -0.33574     0.85204     -1.6345      2.4145
4.5471      3.0747     0.29669     0.17103    -0.54679      1.9708
4.5483      3.0893     0.19668     0.14516    -0.73751    -0.48027
4.4727      3.2139   -0.062138     0.77497     -1.0054      3.8191
4.5853      3.0974     0.23234     0.47045    -0.48384      2.9188
4.5172      3.1874   -0.021112     0.53524    -0.90044     -1.1068
4.5435      3.1613    0.036498     0.34418     -0.7278     -1.2048
4.5915       3.116      0.1463     0.15649    -0.48697    -0.62058
4.6371      3.0749     0.24191    0.030703    -0.29037    -0.14503
4.6488      3.0762           0           0           0           0
4.6488      3.0762           0           0           0           0
4.6488      3.0762           0           0           0           0
4.7792      2.9424     0.41129     0.10434     0.71534      5.0133
4.777      2.9412     0.37141   -0.034605     0.53698      1.1788
4.7963      2.9409           0           0           0           0
4.8418      2.8755     0.16313      0.1058     0.32325      3.7781
4.8504      2.8856           0           0           0           0
4.9394      2.7576     0.28183    -0.13849     0.49667      3.0141
5.0064      2.6868     0.49581     0.11409       0.874      6.4165
5.0502      2.6292     0.57004    -0.28813     0.80265     0.64461
5.0965      2.5781     0.64663    -0.52553     0.81224     -1.3383
5.2141       2.385     0.93276      -1.284      1.1368     -3.9288
5.2622      2.3159      0.4948     -0.7402           0           0
5.2622      2.3159      0.2474     -0.3701           0           0
5.2622      2.3159           0           0           0           0
5.2622      2.3159           0           0           0           0
5.2016      2.4638    -0.16813     0.71957    -0.14991      3.7528
5.0369       2.807    -0.60499      2.0122    -0.74177      6.5194
5.0364      2.8508    -0.55801      2.0692    -0.62835      5.6603
5.142       2.692    -0.21458      1.5822    -0.10011      4.6822
5.168      2.7044    -0.12483      1.5813     0.01987      3.9253
5.1618      2.7884   -0.061917      0.8888           0           0
5.1618      2.7884   -0.030959      0.4444           0           0
5.1618      2.7884           0           0           0           0
5.1618      2.7884           0           0           0           0
5.0374      2.9778    -0.33035     0.14983    -0.47993      -1.791
5.0202      2.9831           0           0           0           0
5.0202      2.9831           0           0           0           0
5.1049      2.8577      0.2263    0.054656     0.32311      2.2724
5.1166      2.8633           0           0           0           0
4.9512      3.1601    -0.41691     0.87738    -0.53854       2.271
5.1361      2.7866     0.10355    -0.61926     0.16811     -3.4702
5.1322      2.7781     0.11477    -0.61078     0.22509     -2.0237
5.1292      2.7201     0.10013     -1.0769     0.11544     -5.4233
4.9668      2.9574    -0.21219     0.28329    -0.04119      5.6895
5.1257      2.6812     0.27436    -0.89076     0.64505    -0.88092
5.0609      2.8058      0.0425    -0.51037     0.23005    -0.81371
5.0633      2.7793    0.027002    -0.27553           0           0
5.0039      2.9006    -0.18032     0.34474     -0.3067       3.274
4.9872       2.914    -0.18821     0.22341    -0.31485     0.34765
4.7468      3.3447       -1.05      2.0191     -1.7231      5.4734
4.8124      3.2107    -0.56817     0.80521    -0.70873     -1.8531
4.7377      3.3118    -0.70264      1.1502    -0.80737      2.3647
4.4976      3.6518     -1.4259      2.1096     -1.9283      3.6808
4.559      3.5527    -0.96959      0.8751    -0.96031     -6.0746
4.2991      3.8944     -1.6869      1.8503     -1.9071      3.1995
4.155      4.0605     -1.9404        1.75     -2.1199     -2.2937
3.9251      4.2925     -2.4793      2.1615     -2.8277     0.30455
3.6304      4.5621     -3.1618      2.4977     -3.7203    -0.40938
3.3786      4.7419     -3.6003      2.5284      -4.138     -1.7019
3.2826      4.7825     -3.4964      2.3208     -3.6292     -1.5528
2.9851      4.9751       -4.05      2.4255     -4.2402    -0.61329
2.7334      5.1076     -4.3807      2.4211     -4.4405    -0.73549
2.4598      5.2212     -4.7109       2.203     -4.6177       -3.93
2.3575      5.2289     -4.4632      2.0113     -3.8783     -2.5993
2.3657      5.1888     -3.8769      1.7721     -2.6758     -2.9544
2.5154      5.1048     -2.9131      1.2325     -1.0059     -7.7752
2.7231      4.9998     -1.8157     0.79803     0.77551     -6.1178
2.9368      4.8904    -0.79836     0.19898      2.2805     -7.2921
3.1824      4.7511     0.24357    -0.46448      3.7344     -7.1084
3.4189      4.5847      1.2021     -1.0436      4.9997     -4.9591
3.6573      4.3954      2.0126     -1.9609      5.8091     -9.7393
3.83677      4.21623      2.56615     -2.70355      6.22816      -10.536
3.7865      4.1569      2.4162     -2.5082      5.6155     -6.5224
3.8286      4.0463       2.522     -2.5935      5.3837     -6.0032
4.0905      3.7601      3.2312     -3.5476      6.0838     -7.7461
4.16163      3.61636      3.26817     -3.82357      5.58252      -10.355
4.2886      3.40989      3.46764     -4.40692      5.42629      -12.358
4.3277        3.32      3.3943     -4.1948       4.955     -9.2559
4.52928      3.04793      3.72278     -4.93487      5.06011     -10.5722
4.7053      2.8042      3.9565     -5.3307      5.0607      -9.803
4.7708      2.7448      3.7871     -4.9567       4.333     -9.1859
4.95019       2.4866      3.92847     -5.57582      4.12526     -11.2474
4.99171      2.51304      3.61979     -4.99273      3.17404     -11.1785
5.17667      2.24943      3.77849     -5.55165      3.17404     -11.1785
5.2616      2.2643      3.6165     -4.9536      2.6284     -9.7098
5.40196      1.91568      3.48024     -6.39707      1.88214     -16.3795
5.57832      1.57535      3.57434     -7.21605      1.88214     -16.3795
5.75939      1.19407      3.66845     -8.03502      1.88214     -16.3795
5.7123      2.0205      3.2494     -4.2014      1.2832     -6.5874
5.8763      1.8022      1.6568     -2.2654           0           0
5.8763      1.8022      1.6568     -2.2654           0           0
5.91492      1.15179      1.29847     -5.03586    -0.929019      -10.046
5.97868     0.887435      1.25201     -5.53816    -0.929019      -10.046
6.04012      0.59797      1.20556     -6.04046    -0.929019      -10.046
6.0992     0.28339     0.57956     -3.2714           0           0
6.0992     0.28339     0.57956     -3.2714           0           0
6.1282     0.11982     0.28978     -1.6357           0           0
6.1282     0.11982     0.14489    -0.81785           0           0
6.1282     0.11982    0.072445    -0.40892           0           0
6.1282     0.11982           0           0           0           0
6.1282     0.11982           0           0           0           0
6.1282     0.11982           0           0           0           0
6.1282     0.11982           0           0           0           0
6.1282     0.11982           0           0           0           0
6.1282     0.11982           0           0           0           0
6.1282     0.11982           0           0           0           0
6.1282     0.11982           0           0           0           0
6.1282     0.11982           0           0           0           0
6.1282     0.11982           0           0           0           0
6.1282     0.11982           0           0           0           0
6.1282     0.11982           0           0           0           0
6.1282     0.11982           0           0           0           0
6.1282     0.11982           0           0           0           0
6.1282     0.11982           0           0           0           0
6.1282     0.11982           0           0           0           0
6.1282     0.11982           0           0           0           0
6.1282     0.11982           0           0           0           0
6.1282     0.11982           0           0           0           0
6.1282     0.11982           0           0           0           0
6.1282     0.11982           0           0           0           0
6.1282     0.11982           0           0           0           0
6.1282     0.11982           0           0           0           0
6.1282     0.11982           0           0           0           0
6.1282     0.11982           0           0           0           0
6.1282     0.11982           0           0           0           0
6.1282     0.11982           0           0           0           0
6.1282     0.11982           0           0           0           0
6.1282     0.11982           0           0           0           0
6.1282     0.11982           0           0           0           0
6.1282     0.11982           0           0           0           0
6.1282     0.11982           0           0           0           0
6.1282     0.11982           0           0           0           0
6.1282     0.11982           0           0           0           0
6.1282     0.11982           0           0           0           0
