-0.11719      3.9922     0.42969     0.51563           0           0
-0.078125      4.0391     0.46094     0.50781           0           0
-0.078125      4.0781     0.40625     0.50781           0           0
-0.054688      4.1094     0.40625     0.50781           0           0
0      4.1641     0.46094     0.97656           0           0
-0.0078125      4.2266     0.38281     0.54688           0           0
0.0078125      4.2578     0.38281     0.54688           0           0
0      4.2891     0.32813         0.5           0           0
0.046875      4.3203     0.38281     0.95313           0           0
0.046875      4.3906     0.33594     0.53906           0           0
0.070313      4.4375     0.34375     0.49219           0           0
0.09375      4.4688     0.34375     0.49219           0           0
0.15625      4.5078     0.42188     0.48438           0           0
0.17969      4.5469     0.41406     0.47656           0           0
0.21094      4.5781     0.42969     0.47656           0           0
0.24219      4.6094     0.42969     0.47656           0           0
0.26563      4.6328     0.42969     0.47656           0           0
0.28906      4.6641     0.42969     0.47656           0           0
0.32031      4.6953     0.42969     0.47656           0           0
0.34375      4.7188     0.42969     0.47656           0           0
0.46875      4.7734     0.58594     0.44531           0           0
0.50781      4.8047     0.58594     0.44531           0           0
0.57031      4.8047     0.63281     0.42188           0           0
0.60938      4.8281     0.63281     0.42188           0           0
0.64844      4.8516     0.63281     0.42188           0           0
0.6875      4.8828     0.63281     0.42188           0           0
0.76563      4.8594     0.69531     0.39063           0           0
0.8125      4.8828     0.69531     0.39063           0           0
0.83594      4.9219     0.67188     0.39063           0           0
0.875      4.9453     0.67188     0.39063           0           0
0.92188      4.9688     0.67188     0.39063           0           0
1.7344      5.0078      1.0703     0.17188           0           0
1.9375      4.9375      1.2891     0.03125           0           0
2.0156      4.9375      1.2891     0.03125           0           0
1.9844      4.9453       1.125    0.085938           0           0
2.0625      4.9141      1.1563    0.054688           0           0
2.1406      4.8828      1.1797    0.023438           0           0
2.21094       4.8733       1.17969     0.0234375            0            0
2.1797      4.8984      1.0313    0.085938           0           0
2.2578      4.8594      1.0703    0.046875           0           0
2.3516      4.8281       1.125   0.0078125           0           0
2.3828      4.8125      1.0781    0.023438           0           0
2.4688      4.7734      1.0781    -0.48438           0           0
2.5156      4.7266      1.0469    -0.54688           0           0
2.5469      4.6875           1    -0.53906           0           0
2.5781      4.6563     0.96094    -0.53125           0           0
2.6406      4.6016     0.97656    -0.55469           0           0
2.7344      4.5313      1.0469      -0.625           0           0
2.7578         4.5     0.98438    -0.60156           0           0
2.8047      4.4531     0.96875    -0.60938           0           0
2.8516      4.4141     0.95313    -0.61719           0           0
2.8828       4.375     0.91406    -0.60156           0           0
2.9375      4.3438     0.91406    -0.60156           0           0
2.9688      4.3125     0.86719    -0.59375           0           0
3.0547      4.2344      0.9375    -0.67188           0           0
3.1094      4.1953      0.9375    -0.67188           0           0
3.1641      4.1484     0.92969    -0.71094           0           0
3.2188      4.1016     0.92969    -0.71094           0           0
3.2578      4.0625     0.89844    -0.71875           0           0
3.3125      4.0156     0.89844    -0.71875           0           0
3.3672      3.9766     0.89844    -0.71875           0           0
3.4219      3.9297     0.89844    -0.71875           0           0
3.5391      3.8438     0.96875    -0.88281           0           0
3.5938      3.7891     0.96875    -0.88281           0           0
3.6563      3.7344     0.96875    -0.88281           0           0
3.7109      3.6875     0.96875    -0.88281           0           0
3.7734      3.6328     0.96875    -0.88281           0           0
3.8281      3.5781     0.96875    -0.88281           0           0
3.8828      3.5313     0.92969     -1.0078           0           0
3.9375      3.4688     0.92969     -1.0078           0           0
3.9922      3.4063     0.92969     -1.0078           0           0
4.0547      3.3516     0.92969     -1.0078           0           0
4.1094      3.2891     0.92969     -1.0078           0           0
4.1641      3.2266     0.92969     -1.0078           0           0
4.2188      3.1641     0.92969     -1.0078           0           0
4.2734      3.1016     0.92969     -1.0078           0           0
4.3281      3.0469     0.92969     -1.0078           0           0
4.3906      2.9844     0.92969     -1.0078           0           0
4.1406      3.1797     0.61719    -0.76563           0           0
4.1797      3.1406     0.61719    -0.76563           0           0
4.2188      3.0938     0.61719    -0.76563           0           0
4.2578      3.0469     0.61719    -0.76563           0           0
4.2891           3     0.61719    -0.76563           0           0
4.3281      2.9531     0.61719    -0.76563           0           0
4.3672      2.9063     0.61719    -0.76563           0           0
4.4063      2.8594     0.61719    -0.76563           0           0
4.4453      2.8125     0.61719    -0.76563           0           0
4.2109      3.0781     0.36719    -0.46094           0           0
4.2344      3.0547     0.36719    -0.46094           0           0
4.2578      3.0234     0.36719    -0.46094           0           0
4.2813           3     0.36719    -0.46094           0           0
4.1875      3.2422     0.23438    -0.27344           0           0
4.2031      3.2266     0.23438    -0.27344           0           0
4.2188      3.2109     0.23438    -0.27344           0           0
4.0703      3.3516      0.0625   -0.054688           0           0
4.0703      3.3516      0.0625   -0.054688           0           0
4.0781      3.3516      0.0625   -0.054688           0           0
4.0781      3.3438      0.0625   -0.054688           0           0
4.0859      3.3438      0.0625   -0.054688           0           0
4.0859      3.3359      0.0625   -0.054688           0           0
