2.647966476191625 2.305162473503019 0.5924027314910215 0.0729466294850327
2.6838889465928233 2.3205070173712827 0.5856369080239556 0.0768528794850327
2.690654770059889 2.3166007673712827 0.5692456876227578 0.09533745295209864
2.7226709904610864 2.3251794877724805 0.5692456876227578 0.09533745295209864
2.7614530343293504 2.3298519581736783 0.5692456876227578 0.09533745295209864
2.782797181263482 2.3355711051078103 0.562479864155692 0.09924370295209864
2.801281754730548 2.351962325509008 0.5393228202874282 0.12163452641916453
2.8429233720658775 2.34596272244314 0.555714040688626 0.10314995295209864
2.8738929159341415 2.337103545910206 0.558573614155692 0.0924778794850327
2.9059091363353393 2.3456822663114036 0.558573614155692 0.0924778794850327
2.934019106736537 2.3474951632455356 0.551807790688626 0.0963841294850327
2.9322062098024055 2.3756051336467334 0.5133062029520986 0.15469742335329642
2.972801150604801 2.3521676336467334 0.5354165702874282 0.11486870295209864
3.0183490179401304 2.352933854047931 0.551807790688626 0.0963841294850327
3.0425527383413282 2.347980927514997 0.5614331876227578 0.08180580601796675
3.07170938527546 2.3672317213832605 0.5450419672215601 0.1002903794850327
3.072756061808394 2.3846696183173925 0.2518679090838349 -0.23562698467065923
3.086287708742526 2.3768571183173925 0.4724308060179667 0.11514915908383491
3.118303929143724 2.3854358387185903 0.4724308060179667 0.11514915908383491
3.1289760026107896 2.388295412185656 0.48624290908383483 0.17032242335329642
3.1542263995449216 2.400780382586854 0.48624290908383483 0.17032242335329642
3.1862426199461193 2.4093591029880517 0.48624290908383483 0.17032242335329642
3.230743810748515 2.392687426455118 0.5218849233532964 0.12268120295209864
3.235696737281449 2.4168911468563157 0.22194504174850527 -0.20932991120359332
3.2520879576826465 2.3984065733892495 0.22194504174850527 -0.20932991120359332
3.2531346342155807 2.4158444703233815 0.44850754174850527 0.18308784988623047
3.258087560748515 2.4400481907245792 0.4342096744131756 0.2364482172215601
3.3025887515509105 2.423376514191645 0.47375793868263705 0.19557282028742826
3.327839148485042 2.435861484592843 0.47375793868263705 0.19557282028742826
3.3598553688862403 2.4444402049940406 0.47375793868263705 0.19557282028742826
3.385105765820372 2.4569251753952384 0.47375793868263705 0.19557282028742826
3.410356162754504 2.469410145796436 0.47375793868263705 0.19557282028742826
3.4462786331557016 2.4847546896647 0.47375793868263705 0.19557282028742826
3.471529030089833 2.497239660065898 0.47375793868263705 0.19557282028742826
3.44055948622157 2.5060988365988317 0.4206780274790437 0.24426071722156006
3.459044059688636 2.5224900570000295 0.4206780274790437 0.24426071722156006
3.4842944566227674 2.5349750274012273 0.4206780274790437 0.24426071722156006
3.528795647425163 2.5183033508682935 0.45736671828143927 0.2140573937544942
3.560811867826361 2.5268820712694913 0.45736671828143927 0.2140573937544942
3.5860622647604927 2.539367041670689 0.45736671828143927 0.2140573937544942
3.6152189116946243 2.5586178355389526 0.45736671828143927 0.2140573937544942
3.62198473516169 2.5547115855389526 0.4506008948143734 0.2179636437544942
3.647235132095822 2.5671965559401504 0.4506008948143734 0.2179636437544942
3.68315760249702 2.582541099808414 0.4506008948143734 0.2179636437544942
3.708407999431152 2.5950260702096117 0.4506008948143734 0.2179636437544942
3.733658396365284 2.6075110406108095 0.4506008948143734 0.2179636437544942
3.747956263700613 2.55415067327548 0.47947708561676894 0.17422867335329642
3.779972484101811 2.562729393676678 0.47947708561676894 0.17422867335329642
3.805222881035943 2.575214364077876 0.47947708561676894 0.17422867335329642
3.8739277922395363 2.5535897610120077 0.5112128498862304 0.1198216294850327
3.9280543799760634 2.5223397610120077 0.540089040688626 0.07608665908383491
3.9561643503772617 2.5241526579461393 0.542948614155692 0.06541458561676897
3.9949463942455252 2.5288251283473375 0.542948614155692 0.06541458561676897
4.023056364646723 2.530638025281469 0.542948614155692 0.06541458561676897
4.056885481982053 2.511106775281469 0.5554335845568897 0.04016418868263713
4.078229628916184 2.5168259222156006 0.5458081876227578 0.054742512149703076
4.106339599317382 2.518638819149733 0.5458081876227578 0.054742512149703076
4.145121643185647 2.5233112895509304 0.5458081876227578 0.054742512149703076
4.100900908514987 2.602968730353326 0.45736671828143927 0.2140573937544942
4.10194758504792 2.6204066272874584 0.4409754978802415 0.2325419672215601
4.131104231982053 2.6396574211557216 0.4409754978802415 0.2325419672215601
4.156354628916184 2.6521423915569198 0.4409754978802415 0.2325419672215601
4.246123230922173 2.5732511711557216 0.5304636437544942 0.09066498255090086
4.278139451323371 2.5818298915569198 0.5304636437544942 0.09066498255090086
4.310155671724569 2.590408611958117 0.5304636437544942 0.09066498255090086
4.338265642125767 2.5922215088922496 0.5304636437544942 0.09066498255090086
4.370281862526964 2.600800229293447 0.5304636437544942 0.09066498255090086
4.409063906395229 2.605472699694645 0.5304636437544942 0.09066498255090086
4.437173876796426 2.6072855966287767 0.5304636437544942 0.09066498255090086
4.4691900971976235 2.615864317029974 0.5304636437544942 0.09066498255090086
4.497300067598822 2.6176772139641065 0.5304636437544942 0.09066498255090086
4.536082111467085 2.622349684365304 0.5304636437544942 0.09066498255090086
4.536082111467085 2.622349684365304 0.5304636437544942 0.09066498255090086
4.568098331868283 2.630928404766502 0.5304636437544942 0.09066498255090086
1.4994592235808353 3.347139559119788 0.4714592774790437 0.33221642229341714
1.528615870514967 3.3663903529880517 0.4714592774790437 0.33221642229341714
1.561678767449099 3.3924069703233815 0.4714592774790437 0.33221642229341714
1.5986479143832308 3.425189411125777 0.4714592774790437 0.33221642229341714
1.6491487082514946 3.4501593519281726 0.4985225713473074 0.3165914222934172
1.7868389867904175 3.469895910065898 0.6473706876227578 0.23065392229341716
1.8159956337245493 3.4891467039341615 0.629932790688626 0.23170059882635122
1.851918104125747 3.504491247802425 0.629932790688626 0.23170059882635122
2.235907440802395 3.7789552884910513 0.5604616590838348 0.29887306922754897
2.279642411203593 3.807831479293447 0.5437899825509008 0.2543718784251534
2.3155648816047907 3.8231760231617105 0.5437899825509008 0.2543718784251534
2.3892227193413182 3.8257551404970402 0.6075419672215601 0.20854355495808755
2.429051439742516 3.8478655078323696 0.5968698937544942 0.2056839814910216
2.4717397336107796 3.8593038017006336 0.610401540688626 0.1978714814910216
2.514428027479043 3.870742095568897 0.610401540688626 0.1978714814910216
2.546444247880241 3.879320815970095 0.610401540688626 0.1978714814910216
2.5823667182814387 3.894665359838359 0.610401540688626 0.1978714814910216
2.6250550121497027 3.906103653706622 0.610401540688626 0.1978714814910216
2.6570712325509005 3.9146823741078203 0.610401540688626 0.1978714814910216
2.792668158023955 3.8995431383772816 0.7300930100299445 0.0926831876227579
2.842122275359285 3.9070751822455456 0.7300930100299445 0.0926831876227579
2.896248863095812 3.8758251822455456 0.7589692008323401 0.04894821722156012
2.941796730431142 3.876591402646743 0.7589692008323401 0.04894821722156012
2.9873445977664717 3.877357623047941 0.7589692008323401 0.04894821722156012
3.036798715101801 3.8848896669162043 0.7589692008323401 0.04894821722156012
3.0927381997724606 3.825529696515007 0.7974707885688676 -0.009365076646703552
3.145051890574856 3.8223896669162043 0.7974707885688676 -0.009365076646703552
3.184880610976054 3.844500034251534 0.7771733181676698 0.0023536733532964482
3.2304284783113832 3.8452662546527323 0.7771733181676698 0.0023536733532964482
3.282742169113779 3.8421262250539296 0.7771733181676698 0.0023536733532964482
4.005919059688635 3.4697053423892594 1.012855314988032 -0.3863081337245495
4.14667421983235 3.3072504311856665 1.131985872065878 -0.6174679561317362
4.214332454503008 3.2681879311856665 1.131985872065878 -0.6174679561317362
4.191175410634745 3.2905787546527323 1.0172473292574935 -0.48807594186227465
4.243208645305405 3.2244529607844683 1.0286856231257573 -0.5307642357305384
4.295241879976063 3.1583271669162043 1.033358093526955 -0.5695462795988021
4.356134291179657 3.1231709169162043 1.033358093526955 -0.5695462795988021
4.336883497311393 3.1523275638503367 0.9360574476527024 -0.44120094186227465
4.385010481982053 3.079435946515007 0.950355314988032 -0.4945613091976043
4.450575363586844 3.005497652646743 0.9781848292574935 -0.555734176532934
4.469826157455108 2.9763410057126114 0.9454023884550979 -0.5187650295988021
4.524718965592832 2.8995431383772816 0.6914961384550979 -0.9585435549580874
4.541876406395229 2.835510697574886 0.6331828445868344 -0.9970451426946147
4.549408450263492 2.7860565802395563 0.5964941537844388 -0.966841819227549
4.560846744131755 2.743368286371293 0.566571286449109 -0.940544745760483
4.587629581868283 2.664757522101832 0.568384183383241 -0.9686547161616808
4.587629581868283 2.664757522101832 0.568384183383241 -0.9686547161616808
4.633663213473074 2.556990110898238 0.5941203445868344 -1.064703377365274
4.638335683874272 2.518208067029974 0.5517125068503068 -1.0131559069640763
4.655493124676667 2.4541756262275785 0.534274609916175 -1.0121092304311423
4.6765568154790635 2.3969090088922496 0.5168367129820433 -1.0110625538982083
4.684088859347327 2.3474548915569198 0.49082009564671353 -0.9779996569640763
4.715824623616788 2.2930478476886558 0.49082009564671353 -0.9779996569640763
4.727262917485052 2.2503595538203918 0.45413140484431797 -0.9477963334970105
4.762624475622777 2.139732569149733 0.4759613160479113 -1.0506108181676697
4.790453989892239 2.0785597018144033 0.4759613160479113 -1.0506108181676697
4.8143772541617 2.0106210110120077 0.4496642425808454 -1.0805336855029994
4.838300518431161 1.942682320209612 0.4496642425808454 -1.0805336855029994
4.852598385766491 1.8893219528742826 0.41869469871258175 -1.0716745089700652
4.8765216500359525 1.821383262071887 0.41869469871258175 -1.0716745089700652
4.904351164305415 1.7602103947365573 0.41869469871258175 -1.0716745089700652
4.928274428574876 1.6922717039341617 0.41869469871258175 -1.0716745089700652
4.9867930305808645 1.5592538957964364 0.3975558599161751 -1.2489130517784497
5.006810044850327 1.484549381526975 0.3975558599161751 -1.2489130517784497
5.033592882586854 1.4059386172575137 0.3975558599161751 -1.2489130517784497
5.057516146856315 1.3379999264551181 0.3975558599161751 -1.2489130517784497
5.084298984592842 1.2593891621856563 0.3975558599161751 -1.2489130517784497
5.104315998862305 1.184684647916195 0.3975558599161751 -1.2489130517784497
5.128239263131766 1.1167459571137994 0.3012267425808455 -1.3376349772515046
5.144350027401227 1.0352756193772719 0.3012267425808455 -1.3376349772515046
5.160460791670689 0.9538052816407447 0.3012267425808455 -1.3376349772515046
5.187243629407216 0.8751945173712832 0.3012267425808455 -1.3376349772515046
5.203354393676678 0.793724179634756 0.3012267425808455 -1.3376349772515046
5.219465157946139 0.7122538418982285 0.3012267425808455 -1.3376349772515046
5.235575922215601 0.6307835041617009 0.3012267425808455 -1.3376349772515046
5.251686686485062 0.5493131664251738 0.3012267425808455 -1.3376349772515046
5.271703700754523 0.474608652155712 0.3012267425808455 -1.3376349772515046
5.294580288491051 0.3892320644191849 0.3012267425808455 -1.3376349772515046
5.175730187544941 0.6833776510958329 0.15168755389820837 -0.9716444497724608
5.190028054880271 0.6300172837605031 0.15168755389820837 -0.9716444497724608
5.200419672215601 0.5698910929581076 0.15168755389820837 -0.9716444497724608
5.21081128955093 0.509764902155712 0.15168755389820837 -0.9716444497724608
5.2144370834191935 0.45354496135331646 0.15168755389820837 -0.9716444497724608
5.224828700754523 0.3934187705509209 0.15168755389820837 -0.9716444497724608
5.235220318089853 0.33329257974852533 0.15168755389820837 -0.9716444497724608
5.245611935425183 0.27316638894612977 0.15168755389820837 -0.9716444497724608
5.256003552760513 0.2130401981437342 0.15168755389820837 -0.9716444497724608
5.185841348748535 0.560265696023976 0.08752495295209864 -0.5827773345568897
5.194420069149732 0.5282494756227782 0.08752495295209864 -0.5827773345568897
5.19909253955093 0.48946743175451424 0.08752495295209864 -0.5827773345568897
5.207671259952128 0.45745121135331646 0.08752495295209864 -0.5827773345568897
5.247575128347337 0.7140667388323605 0.06625595401197784 -0.35399132134730743
5.253294275281469 0.6927225918982285 0.06625595401197784 -0.35399132134730743
5.259013422215601 0.6713784449640965 0.06625595401197784 -0.35399132134730743
5.200775276341348 0.8673820173712832 0.026782837736527423 -0.0786107642694615
5.200775276341348 0.8673820173712832 0.026782837736527423 -0.0786107642694615
5.207541099808414 0.8634757673712832 0.026782837736527423 -0.0786107642694615
5.203634849808414 0.8567099439042174 0.026782837736527423 -0.0786107642694615
5.21040067327548 0.8528036939042174 0.026782837736527423 -0.0786107642694615
5.20649442327548 0.8460378704371516 0.026782837736527423 -0.0786107642694615
