3.3843395454191745 2.502473042730568 0.5450419672215601 0.1002903794850327
2.1864533234670653 3.7714232446227873 0.39918358455688974 -0.23046874999999997
2.2218148816047907 3.660796259952128 0.46293556922754897 -0.2762970734670659
2.2488781754730542 3.645171259952128 0.46293556922754897 -0.2762970734670659
2.2759414693413182 3.629546259952128 0.46293556922754897 -0.2762970734670659
2.3867737621497027 3.4933884222156006 0.5922524355029994 -0.3960636908023955
2.3768679090838343 3.444980981413205 0.5612828916347357 -0.38720451426946145
2.3544770856167685 3.4218239375449415 0.5042967304311423 -0.3452824408023955
2.369821629485032 3.3859014671437437 0.4975309069640764 -0.3413761908023955
2.385166173353296 3.349978996742546 0.48685883349701053 -0.34423576426946145
2.3908853202874276 3.328634849808414 0.45302971616168086 -0.32470451426946145
2.4179486141556916 3.313009849808414 0.45302971616168086 -0.32470451426946145
2.4304335845568894 3.2877594528742824 0.4327322457604831 -0.31298576426946145
2.442918554958087 3.2625090559401504 0.658248069227549 0.0619940998862305
2.4874197457604827 3.245837379407216 0.6980767896287468 0.08410446722156012
2.4874197457604827 3.245837379407216 0.6980767896287468 0.08410446722156012
2.5358271865628783 3.235931526341348 0.7212338334970105 0.06171364375449423
2.580328377365274 3.219259849808414 0.7308592304311423 0.047135320287428284
2.6112979212335374 3.21040067327548 0.7308592304311423 0.047135320287428284
2.770051890574856 3.1728706140778757 0.40176270189221935 -0.3041265877365274
2.679722376305395 3.1257903059401504 0.5510415702874282 0.1419319968203623
2.729176493640724 3.133322349808414 0.5762919672215601 0.1544169672215601
2.757286464041922 3.135135246742546 0.5762919672215601 0.1544169672215601
2.788256007910186 3.1262760702096117 0.5926831876227578 0.1359323937544942
2.8202722283113832 3.1348547906108095 0.33619782028742823 -0.23018829386826367
2.8213189048443175 3.1522926875449415 0.5026341294850326 0.15183784988623047
2.8533351252455152 3.1608714079461393 0.5026341294850326 0.15183784988623047
2.893930066047911 3.1374339079461393 0.3177132468203623 -0.24657951426946145
2.9441504037844384 3.0994180844790735 0.3551681580239556 -0.322330705071857
2.960541624185636 3.0809335110120073 0.3551681580239556 -0.322330705071857
3.0203873588562953 3.0283393640778757 0.41006096616168086 -0.39912857240718663
3.080233093526955 2.9757452171437437 0.4581879508323401 -0.47202018974251625
3.1130155343293504 2.9387760702096117 0.467813347766472 -0.4865985132095822
3.1429384016646797 2.912478996742546 0.467813347766472 -0.4865985132095822
3.222034930203603 2.8307282028742824 0.5409102732395268 -0.6099909244131756
3.2548173710059984 2.7937590559401504 0.5409102732395268 -0.6099909244131756
3.3203822526107896 2.719820762071887 0.5744589344431201 -0.692507938682637
3.3396330464790536 2.690664115137755 0.5473956405748565 -0.676882938682637
3.379181310748515 2.649788718203623 0.5531147875089883 -0.6982270856167689
3.4148233250179763 2.602147497802425 0.5531147875089883 -0.6982270856167689
3.440839942353306 2.5690846008682935 0.5346302140419223 -0.7146183060179667
3.4697161331557016 2.5253496304670957 0.5239581405748565 -0.7174778794850326
3.5121239708922287 2.473802160065898 0.5257710375089883 -0.7455878498862304
3.5410001616946243 2.4300671896647 0.5150989640419223 -0.7484474233532963
3.576642175964086 2.3824259692635024 0.5072864640419223 -0.7619790702874282
3.6151437637006136 2.3241126753952384 0.5187247579101861 -0.8046673641556918
3.650785777970075 2.2764714549940406 0.5187247579101861 -0.8046673641556918
3.6536453514371408 2.265799381526975 0.4666915232395268 -0.7385415702874282
3.6757557187724705 2.2259706611257775 0.4560194497724609 -0.7414011437544941
3.704631909574866 2.1822356907245792 0.4560194497724609 -0.7414011437544941
3.7142573065089977 2.1676573672575135 0.41256493550299944 -0.7072915702874282
3.743133497311393 2.123922396856316 0.41256493550299944 -0.7072915702874282
3.768103438113789 2.073421602988052 0.40761200897006533 -0.731495290688626
3.7777288350479212 2.0588432795209863 0.3758762447006039 -0.6770882468203623
3.7998392023832506 2.019014559119788 0.3758762447006039 -0.6770882468203623
3.780868864646723 2.111156970323382 0.2827623049580875 -0.47899132134730743
3.796213408514987 2.0752344999221837 0.2827623049580875 -0.47899132134730743
3.84538706971858 2.0197807795209863 0.30563889269461497 -0.5643679090838348
3.891701157455108 1.9749991325868541 0.31603051002994453 -0.6244940998862304
3.9138115247904377 1.9351704121856563 0.31603051002994453 -0.6244940998862304
3.9099052747904377 1.9284045887185906 0.2842947457604831 -0.5700870560179667
3.9320156421257666 1.8885758683173928 0.2842947457604831 -0.5700870560179667
3.9512664359940306 1.8594192213832608 0.2842947457604831 -0.5700870560179667
3.9666109798622946 1.823496750982063 0.2842947457604831 -0.5700870560179667
4.0311291849341515 1.7321205601796674 0.3107971273652742 -0.7116835845568896
4.0311291849341515 1.7321205601796674 0.3107971273652742 -0.7116835845568896
4.0425674788024155 1.6894322663114039 0.3107971273652742 -0.7116835845568896
4.064677846137744 1.649603545910206 0.3107971273652742 -0.7116835845568896
4.0467541849341515 1.7591838540479314 0.23226151108982382 -0.503961262149703
4.0620987288024155 1.7232613836467336 0.23226151108982382 -0.503961262149703
4.074583699203613 1.6980109867126016 0.23226151108982382 -0.503961262149703
4.089928243071877 1.6620885163114039 0.23226151108982382 -0.503961262149703
4.074864155335349 1.760996750982063 0.16411751214970305 -0.35636513054491187
4.091255375736547 1.7425121775149972 0.16411751214970305 -0.35636513054491187
4.142241933874272 1.6589484867126016 0.19557282028742826 -0.47375793868263705
4.193508948143734 1.6383705601796674 0.20024529068862604 -0.5125399825509008
4.208853492011998 1.6024480897784696 0.20024529068862604 -0.5125399825509008
4.217432212413195 1.5704318693772719 0.20024529068862604 -0.5125399825509008
4.217432212413195 1.5704318693772719 0.20024529068862604 -0.5125399825509008
4.229917182814393 1.5451814724431403 0.20024529068862604 -0.5125399825509008
4.2452617266826564 1.5092590020419425 0.20024529068862604 -0.5125399825509008
4.253840447083855 1.4772427816407447 0.20024529068862604 -0.5125399825509008
4.266325417485052 1.4519923847066127 0.20024529068862604 -0.5125399825509008
4.289687769491041 1.258082165365294 0.2272334365628787 -0.7626701426946149
4.292266886826371 1.184424327628767 0.2183742600299446 -0.7936396865628785
4.314657710293437 1.2075813714970305 0.1994039222934172 -0.7014972753592852
4.3260960041617 1.164893077628767 0.1994039222934172 -0.7014972753592852
4.337534298029964 1.122204783760503 0.1994039222934172 -0.7014972753592852
4.348972591898228 1.0795164898922394 0.1994039222934172 -0.7014972753592852
4.399959150035953 0.9959527990898438 0.1920771865628787 -0.8235625538982083
4.414257017371282 0.942592431754514 0.1920771865628787 -0.8235625538982083
4.425695311239546 0.8999041378862505 0.1920771865628787 -0.8235625538982083
4.451711928574876 0.8668412409521185 0.1668267896287468 -0.8360475242994061
4.45924397244314 0.8173871236167891 0.1668267896287468 -0.8360475242994061
4.466776016311403 0.7679330062814593 0.1668267896287468 -0.8360475242994061
4.481073883646733 0.7145726389461295 0.1668267896287468 -0.8360475242994061
4.481073883646733 0.7145726389461295 0.1668267896287468 -0.8360475242994061
4.488605927514997 0.6651185216108002 0.1668267896287468 -0.8360475242994061
4.49613797138326 0.6156644042754704 0.1668267896287468 -0.8360475242994061
4.51043583871859 0.5623040369401406 0.1668267896287468 -0.8360475242994061
4.517967882586854 0.5128499196048113 0.1668267896287468 -0.8360475242994061
4.525499926455118 0.4633958022694815 0.1668267896287468 -0.8360475242994061
4.539797793790447 0.41003543493415173 0.1668267896287468 -0.8360475242994061
4.547329837658711 0.3605813175988224 0.1668267896287468 -0.8360475242994061
