0.09363997570059379 1.443439195532944 0.02420372040119778 -0.004952926532934071
0.0829679022335279 1.440579622065878 0.006765823467065927 -0.0039062499999999996
0.08973372570059379 1.436673372065878 0.017437896934131853 -0.0010466765329340717
0.08582747570059379 1.4299075485988122 0.017437896934131853 -0.0010466765329340717
0.09259329916765979 1.4260012985988122 0.02420372040119778 -0.004952926532934071
0.09259329916765979 1.4260012985988122 0.02420372040119778 -0.004952926532934071
0.09649954916765979 1.432767122065878 0.02420372040119778 -0.004952926532934071
0.12746909303592346 1.423907945532944 0.06975158773652741 -0.004186706131736287
0.13918784303592346 1.4442054159341418 0.08328323467065928 -0.011999206131736283
0.14700034303592346 1.4577370628682735 0.07651741120359334 -0.008092956131736283
0.15376616650298935 1.4538308128682735 0.07651741120359334 -0.008092956131736283
0.13060912263472568 1.4762216363353395 0.02420372040119778 -0.004952926532934071
0.15795287263472568 1.523582400604801 0.25781249999999994 0.4465443488263512
0.1493741522335279 1.5555986210059989 0.020577926532934068 0.051267014269461494
0.1532804022335279 1.5623644444730647 0.020577926532934068 0.051267014269461494
0.158233328766462 1.5865681648742624 0.2054988091976044 0.4496843784251534
0.173858328766462 1.6136314587425262 0.2054988091976044 0.4496843784251534
0.24340460836526423 1.7809641484850425 0.23856170613173625 0.4757009957604831
0.2892329318323301 1.8447161331557018 0.258859176532934 0.4639822457604831
0.3048579318323301 1.8717794270239656 0.258859176532934 0.4639822457604831
0.3436399757005938 1.8764518974251634 0.29659454386826367 0.45121681922754897
0.3717499461017916 1.8782647943592952 0.3140324408023955 0.4501701426946149
0.3873749461017916 1.905328088227559 0.3140324408023955 0.4501701426946149
0.4029999461017916 1.9323913820958225 0.3140324408023955 0.4501701426946149
0.4292970195688576 1.9623142494311523 0.3140324408023955 0.4501701426946149
0.4449220195688576 1.9893775432994159 0.3140324408023955 0.4501701426946149
0.46731284303592346 2.0125345871676794 0.3140324408023955 0.4501701426946149
0.524579460371253 2.033598277970075 0.3681590285389229 0.4189201426946149
0.5469702838383189 2.056755321838339 0.3681590285389229 0.4189201426946149
0.5732673573053848 2.0866781891736683 0.3681590285389229 0.4189201426946149
0.5956581807724508 2.1098352330419323 0.3681590285389229 0.4189201426946149
0.6180490042395167 2.132992276910196 0.3681590285389229 0.4189201426946149
0.6529247981077804 2.130898923844328 0.39131607240718663 0.39652931922754897
0.6753156215748464 2.1540559677125914 0.39131607240718663 0.39652931922754897
0.7927084297125715 2.185511275850317 0.4938501009461096 0.35537346616168086
0.8218650766467034 2.2047620697185804 0.4938501009461096 0.35537346616168086
0.8510217235808353 2.2240128635868444 0.4938501009461096 0.35537346616168086
0.8619742531796375 2.2898582013233715 0.21002098361078003 -0.05810798573053849
0.8591146797125715 2.3005302747904377 0.17123893974251633 -0.06278045613173627
0.8658805031796375 2.2966240247904377 0.17123893974251633 -0.06278045613173627
0.8388172093113737 2.3122490247904377 0.10253402853892299 -0.041155853065868137
0.8455830327784397 2.3083427747904377 0.10253402853892299 -0.041155853065868137
0.8523488562455056 2.3044365247904377 0.10253402853892299 -0.041155853065868137
0.8591146797125715 2.3005302747904377 0.10253402853892299 -0.041155853065868137
0.8658805031796375 2.2966240247904377 0.10253402853892299 -0.041155853065868137
0.86253516544311 2.4158297298622946 0.22656249999999997 0.3924177610898238
0.87816016544311 2.442893023730558 0.22656249999999997 0.3924177610898238
0.88987891544311 2.463190494131756 0.22656249999999997 0.3924177610898238
0.90550391544311 2.49025378800002 0.22656249999999997 0.3924177610898238
0.9841146797125715 2.517036625736547 0.33900238160479107 0.3996693488263512
1.0065055031796375 2.540193669604811 0.33900238160479107 0.3996693488263512
1.0288963266467035 2.5633507134730746 0.33900238160479107 0.3996693488263512
1.0445213266467035 2.590414007341338 0.33900238160479107 0.3996693488263512
1.0775842235808353 2.616430624676668 0.3525340285389229 0.3918568488263512
1.0856771797125715 2.6929480358802613 0.30126701426946145 0.4124347753592853
1.1013021797125715 2.720011329748525 0.30126701426946145 0.4124347753592853
1.1596154735808353 2.7585129174850525 0.345768205071857 0.3957630988263512
1.1820062970479013 2.781669961353316 0.345768205071857 0.3957630988263512
1.2634766347844286 2.797780725622778 0.4240985132095822 0.35956017229341714
1.2858674582514946 2.8209377694910414 0.4240985132095822 0.35956017229341714
1.3150241051856264 2.840188563359305 0.4240985132095822 0.35956017229341714
1.3374149286526924 2.863345607227569 0.4240985132095822 0.35956017229341714
1.3665715755868242 2.8825964010958325 0.4240985132095822 0.35956017229341714
1.3889623990538902 2.905753444964096 0.4240985132095822 0.35956017229341714
1.422025295988022 2.931770062299426 0.4240985132095822 0.35956017229341714
1.521699751059879 2.9012862827006236 0.528445438682637 0.2902943488263512
1.5362780745269449 2.9109116796347556 0.5110075417485052 0.2913410253592853
1.5469501479940109 2.9137712531018214 0.4974758948143733 0.2991535253592853
1.5615284714610769 2.9233966500359534 0.4907100713473074 0.3030597753592853
1.5896384418622747 2.925209546970085 0.4974758948143733 0.2991535253592853
1.6508113091976042 2.9530390612395467 0.520632938682637 0.2767627018922194
1.701312103065868 2.9780090020419423 0.5409304090838348 0.2650439518922194
1.7546724704011976 2.9923068693772716 0.5843849233532964 0.23093437842515344
1.8147986612035931 3.0026984867126014 0.6075419672215601 0.20854355495808755
1.857486955071857 3.014136780580865 0.621073614155692 0.20073105495808755
1.8934094254730547 3.029481324449129 0.614307790688626 0.20463730495808755
2.141726688682637 3.0845794407245792 0.6403244080239556 0.17157440802395565
2.1950870560179663 3.098877308059909 0.6460435549580875 0.15023026108982382
2.2377753498862303 3.1103156019281726 0.6460435549580875 0.15023026108982382
2.2968548641556916 3.1032693223293704 0.9345451426946149 0.5249296691137795
2.3512619080239556 3.1350050865988317 0.9345451426946149 0.5249296691137795
2.414247672293417 3.1347246304670957 0.7272334365628786 0.10335526108982385
2.4637017896287468 3.1422566743353593 0.7272334365628786 0.10335526108982385
2.5024838334970103 3.146929144736557 0.7272334365628786 0.10335526108982385
2.6487528324371308 3.1346494824730846 1.080253229371263 0.38667847831138397
2.7302231701736583 3.150760246742546 1.1005506997724608 0.37495972831138397
2.798161860976054 3.1746835110120073 1.1005506997724608 0.37495972831138397
2.8728663752455152 3.194700525281469 1.1062698467065928 0.3536155813772521
2.936898816047911 3.2118579660838646 1.1062698467065928 0.3536155813772521
3.0009312568503064 3.22901540688626 1.1023635967065928 0.3468497579101862
3.061057447652702 3.2394070242215895 1.1119889936407246 0.3322714344431202
3.1375748588562953 3.2313140680898536 1.1312397875089883 0.3031147875089884
3.228670593526955 3.232846508892249 1.160115978311384 0.2593798171077906
3.3169067547305477 3.2450510231617105 1.1726009487125817 0.23412942017365873
3.3877050190000095 3.258302213964106 1.1726009487125817 0.23412942017365873
3.458503283269471 3.2715534047665016 1.1726009487125817 0.23412942017365873
3.544646091407196 3.2488821251676994 1.207196286449109 0.16905030283832906
3.6154443556766576 3.262133315970095 1.207196286449109 0.16905030283832906
3.7226508546167785 3.182195419035963 1.0071361680539002 -0.36496398679041764
3.787449515820372 3.153804992503029 1.0071361680539002 -0.36496398679041764
3.8946560147604927 3.073867095568897 1.3434842843293506 -0.12614196037125314
3.977939249431152 3.0618678894371607 1.3434842843293506 -0.12614196037125314
4.061988704503008 3.004320815970095 1.3752200485988122 -0.1805490042395168
4.145271939173668 2.992321609838359 1.3752200485988122 -0.1805490042395168
4.221789350377262 2.984228653706622 1.3752200485988122 -0.1805490042395168
4.339667922784448 2.9071503302395563 1.416300753670669 -0.31252013584430793
4.425810730922173 2.8844790506407545 1.416300753670669 -0.31252013584430793
4.511953539059899 2.861807771041952 1.416300753670669 -0.31252013584430793
4.595236773730558 2.849808564910216 1.416300753670669 -0.31252013584430793
4.65822253800002 2.84952810877848 1.3639870628682735 -0.3093801062455057
4.735506169604811 2.795887285311413 1.08301751900001 -0.733533631604791
4.8060239777425355 2.7461527118443474 1.08301751900001 -0.733533631604791
4.861683006281458 2.6238069771736887 1.0590191067365373 -0.9001001009461096
4.9282945644191845 2.5673065802395563 1.0590191067365373 -0.9001001009461096
4.988140299089843 2.5147124333054247 1.0590191067365373 -0.9001001009461096
5.0547518572275685 2.458212036371293 1.0590191067365373 -0.9001001009461096
5.1728357377724805 2.209614317029974 1.0932588403473174 -1.2626701426946147
5.245166442844337 2.131769773161711 1.0932588403473174 -1.2626701426946147
5.321889162185656 1.9521574211557218 1.0806987219521085 -1.471924905904197
5.380407764191645 1.8191396130179964 1.0580274423533063 -1.5580677140419223
5.4157693223293695 1.7085126283473373 1.0317303688862403 -1.587990581377252
5.470381674335359 1.5687289967425462 1.008012412754504 -1.691571286449109
5.521087776341348 1.4221795416706895 0.9842944566227679 -1.795151991520966
5.566074731413205 1.2969742335329641 0.9501848831557019 -1.8386065057904275
5.61182790688626 1.1262210580599095 0.9204673239580975 -1.9838288281976144
5.6318449211557216 1.0515165437904477 0.8723403392874381 -1.9109372108622846
5.6846443762275785 0.9398428825868543 0.8723403392874381 -1.9109372108622846
5.740303404766501 0.8174971479161952 0.8723403392874381 -1.9109372108622846
5.743929198634765 0.7612772071137996 0.7552279872814492 -1.8794067547305482
5.7639462129042265 0.6865726928443383 0.7273984730119879 -1.8182338873952189
5.772524933305425 0.6545564724431405 0.6969898414071968 -1.6834031823233615
5.803214021041952 0.582711531640745 0.670973224071867 -1.6503402853892297
5.846388079179677 0.4856161939042174 0.670973224071867 -1.6503402853892297
5.8856558873174025 0.38175503270062405 0.670973224071867 -1.6503402853892297
5.903654696515007 0.506679884706613 0.6356868139281528 -1.3052081405748563
5.9411096077186 0.4309286939042174 0.6356868139281528 -1.3052081405748563
5.9637808873174025 0.5170715020419427 0.6086986680539002 -1.0550779804311423
5.99837622505393 0.45199238470661296 0.6086986680539002 -1.0550779804311423
6.032971562790458 0.3869132673712832 0.6086986680539002 -1.0550779804311423
6.048596562790458 0.4139765612395472 0.566571286449109 -0.940544745760483
6.080332327059919 0.3595695173712832 0.566571286449109 -0.940544745760483
6.118833914796446 0.3012562235030196 0.566571286449109 -0.940544745760483
6.1505696790659075 0.24684917963475606 0.566571286449109 -0.940544745760483
6.182305443335369 0.19244213576649205 0.566571286449109 -0.940544745760483
6.220807031071897 0.1341288418982285 0.566571286449109 -0.940544745760483
6.252542795341358 0.07972179802996493 0.566571286449109 -0.940544745760483
6.287138133077885 0.014642680694635146 0.566571286449109 -0.940544745760483
6.318873897347347 -0.039764363173628414 0.566571286449109 -0.940544745760483
6.350609661616809 -0.09417140704189242 0.566571286449109 -0.940544745760483
6.389111249353336 -0.15248470091015598 0.566571286449109 -0.940544745760483
